-2.281743 -1.470174 -1.129464 -0.058293 2.472402 0.430917 0.913446 0.766611 -1.376236 0.555137 -0.001289 0.082733 -0.207062 0.906179 0.557931 -0.291979 0.325132 0.307286 -0.104987 0.091274 0.042706 0.007579 -0.244470 0.071055 0.181693 -0.377571
0.282901 -2.400939 -0.887254 -0.884706 -0.778223 1.648036 -0.855198 -0.208325 1.086717 0.013080 -1.836630 0.098295 1.669864 2.416563 -0.435635 -0.801138 -0.599851 -2.334230 0.215229 1.392934 -4.214000 -1.077553 -3.178560 0.058171 -0.106140 0.638098
2.593911 0.507524 0.306420 -0.608449 -0.272748 -0.385819 0.195341 -0.124234 0.708132 0.015378 0.181411 -0.079638 0.256050 -0.065949 0.028418 0.076679 0.070113 0.002529 -0.028704 0.087545 0.072184 0.152847 -0.049908 -0.056396 -0.089558 0.115953
0.849234 2.400650 -0.953973 1.033699 -0.574406 -0.854673 -0.409922 0.490266 0.055644 0.668310 -0.600778 -0.451646 0.190416 0.211192 0.019973 0.014849 0.075841 -0.303609 0.144222 0.215723 0.113929 -0.307075 0.074450 0.338389 -0.194813 -0.703883
2.467452 0.675057 -0.620327 0.243030 -0.590508 -0.094167 0.307742 0.192443 0.569510 0.028836 0.068053 0.183001 -0.061616 -0.530919 -0.475395 -0.002957 0.240540 0.456371 0.078695 -0.227632 0.223395 0.097128 -0.187293 -0.216846 -0.117406 0.144137
-0.015275 -2.773516 -0.626263 -0.819953 0.534005 -0.974037 -0.204807 -1.429607 1.427019 0.464396 -0.211410 0.394039 0.107166 -0.107144 0.190915 -0.009619 -0.133586 -0.005843 0.053821 -0.151420 -0.165890 0.042140 0.223160 -0.124252 0.102783 0.146309
-2.360432 4.270176 -0.481446 2.488481 -0.607033 -1.916936 0.238958 0.310812 -1.635014 0.941765 -0.603162 -0.526797 1.007731 -0.072987 -0.063405 -1.024666 -1.048535 -0.449970 -0.681542 0.203484 0.130501 -0.406079 0.557246 0.665107 0.350076 -0.422397
0.529584 2.657054 -0.189718 1.305992 -0.993976 -1.150929 0.759599 1.018267 0.372370 0.983957 -1.286482 -0.202525 0.096691 0.341555 -0.834340 -0.213851 -0.332040 -0.116469 -0.204687 0.696449 0.664452 -0.277516 0.307225 0.658768 0.104882 -0.804227
-1.806042 -1.130642 -0.108914 2.863272 0.948869 2.338911 2.607785 2.628789 -0.981136 -1.205715 0.236762 -1.160567 -0.442787 0.732349 -0.043231 -0.291577 0.678340 0.517548 0.096286 -0.879931 -0.304826 0.081092 -0.387394 -0.193093 0.159091 0.706907
2.417823 0.213443 -0.484058 0.346151 0.010198 -0.394710 0.041430 -0.039661 0.204866 -0.032461 0.133906 0.009250 0.143220 0.063225 0.385840 -0.015235 -0.324485 -0.119891 -0.035888 -0.160849 0.101751 -0.281877 0.190731 0.162849 0.263647 -0.165331
-0.786518 1.014934 4.288967 1.551728 0.920533 -0.438544 2.613877 0.839625 0.192880 -1.086320 0.345930 -0.804733 -1.246878 -0.254502 -0.544645 -0.718715 0.163858 0.594394 0.380007 -0.437790 -0.498463 0.133301 -0.074204 -0.310354 0.194187 0.184967
3.165560 0.929093 -0.224667 0.107160 -0.679821 -0.475139 0.205989 0.131953 0.699124 0.160747 -0.404221 -0.093844 -0.012107 -0.081220 -0.293337 0.075263 -0.166034 -0.039684 -0.074203 0.111495 0.193095 -0.290399 0.106977 0.245328 0.022729 -0.346700
2.103427 -0.423264 0.605840 0.803862 -0.343539 -0.004883 -0.012539 -0.154577 0.127093 -0.177296 0.186583 0.226215 0.167174 0.041544 0.000630 -0.192040 -0.093765 0.061113 0.109640 -0.119898 0.410705 0.494151 0.013341 -0.046962 0.216897 -0.102441
-2.507350 -5.726182 2.138255 -2.351280 -1.705838 -2.134427 -0.421875 0.361276 -2.774012 -0.459293 -0.538587 -0.149822 -0.938142 1.220050 0.167405 -0.477580 0.965553 0.897720 0.189557 0.084369 0.686507 -0.469946 -0.071491 0.178506 0.087759 -0.050677
-3.974600 0.271565 -2.525950 -1.347179 3.305478 -0.994271 -0.948888 -0.207579 0.201077 -0.655600 0.319410 1.666761 -0.924822 -0.573722 0.443156 -0.612850 -0.514438 -0.644246 0.724616 0.234415 0.020389 -0.252870 0.631063 -0.095574 -0.931474 0.479259
-4.249415 -4.197567 1.893235 2.484238 4.447096 -0.886167 -1.909189 -3.068555 4.887504 3.299342 0.194887 -1.109413 0.068535 -3.431615 -0.101041 3.086536 0.677583 -0.709675 -0.595716 0.669466 0.032221 0.317857 -0.309830 0.473103 -0.283097 0.349739
2.481937 1.147836 1.733259 -1.070369 -0.026767 0.471693 0.375145 0.062033 0.551807 -0.702738 0.135338 -0.537336 -0.896830 -0.413493 0.654983 -0.096557 -0.599659 0.143254 -0.516194 0.139384 -0.221964 -0.303598 0.039149 -0.674036 -0.287526 0.329128
-2.651982 2.179236 -1.102798 5.705932 0.770288 1.081299 0.103895 -0.612131 -2.744081 -0.634384 -0.203840 -0.465117 -2.032579 -0.151623 1.269524 -0.717360 -0.410308 -0.696827 1.057359 1.659523 -0.017796 0.385852 0.036947 0.954208 1.059918 -0.049380
3.247333 0.314669 -0.564438 0.126059 -0.211819 -0.165039 -0.478617 -0.199014 0.244595 0.138478 0.079124 0.047310 0.091523 -0.047845 0.345531 0.141682 -0.189351 -0.063833 0.006185 0.141739 -0.004926 -0.065826 0.084006 0.074097 0.149820 0.068644
-0.023593 1.581169 6.243501 -0.240434 1.428400 5.606420 -0.826697 0.682521 -4.101494 2.128011 -0.984558 2.474074 -0.040726 1.701045 -2.816072 1.743722 0.687719 0.525270 1.002966 -1.379352 -0.722276 -0.718923 -0.158620 -0.253968 0.340582 -0.162908
-2.539172 1.223178 -1.368079 -0.458326 -2.612578 1.604214 -0.773540 -0.997616 -0.727233 -0.596833 0.484566 0.600985 -0.327197 -1.768639 -0.898537 0.330537 -0.892907 -0.032507 0.044016 0.311782 0.084202 -0.773567 0.092470 -0.326518 -0.227027 -0.493942
-8.860995 5.207817 -3.218388 -1.318458 0.697197 4.731811 0.668901 0.564746 2.561315 0.662500 2.160962 -3.340130 3.535097 2.030009 1.708812 1.968443 1.818681 0.354434 -1.844519 -3.674665 1.831607 -0.805598 1.957496 -0.097595 -0.063771 0.550967
0.768653 -1.633457 0.207261 -1.203022 -0.419110 -0.329463 -1.534431 -0.843338 0.306691 0.060450 0.044417 -0.143488 -0.170240 0.266325 0.038490 -0.140641 0.207003 0.002106 0.058472 0.112861 0.175197 -0.101064 0.215302 0.017036 0.084816 0.168212
2.641315 0.657043 -0.290590 0.644570 -0.907709 -0.369985 0.093640 -0.146595 -0.052190 -0.008952 0.157796 0.284573 0.300632 -0.153706 -0.087274 0.179719 -0.446472 0.039316 -0.152378 -0.027444 0.074279 -0.106907 0.000459 -0.031419 -0.055420 -0.104833
0.252653 -3.003286 0.904692 0.626034 0.461028 0.983245 1.259797 1.928016 -0.530190 -1.065062 0.934095 0.453688 -0.028595 0.990564 0.437497 -0.220302 -0.320506 -0.014538 -0.468026 0.213698 -0.467262 -0.192217 -0.101601 0.472022 -0.169268 -0.290402
-0.731335 2.716938 1.881627 3.732241 0.497910 -0.013809 1.950021 0.274135 -3.126896 -0.696773 0.359910 0.096914 0.148267 0.137661 -0.128743 -1.236164 -0.927991 0.376491 -0.260002 0.109758 0.079841 0.224952 0.616720 0.538209 0.051358 -0.446848
0.385119 1.179391 -0.950714 -0.044424 -0.644623 -1.410896 0.539605 0.220245 0.582941 0.306129 -0.072776 0.351329 0.346730 0.367421 -0.694953 0.284626 0.509293 0.100201 0.207601 0.073226 0.045094 -0.045398 0.110896 0.128047 -0.553090 -0.206229
1.468083 -0.095890 -1.739588 -0.448683 -0.064355 0.496735 -0.585867 -0.200048 0.664582 -0.281646 0.315313 -0.239209 0.657923 -0.118288 -0.094930 0.440938 -0.115031 -0.001012 0.356856 0.260889 -0.941472 0.273850 -0.781000 -0.355695 -0.241088 -0.147659
1.550934 0.434285 0.772643 -0.165858 -0.354820 -0.382168 -0.088859 0.240251 0.781801 0.010896 -0.288093 -0.588800 -0.601369 0.102065 0.338786 -0.027439 -0.380608 0.100420 -0.198322 0.167401 -0.199729 -0.166092 0.254023 -0.239282 -0.149736 0.059703
2.400706 1.159139 -0.884831 1.086516 -0.487581 -0.492315 -0.411596 -0.339459 -0.400648 0.256445 -0.079377 0.035685 0.148179 -0.120331 0.408263 -0.132008 -0.499521 -0.126352 -0.075995 0.238395 0.026586 -0.019613 0.180961 0.222460 0.265484 -0.045911
2.000540 0.907579 3.477085 -2.747338 1.459850 5.216662 -4.476240 -1.536307 -2.476908 4.089178 -1.842926 3.392793 1.661174 1.903481 -2.775903 2.655342 2.435516 -0.058880 2.033535 -1.433841 -1.171918 -0.374216 0.705645 0.745015 1.122716 -0.246191
2.173837 0.280446 -1.276154 1.555964 -0.256949 1.177645 0.216022 -0.362703 -0.022989 -0.364883 0.047806 0.482290 -1.058184 -0.114222 0.166718 -0.397653 0.556779 0.276308 -0.451852 0.180557 0.601188 0.283193 -0.205035 -0.259552 0.923813 0.490477
2.344592 0.412128 0.702039 2.141799 0.076766 -0.115844 1.413719 0.656750 -0.992142 -0.183204 0.135050 0.146168 0.096601 0.425014 -0.300863 -0.425731 -0.294980 0.241650 -0.259009 -0.028057 0.253323 -0.039701 -0.065124 -0.170825 0.049586 -0.233154
0.047499 1.461651 0.431205 1.259677 0.525567 1.003537 0.197495 0.238119 -1.528321 0.269726 -0.153670 0.363956 0.023299 0.418972 -0.030168 -0.256334 0.168306 -0.152127 0.404630 -0.059858 -0.006101 0.041052 0.116678 0.293913 0.264847 -0.077140
-1.072480 -0.761625 4.317559 -0.527949 2.765859 2.807560 1.076262 0.587408 -3.249005 2.472144 -0.643295 0.686293 -0.321823 1.255929 -1.639651 -0.577783 1.736127 -0.179348 0.341984 0.613891 -0.991432 0.444469 0.630483 0.341588 0.062974 -0.621025
-2.980504 -0.357120 4.951301 -4.795622 0.162051 -0.763807 0.039149 -0.338355 1.939836 -1.993955 0.192619 -1.639629 -2.246474 -1.171004 0.897188 -0.711314 0.085728 0.401058 -0.355270 -0.021866 -1.126512 -0.055996 0.160999 -0.728581 0.627947 0.620155
2.441540 -0.247439 -1.033250 0.734661 -0.133143 1.082828 0.351481 -0.019818 0.157667 -0.120241 -0.061314 -0.108541 -0.146679 -0.366931 -0.302799 -0.233207 0.029253 0.363260 -0.048950 -0.135394 0.170899 0.318594 -0.228126 -0.211788 0.163313 0.373738
-5.672898 -1.820325 0.802101 0.249148 2.500401 -0.457221 -1.106028 -1.593520 1.054256 1.324128 0.131456 -0.906516 -0.962545 -1.669370 0.584525 0.533925 -0.283747 -0.256144 -0.449177 0.463399 0.034588 -0.157320 0.294677 0.234788 -0.783237 -0.008542
1.983452 -1.466945 -1.078784 -1.130651 0.281891 -0.593126 0.463881 -1.278716 -0.379237 0.078267 -0.477076 -0.159517 -0.087286 0.313027 0.927354 -0.199071 0.243134 0.241856 0.075302 0.058547 -0.081644 -0.417996 -0.302089 0.387308 -0.156764 -0.192840
2.129349 -0.128603 -0.205510 0.508576 -0.168212 -0.567327 0.179216 0.457087 0.616406 0.260687 -0.319842 -0.064061 0.013576 0.234018 0.018947 0.149777 0.032020 -0.021838 0.130873 0.333771 -0.032312 0.000648 0.243245 0.139241 -0.095326 -0.001654
2.535063 0.225842 -1.021841 -0.506831 -0.367832 0.262947 -0.614418 -0.366038 0.534213 -0.222885 0.185201 0.319984 0.275653 -0.341963 0.215355 0.129228 0.036024 -0.026212 -0.131327 -0.020204 -0.199907 -0.021077 -0.085195 -0.120547 -0.033755 0.112675
-8.184207 -2.553718 -2.017478 -0.464612 -1.082889 -0.173036 -0.815717 -1.915837 2.513361 -1.680457 -0.364753 1.727371 0.141900 1.141307 -0.071286 0.186510 0.472585 -0.085812 -1.149641 0.113469 -0.835284 0.408491 -1.178242 -0.270448 0.353781 1.316648
-0.253375 2.443299 2.426102 -0.109453 0.587129 1.348791 1.444712 -1.561497 -0.676664 -2.079830 1.336636 -1.023320 0.139807 -0.955295 0.572959 -1.459762 -0.143195 -0.681961 -1.143406 -0.491514 1.035414 -0.137954 -0.132438 -0.455794 -0.672164 -0.170935
0.196687 -4.293483 3.082986 2.129740 0.345683 -2.179553 -0.952920 -1.114704 2.170743 -0.312179 0.110374 -0.276678 -0.724538 1.124866 -0.491998 -0.993319 -0.451619 0.340753 0.247199 -1.683948 -0.939223 1.768682 0.978059 -0.827734 0.631557 -0.999292
-15.900297 0.329325 -5.790933 1.251822 -2.940468 2.137446 -1.280712 -3.705108 -1.402588 -0.691644 2.238377 2.085268 -1.334663 -2.381431 1.207687 -0.412060 1.607041 2.252061 1.693915 -1.611285 1.077221 1.758948 -0.793739 -0.796514 1.187231 1.738403
3.238675 -0.018964 -0.891932 -0.029930 -0.292552 0.333448 -0.302660 -0.121590 0.452223 0.119355 0.054727 -0.128629 0.095171 -0.085850 0.391215 0.132840 -0.047645 -0.162798 0.221952 0.028454 -0.120975 0.007437 -0.077728 -0.039540 -0.043219 0.024947
2.450062 0.490932 1.335067 1.544110 0.076865 -0.156851 1.738930 0.758330 -0.622321 -0.372850 0.185458 -0.066972 -0.175975 0.230247 -0.280507 -0.448337 -0.182396 0.247237 -0.223950 -0.158439 0.128522 -0.172493 -0.048323 -0.145930 0.152253 -0.140862
-3.998257 -0.745834 -3.657997 -3.478534 -0.309360 0.041849 4.968623 0.828583 1.465171 4.179308 2.485147 5.452788 3.276983 -0.049602 -0.110146 -2.568135 -3.162550 0.326727 1.157998 1.412252 -1.128427 -1.210701 -1.032197 0.128760 -2.262729 -2.311262
3.019141 0.129405 -0.386143 0.337537 -0.356882 -0.388075 -0.239697 0.000428 0.140687 -0.019524 -0.077238 -0.173045 -0.019683 0.002791 0.312163 0.118230 -0.005999 -0.110207 0.034614 0.000564 0.069953 -0.052468 0.077588 -0.044728 0.023153 0.019891
-11.245200 -1.465987 -2.655807 0.163971 -1.171831 -0.060318 -0.771251 -3.656364 -1.324920 -1.837528 1.035853 1.317904 -0.194325 0.239199 0.745688 -0.198217 0.515825 0.683478 1.232591 0.278738 0.816564 1.534084 -0.125674 -0.236235 -0.523276 0.193889
-6.110021 4.715150 4.096102 -6.254381 1.084674 2.521681 -0.933799 -3.593196 -2.886392 -1.936687 2.097748 -1.531672 1.422655 -0.724237 2.159515 -0.160627 0.839581 -1.844637 0.568357 -0.346104 1.478361 0.691523 -1.238011 2.097075 0.526073 0.498301
1.043730 -1.330543 1.599439 -0.900014 1.643634 1.659251 -1.568303 -1.639102 -0.201495 2.098570 -0.987225 1.467546 0.113658 0.569985 -0.419940 1.671297 0.498094 0.032707 0.292391 -0.900570 -0.563824 -0.353222 0.140947 -0.080227 0.090913 -0.087529
1.592729 -0.333174 -0.305902 -0.248062 -1.201686 1.480232 -0.025719 0.049643 0.387668 -0.126324 0.090830 -0.047491 0.562800 -0.666948 -0.381355 0.071812 -0.309386 0.058174 0.106174 0.016060 -0.171071 -0.103870 -0.166395 -0.162917 -0.103749 0.136607
2.415063 0.525198 -0.231417 0.434589 -0.508595 -0.876754 -0.376301 -0.470983 0.247821 0.364365 0.066853 0.126802 0.167917 -0.188473 0.121715 -0.114687 -0.250622 0.072132 -0.245989 0.194274 0.028219 0.077672 0.184317 -0.054025 0.121370 -0.050948
1.165807 -1.129440 -0.094236 -2.246203 -1.068324 -1.272457 0.462569 0.340205 0.572866 -0.362282 0.202647 0.599955 -0.156217 0.003156 0.400393 0.099507 0.275592 -0.095366 0.549722 -0.225346 -0.378757 -0.443272 -0.025347 0.414027 -0.250466 0.083801
-2.512646 -7.536774 0.517172 -2.446150 -2.233210 -2.143814 1.507657 3.331437 -6.745601 -2.637068 -2.366627 1.790185 -0.719479 -0.784020 2.536001 2.318314 1.090288 -1.808536 -1.669264 0.557488 0.501535 0.211277 0.125682 -0.085706 1.307418 -0.570389
-0.036692 -0.222920 -1.220630 1.603724 0.221401 0.485112 0.950925 0.145618 -0.644772 -0.083401 0.248132 0.060863 0.252460 0.261833 0.126446 -0.243005 -0.163572 0.156397 -0.018546 -0.330438 -0.041787 0.085303 -0.046639 -0.138023 -0.076720 -0.127842
-2.555970 2.447596 1.714005 2.239988 -0.897692 -2.635468 2.818681 0.921669 -0.907204 0.576515 0.343887 0.239283 0.067353 0.523600 -2.404843 -0.745159 0.241212 0.484884 -0.535062 -0.344261 0.793062 -0.189902 0.406502 -0.116932 -0.198178 -1.186142
2.139276 0.010018 -0.003174 0.372137 -0.907060 -0.245653 -0.332128 -0.084192 0.586076 -0.123278 0.092656 0.271545 0.333020 -0.300737 0.038404 0.198909 -0.178612 0.114746 0.057272 -0.074938 -0.053304 0.082081 -0.276153 -0.128246 0.101105 0.020815
3.015560 0.827091 0.081215 0.295186 -0.498694 -0.715115 0.382788 -0.049878 0.351420 0.157601 0.051274 0.122802 0.283651 0.005878 -0.216392 0.073907 -0.080672 0.033823 -0.202705 -0.053522 0.207809 -0.130906 0.014912 -0.097889 -0.085636 -0.219470
-2.252647 2.054646 0.828014 2.295237 -3.200240 -2.336215 0.132672 0.144442 0.933870 -1.037036 -1.531502 2.454173 0.130821 1.272488 -1.637820 0.397003 -0.020253 0.792590 -0.845917 0.269323 -1.268664 0.261916 0.045968 0.493125 -1.158478 -0.479248
-1.885005 3.255004 -0.845273 -1.693171 -0.462919 -0.510762 1.537891 0.596184 2.077008 -0.654843 0.078181 0.141850 -0.751899 -0.684557 -1.508837 0.500552 1.166830 0.643518 0.519840 -0.052927 -1.026691 -0.388657 0.186314 0.249843 -0.546628 -0.341927
1.693722 0.450546 -0.643938 0.314325 1.680277 -0.880954 0.697900 1.630785 0.468534 0.367792 1.088556 0.881194 0.902342 1.078955 0.352761 0.168146 -0.481592 -0.044506 -0.249355 0.996672 0.328891 -0.368286 0.790334 0.137350 0.049705 0.113892
-1.700420 2.473470 -2.809353 3.531909 -0.457466 -1.310666 -2.343261 0.103181 -2.902724 1.874335 -1.277859 -0.673040 1.006319 -0.459180 2.416517 -1.668939 -2.587639 -0.733758 -0.598993 1.174317 -0.764566 0.234629 1.335174 1.380067 2.204595 1.598762
-1.929196 -3.694242 0.993758 0.486288 -1.502118 -3.968198 -2.518483 -1.645982 0.971507 0.835221 -0.657008 -0.219709 0.037992 1.518463 -0.846530 -1.261967 -0.473451 0.377236 -0.270850 -0.420729 0.322860 0.514251 0.816195 -0.197059 0.549391 -0.755796
2.823909 -0.327360 0.388701 -0.120135 -0.419676 0.445934 -0.914369 -0.532501 0.656701 0.040837 0.006576 0.487986 0.725748 -0.615542 0.150416 0.325735 0.244381 -0.106996 0.280122 0.257483 -0.138486 0.548481 -0.485290 0.332743 0.141116 0.358637
-4.361489 5.711117 1.517431 3.092535 -0.874960 -3.535538 2.198452 0.625263 -1.456244 1.642931 -0.558806 0.536947 2.103029 0.387150 -2.799720 -1.513830 -0.488250 -0.124057 -1.981988 -0.435941 1.669231 -1.062843 -0.187732 -0.180588 -0.167934 -3.159157
3.167842 0.838724 1.328366 -0.592455 -0.014417 0.255509 0.368954 0.133563 0.519350 -0.240065 0.065220 -0.255282 -0.052343 -0.096996 0.000421 -0.041201 0.183360 -0.056973 0.223188 0.046837 0.010133 0.186672 -0.043458 0.105431 -0.009787 0.136877
-0.383166 1.254246 -1.842630 2.881122 0.313978 0.916634 -0.325520 -0.148434 -1.849008 -0.161214 -0.198888 -0.143116 -0.528231 -0.103774 0.749356 -0.658788 -0.653983 -0.218444 0.286319 0.418012 -0.114112 0.163037 0.247948 0.691808 0.690643 0.169488
-0.706149 -0.222978 1.506600 2.463908 0.206741 1.180509 1.574050 1.508766 -1.804945 -1.872020 0.643203 -0.724367 -1.093297 -0.677698 0.072652 -0.477418 0.145477 0.205538 0.624428 -0.926004 -0.229229 -0.116240 -0.802207 -0.655166 -0.437943 0.310604
-13.538643 -4.381380 4.575531 -1.057762 9.507662 -1.292795 -0.607780 -1.685788 5.416493 6.331741 -1.594085 1.390282 -2.331027 -3.042273 1.866001 5.411775 -3.643627 -0.942023 -0.931742 -0.049397 0.045398 -2.501909 0.478094 1.118805 -1.201501 0.362829
-0.752405 -0.885111 -3.395664 1.858391 4.839658 3.258434 0.616472 1.380662 0.325450 -2.460193 1.982724 -1.089396 -0.296190 1.163052 -0.742099 0.836401 1.190043 0.781811 -1.071118 -0.011126 1.016446 0.536764 0.460823 -0.241837 0.291114 0.338444
3.323057 -0.334649 0.277523 -0.148529 -0.473664 0.054096 -0.612855 -0.350007 0.551516 -0.037030 0.032557 0.270602 0.301033 -0.000930 0.145089 0.213400 -0.011125 -0.077242 0.125968 -0.111012 -0.035884 0.099269 0.039297 0.051422 0.115601 0.072509
3.548119 0.159675 -0.124808 0.092415 -0.354401 -0.097306 0.025968 -0.028954 0.437334 0.012313 -0.017996 0.084965 -0.144104 0.032010 0.159046 0.172657 -0.151777 0.096902 -0.016889 0.098569 -0.013290 -0.026545 0.089569 -0.043452 0.004474 0.061087
1.689127 -1.368218 -0.639190 -0.171830 0.442983 -0.590180 0.206995 -0.176730 -0.183450 0.343350 0.242822 -0.350402 0.013909 0.577138 0.067670 -0.361750 0.087999 0.284100 0.092357 0.359033 0.004571 -0.204383 -0.030336 -0.007513 0.073721 -0.017511
4.057246 -0.208266 0.055005 0.411262 -0.235299 0.199980 0.198516 0.059742 0.185183 -0.201775 0.087564 -0.012368 -0.041184 0.065106 0.143675 0.065299 -0.154584 0.054257 -0.038926 -0.003356 0.024648 -0.112382 0.051354 -0.106525 0.009899 0.109088
3.519138 0.496161 -0.210481 -0.197204 -0.434137 -0.305837 -0.018603 -0.140793 0.648069 -0.147790 0.096831 -0.120089 -0.050916 -0.190886 0.185881 0.181470 0.019355 -0.078546 0.105088 -0.021291 -0.084350 -0.098109 -0.018116 -0.003551 0.061789 0.133959
2.150212 -0.360382 2.280724 -0.713008 0.352310 0.400876 -0.452761 -0.598379 0.916037 -0.317416 0.129532 -0.736370 -0.615168 -0.025073 0.350372 -0.769544 -0.491258 0.245296 -0.104304 0.102777 0.094019 0.436995 0.386177 -0.515530 -0.005130 0.032897
0.946827 -0.067448 -1.182060 -0.348102 -0.561565 0.054844 -0.595986 -0.220349 0.865220 -0.242158 0.079015 -0.175804 0.144549 -0.150240 0.156141 0.203352 -0.074028 -0.142078 -0.101827 -0.047621 -0.179290 -0.118924 -0.122254 0.147862 0.041669 -0.056358
-4.165554 3.889419 3.323278 -4.397796 0.552352 -0.331873 -0.239633 -0.908245 0.101954 -1.139368 1.025128 -0.571226 1.555594 -1.171112 0.503283 -1.378691 0.409256 -1.138019 -0.639400 -0.357858 0.614343 0.459910 -0.839258 -0.208376 -0.457223 -0.289901
-1.165321 0.583673 -4.157910 0.315381 1.349918 1.406801 -0.835102 -0.353588 0.779780 -0.593736 0.930667 -0.464368 0.257298 0.357493 0.803567 0.437856 0.585897 -0.336405 0.226682 -0.132238 -0.143659 0.282888 -0.229688 -0.174117 -0.021099 0.400535
0.485482 0.979431 -1.458726 1.188276 -0.261713 0.155488 0.189543 -0.717043 -0.563723 -0.357439 0.369680 -0.022551 0.021912 0.050786 0.297206 0.034597 -0.239974 -0.099838 -0.083008 -0.388046 0.279788 -0.133347 0.176379 0.188078 0.188958 -0.044811
3.003884 -0.084310 -0.849084 0.544825 0.459709 0.182172 0.221752 0.115515 0.058336 -0.270455 0.069380 -0.058085 0.034729 0.186310 0.169806 0.058561 -0.083620 -0.174563 0.095006 0.070921 0.087836 -0.023539 0.041222 -0.175527 0.085570 0.109969
2.734032 0.593874 -0.753609 0.204421 -0.333239 -0.118902 0.212462 0.012904 0.496246 0.061138 0.168070 -0.030885 0.256162 -0.004410 -0.105004 0.115655 0.029673 0.013373 -0.000129 -0.027179 0.052137 -0.042855 -0.171061 -0.131978 0.018667 0.057894
1.801810 -0.407987 -0.155104 -0.392680 0.258213 -0.009286 -0.014125 0.095020 0.148362 0.110948 -0.061898 0.002900 -0.059363 0.161752 0.193941 -0.029704 0.031602 0.212256 0.017042 0.243764 -0.170755 -0.141747 -0.057393 -0.039204 -0.048169 0.137512
3.305371 0.631945 -0.487140 0.162720 -0.487311 -0.348856 -0.265748 -0.133396 0.324142 0.247600 -0.109583 -0.055797 0.226294 -0.030633 0.198383 0.115208 -0.217975 -0.110208 -0.056085 0.073223 0.064361 -0.109391 0.112926 0.063138 0.070400 -0.012604
2.354629 0.566144 -1.046682 0.432746 -0.271090 -0.422275 0.022024 -0.205287 -0.036414 0.242437 0.145705 0.189766 0.525025 0.032595 0.043838 0.014039 -0.321614 0.001696 -0.373765 -0.066275 0.286045 -0.148594 0.047278 -0.036743 0.064471 -0.251494
2.265351 0.098374 -0.649978 -0.900486 0.036004 0.604545 -0.555394 -0.059667 0.406325 0.681292 -0.011929 0.491783 0.218130 0.063532 0.328767 0.184101 -0.114485 -0.067514 0.345636 -0.057403 -0.210543 -0.196328 0.327986 0.192099 -0.092464 -0.195741
1.273166 0.496494 -1.826073 1.127331 -0.153246 0.260134 -0.640350 -0.359929 -0.039985 0.101715 -0.158686 -0.264066 -0.164905 -0.133313 0.350193 -0.136382 -0.096290 -0.119458 0.061600 0.256087 0.124365 0.152972 -0.031128 0.076731 0.394061 0.107258
-7.288106 -1.895753 -2.929185 -3.016674 1.828780 -0.007884 0.518307 -0.955667 0.629740 0.126631 -0.313745 0.301853 -0.633997 1.133522 0.721828 -1.216589 0.204951 0.721908 -0.302456 -0.070643 -0.684802 0.277621 0.199617 0.232520 -0.433997 -0.210872
2.277120 1.070686 1.167806 1.334422 -0.162023 -0.452548 1.592170 0.701371 -0.357190 -0.125369 0.014808 0.111719 -0.017583 0.433731 -0.545570 -0.149480 0.037241 0.226932 -0.072580 0.123063 0.262177 0.030611 0.126742 -0.081289 -0.424054 -0.052313
3.371526 0.377430 -0.073337 -0.564767 -0.473388 -0.388444 -0.001842 -0.128770 0.705838 -0.208075 0.078827 -0.107305 -0.045589 -0.272894 0.252529 0.113238 -0.067210 -0.043897 0.011237 -0.035569 -0.121875 -0.134326 0.036079 0.008267 0.080829 0.121467
0.916483 0.179965 1.432511 1.330899 1.302868 0.826184 0.694243 1.055104 -0.436198 -0.500159 0.268885 -0.090225 -0.415854 0.732362 0.229462 0.002927 -0.254092 0.173485 0.054213 -0.215422 0.212688 0.178335 0.272978 -0.076947 0.208925 0.179285
-4.219040 -5.564643 -2.419036 -3.970877 -2.123950 -0.334351 -0.660032 0.846245 -1.875233 -0.130405 1.495123 -1.139642 0.492515 0.425447 0.093697 0.259403 0.747941 1.654870 0.390669 1.079290 0.840397 -1.152927 -0.926914 1.263617 -1.306521 0.509925
-3.632650 -1.996902 -4.996195 1.422107 -1.565311 3.550667 -2.345323 3.862400 -0.925084 -0.810311 -2.214831 -1.459511 -0.440002 -4.313833 -3.772435 -0.432522 -1.618368 -0.195980 0.843425 0.032637 0.550125 0.783006 -2.447449 -0.123043 -0.071846 2.233195
1.961806 0.510231 -0.228989 -0.707340 -0.197343 1.006110 -0.802589 -0.623808 0.396062 0.285191 -0.274047 0.221502 0.357328 -0.102426 -0.183921 0.260867 0.199231 -0.127339 0.132716 0.033080 -0.186617 -0.131266 0.114918 -0.012519 0.083262 0.049291
3.151667 0.765941 0.023461 0.081313 -0.401961 -0.380320 0.256865 0.015896 0.433886 -0.030719 0.041325 -0.043508 0.050833 -0.053311 0.053482 0.060686 -0.107250 0.007703 -0.061617 0.073534 0.041538 -0.064366 0.041638 -0.031243 -0.058593 0.027230
-1.175140 -1.156965 -1.298327 -2.035441 -0.233741 0.128210 -0.181824 -0.094197 0.649050 -0.782461 1.253387 -0.410764 -0.139586 0.708324 0.932714 0.732228 -0.023941 0.036557 -0.183780 0.271957 -0.074804 -0.419562 0.174988 0.232072 -0.142872 -0.640884
3.153240 0.592586 -0.757004 0.194584 -0.208257 -0.387034 -0.367448 -0.010676 0.327752 0.281493 0.108408 0.130168 0.264908 -0.062960 0.292489 -0.019852 -0.307530 -0.063826 -0.169837 0.221647 0.055602 -0.110888 0.080698 0.069108 0.193593 0.068894
0.350239 2.271416 0.968085 -0.069616 -0.208886 -0.979262 1.549077 0.547705 0.572726 -0.203021 0.158060 -0.051925 -0.087021 0.085713 -0.652913 -0.037679 0.308219 0.219371 0.140859 0.143923 -0.236433 -0.024899 -0.010467 -0.012557 -0.384013 0.096517
-6.449306 2.077977 -4.830858 2.179737 0.877669 -1.947262 -1.289422 -1.862611 -3.234291 2.343649 -0.113139 -1.682034 0.059540 0.046525 1.409424 -1.388934 -0.608112 -1.279952 0.347177 0.973120 -0.449718 -0.164893 0.652485 1.559582 0.766584 -0.635515
-3.441893 2.575671 -1.907864 0.305027 -0.352295 1.040215 -2.384774 -0.964471 -0.534345 -0.815141 -0.650194 -0.320785 -0.974988 -1.180297 1.093182 -1.075203 -0.456654 -0.621883 -0.067874 0.483977 0.040670 0.835473 -0.083213 0.673181 0.302171 -0.033241
2.771925 -0.776653 -0.384598 -0.006454 -0.527667 0.238865 -0.225266 0.323282 0.521471 -0.017108 0.094435 -0.081086 0.111287 0.166650 0.229701 0.108721 -0.333162 0.007019 0.196513 -0.121647 0.000425 0.191921 0.067420 -0.087170 0.016337 -0.052559
2.395407 -0.165134 -0.806505 0.503404 0.081676 -0.508817 -0.489823 0.226388 0.194853 0.345335 0.175349 -0.181216 0.383444 0.248569 0.466033 -0.025521 -0.179023 -0.058616 -0.101637 0.140245 0.044884 -0.072632 0.158364 0.016777 0.170059 -0.026007
2.262035 0.559060 -0.038585 0.201960 -0.068588 0.396942 -0.443177 -0.092817 -0.098316 -0.124370 -0.139426 -0.280065 -0.336491 0.006092 0.647574 -0.175248 -0.135679 -0.302167 0.085939 0.293478 0.081223 0.011909 0.007346 -0.106688 0.055161 0.126194
2.336659 0.059172 -0.661586 -0.409172 -0.297172 -0.246280 0.636805 0.165284 0.390877 0.210165 -0.037935 0.323171 0.260494 -0.120712 0.104009 0.086650 -0.130273 -0.043376 0.046325 0.081095 -0.017725 -0.106955 0.044600 -0.086336 -0.165545 -0.138319
1.165121 -0.411215 2.490907 -1.000903 -0.374844 -0.825809 0.659972 0.501060 -0.043655 -1.190581 0.100307 -0.778571 -0.963719 0.245924 -0.169422 -0.056165 0.892749 0.574847 0.327017 -0.108731 -0.223829 -0.822546 -0.704512 0.411860 0.215878 0.976179
-8.325549 2.655068 1.812535 -1.828981 0.462619 -0.848062 -1.872146 -1.514292 -1.112717 0.654879 0.920365 1.149355 2.104609 0.083153 -0.275350 -0.375302 0.636737 -0.187746 0.659811 -0.452094 0.262146 0.910241 0.748314 0.332287 0.090206 -0.087424
-1.095071 1.908700 3.604764 2.071666 -0.682703 -0.572146 4.065060 1.886551 -0.534992 -1.931538 0.109312 0.258461 -1.275611 0.152408 -2.398995 -0.132038 0.735493 0.645177 0.024723 -0.413361 -0.535988 -0.965772 -0.274630 -0.040115 -0.946692 -0.598780
3.162103 0.575722 -0.521252 0.102558 -0.213268 0.046948 -0.468483 -0.197403 0.224262 0.194411 -0.064808 -0.022827 0.030412 -0.045177 0.299310 0.166706 -0.146052 -0.099597 0.092876 0.061629 -0.033073 -0.020138 0.016830 0.064910 0.115474 0.087596
3.514223 0.539546 -0.199682 0.205429 -0.485477 -0.437222 0.117127 -0.086849 0.351165 0.132534 0.023458 0.106977 0.246956 0.036142 -0.011696 0.076884 -0.127521 -0.001239 -0.150707 0.074327 0.201170 -0.048516 0.047216 -0.097547 -0.107508 -0.109914
3.492779 0.734747 0.369062 -0.726556 -0.399556 -0.227303 0.136770 -0.073338 0.924498 -0.334803 0.113855 -0.257543 -0.257765 -0.309920 0.234730 0.147055 -0.023351 0.022063 0.071064 -0.028493 -0.200873 -0.118932 -0.000463 -0.071604 0.062944 0.194291
2.341775 -0.361943 -0.453428 -0.579578 -0.399576 -0.446884 -0.711031 -0.477147 0.610718 0.062988 -0.060983 0.059843 0.079550 -0.033581 0.368922 -0.002820 -0.103305 -0.171705 0.004872 -0.034785 0.101563 0.142619 0.193517 -0.043927 0.067824 -0.024620
2.111053 -1.961880 0.043509 -1.420869 -0.593358 -0.834463 -1.074639 -0.072570 0.624319 -0.809594 -0.689183 0.554998 0.057686 0.145815 0.533608 0.054822 -0.354008 -0.464907 0.057768 -0.256439 0.351099 0.285656 0.525298 -0.305821 0.179093 0.354885
1.430813 -1.465508 0.294091 -2.139769 -0.221085 -0.301452 -0.695780 0.155947 -0.661441 0.658857 -0.733145 0.618565 -0.464434 -0.298308 0.748029 1.083312 -0.078214 -0.177504 -0.054165 -0.000122 0.153643 -0.032089 0.235378 -0.302861 0.203464 -0.173592
0.212034 -4.266391 0.375587 -1.464425 -0.690065 -1.104652 -0.303238 -0.358456 -0.266114 -0.269743 0.183837 -0.089410 -0.342729 0.895697 0.205911 -0.654524 0.040266 0.623953 0.152160 0.013858 0.281304 -0.233546 -0.026441 -0.033456 0.013507 0.346805
0.809971 2.976186 1.595718 0.027567 -0.719063 -1.909500 2.378948 0.969704 0.997463 -0.203084 -0.005204 0.063246 -0.047124 0.279983 -1.695241 0.462880 1.298426 0.143506 0.547489 -0.041839 -0.180464 -0.280532 -0.031983 -0.094619 -1.284463 -0.073941
3.240466 -0.390107 -0.026755 -0.112815 -0.689450 -0.269091 -0.185283 -0.118005 0.771012 -0.345455 0.033119 0.130705 0.006156 -0.000570 0.083786 0.161322 -0.124398 0.016746 0.068004 -0.192031 -0.153169 -0.001297 -0.025109 -0.056139 -0.026730 -0.059242
0.808096 0.148230 0.256898 0.810505 0.219591 -0.446335 0.904194 0.339012 -0.084517 0.000162 0.188677 0.044943 0.069025 0.285700 -0.254551 -0.203589 -0.006481 0.164350 0.013288 0.047306 0.053656 -0.021303 0.030505 -0.093963 -0.054933 -0.116876
3.347626 -0.208956 -0.916198 -0.156480 -0.251690 0.270901 -0.218096 -0.123279 0.615341 0.008515 0.117148 -0.076827 0.179338 -0.040346 0.213124 0.224186 -0.119953 -0.033826 0.023184 0.036469 -0.057005 0.024762 -0.001383 -0.014369 0.025813 0.144572
2.790849 0.067251 -0.023114 0.281558 0.286372 -0.409846 0.311085 0.205074 0.163473 -0.137743 0.065467 0.016734 -0.089308 0.018007 0.192834 -0.060488 -0.028372 0.069836 0.039857 0.080788 0.009252 -0.118388 0.153225 -0.133912 0.130370 0.100015
1.077979 -1.459389 0.075347 -0.345117 0.166684 0.004009 -0.269448 -0.600213 0.343646 0.235203 0.200778 -0.160401 0.002464 0.169033 0.324353 -0.114999 0.187929 -0.001589 0.050169 0.012237 0.057701 -0.224914 0.472745 -0.048353 0.134418 -0.152489
3.590837 0.525465 0.656168 -0.792771 -0.183032 0.371941 -0.255160 -0.222376 0.600502 -0.096058 0.002153 -0.203258 -0.124829 -0.170017 0.385235 0.014842 -0.284520 -0.039293 -0.073938 0.163069 0.117657 0.164187 -0.014975 -0.058286 -0.105018 0.097847
-6.568422 -6.703385 -0.612623 -1.191019 -0.731450 -4.309357 -1.697763 -1.384226 -0.400084 2.787341 1.595628 -0.866903 -1.039620 1.504507 -0.709300 -2.116422 -0.115604 0.708640 1.484970 -0.075004 2.221259 0.265021 2.225509 -0.492466 1.585443 0.016683
2.522613 1.046450 0.180475 0.545204 -0.465327 -0.562391 0.746541 0.684850 0.547489 0.293658 -0.445063 -0.243907 0.169677 0.392212 -0.549871 0.180412 0.249987 -0.073942 0.135579 0.062132 0.264818 -0.177131 0.182379 0.194122 -0.389829 -0.329346
3.020499 0.349739 -0.389947 0.405085 -0.237467 -0.565897 0.116895 -0.047421 0.044860 0.346753 -0.016028 -0.053564 0.000805 0.039399 -0.119748 -0.173643 -0.083344 0.101968 -0.111174 0.236720 0.142054 -0.028842 0.143222 -0.109173 0.049734 -0.015508
3.344718 0.552882 0.586314 0.064838 -0.248005 -0.212915 0.733700 0.269901 0.515861 -0.477785 0.157528 -0.204559 -0.371557 -0.117477 0.043683 0.063627 0.029394 0.160594 0.121415 -0.164190 -0.244226 -0.197931 -0.018257 -0.086896 0.174829 0.163756
2.157005 1.579197 1.153565 -0.132136 -0.071761 0.324245 -0.124186 -0.062397 -0.264088 0.621042 -0.304877 0.428799 0.169454 0.292236 -0.476737 0.225877 0.100239 0.096754 0.061382 -0.042699 0.008788 0.003667 0.116265 0.042000 0.031900 -0.121537
-2.962033 2.296860 -2.375243 2.592769 2.151424 1.729146 -0.474559 0.963695 -0.735467 -0.634295 -0.222894 -1.422719 -0.743275 0.143640 0.254265 -0.249545 1.174499 -0.763814 0.144728 -0.128848 0.619935 0.308237 -0.214979 -0.254697 -0.157740 0.159606
-0.174775 2.333604 -1.042490 0.933522 0.000353 -0.513958 0.475401 1.009247 0.608169 0.696149 -0.699248 -0.716996 0.668927 0.373467 -0.717996 -0.178888 -0.216594 -0.303093 -0.661169 0.266148 0.691421 -0.368415 0.235732 0.326489 0.052367 -0.470244
-0.292791 -3.458869 -1.193407 -0.582659 0.881573 -0.730748 -0.930091 -1.298962 1.396861 0.115456 -0.393420 0.545868 -0.089744 0.139399 0.126973 -0.409613 -0.170760 -0.126810 0.106183 -0.951359 -0.282399 1.059209 0.602230 -0.487240 0.174294 0.071243
-14.608725 1.400329 -6.093448 -2.032090 1.248121 -2.625309 1.907118 -0.528310 1.324209 -1.568908 -2.788467 -1.433747 -0.275640 2.403724 -3.747475 0.779959 2.335881 0.184845 0.594836 0.956374 -1.626885 0.339122 -0.333453 -0.751858 0.508120 -0.535112
-0.751485 -3.350701 1.292217 -3.848797 -4.312226 -1.715955 -0.173223 2.187071 -2.158966 -3.589993 -0.723925 0.884710 0.916894 -1.930182 0.771162 4.461798 0.850514 -2.206100 -2.222068 -1.106339 -1.119211 -0.034044 -1.901228 -0.878385 1.466025 0.251004
-7.370023 3.953323 8.411878 -4.814949 2.137150 2.696161 2.864666 4.035432 0.938227 -2.548313 -0.046897 -4.392232 -4.490796 -0.309012 3.152049 -0.648602 -2.033146 0.685676 -1.953439 0.663028 -0.850541 -0.936702 0.354891 -1.963780 -1.242876 0.010758
-0.094024 1.241792 0.553045 1.470810 0.614443 1.515383 0.069093 -0.091604 -1.254908 -0.044345 -0.057828 -0.149472 -0.221360 0.247870 0.106023 -0.418297 0.110206 0.015232 -0.041099 0.173014 0.255732 0.238055 0.360982 0.074851 0.261422 0.094234
-3.012675 2.220106 -0.525175 -1.747498 -0.657347 4.956760 -3.716418 1.005251 -1.299755 1.509070 -0.466822 2.237764 -0.763034 -3.699979 -2.529750 -0.496021 0.368562 1.556747 1.308858 -0.088367 0.677706 0.702692 -0.985252 -1.249110 -0.479815 -0.407964
-0.049123 -3.531578 1.622457 0.494874 -1.890288 -1.903194 -2.084316 -0.017003 1.746773 -0.218987 0.692386 0.693674 0.425166 -0.006381 -0.628003 0.612973 -0.754414 -0.680923 0.493299 -0.597364 0.234975 1.214275 0.021084 -0.373665 -0.147180 -0.198103
3.496535 -0.041677 -0.294421 0.114639 -0.171262 0.596916 -0.209844 -0.163989 0.343152 0.026701 -0.022814 0.038341 0.038629 -0.143315 0.045160 0.039641 0.087287 0.080503 0.035588 0.004724 0.077454 0.114604 0.043820 -0.037209 0.157771 0.223470
-1.202002 -2.924223 -2.414553 0.617509 0.194815 2.078192 -0.264379 2.183079 -0.012722 -0.327968 -0.160571 -1.365454 0.769031 -1.132369 -1.337188 0.244166 -0.807126 0.523390 0.794697 -0.215256 -0.488033 0.606216 -0.820764 -0.772730 -0.868191 0.677509
2.166188 -0.005299 -0.022129 0.046150 -0.332813 -0.760675 0.012578 -0.160362 0.682252 0.250154 -0.123240 -0.074798 0.182550 -0.076471 -0.198818 0.057252 -0.020096 -0.005024 -0.113095 0.013918 0.134624 -0.220609 0.090969 0.008480 -0.112350 -0.239441
3.567099 0.376200 -0.162367 -0.279625 -0.427149 -0.069332 -0.134371 -0.213118 0.662811 -0.023285 0.018460 0.044135 -0.082763 -0.169421 0.118474 0.229007 -0.034118 0.072934 -0.005469 -0.039832 -0.026618 -0.038457 0.028201 -0.070802 -0.052382 0.125982
0.437917 0.605094 -1.667144 0.451460 0.740022 -0.198410 -1.292224 -0.028944 0.153844 0.229389 -0.165801 -0.129291 -0.366858 -0.534658 -0.192377 -0.357045 0.207306 0.069600 -0.124331 0.123025 0.055618 0.270696 -0.391600 -0.091556 0.094279 -0.056529
2.970878 0.802669 0.002256 0.007551 -0.435313 -0.422097 0.136448 -0.118550 0.367602 0.059668 0.035939 0.048040 0.106827 -0.044839 0.027067 0.093185 -0.117545 -0.011471 -0.090538 0.053276 0.093907 -0.085299 0.031832 -0.072289 -0.102415 -0.053593
2.338625 -0.505083 -0.355215 -1.282782 -0.544616 -1.026142 -0.612555 -0.352138 -0.836099 0.158819 -0.068264 -0.144297 -0.361859 -0.316396 0.323428 0.822908 0.706610 -0.279595 -0.106285 0.286809 0.165343 0.021491 0.014195 -0.135341 0.548706 0.110873
-7.917579 -5.672707 2.324578 5.607116 0.945687 -0.165261 2.728900 4.569186 -0.705407 2.288076 -1.003578 -1.846395 1.496602 1.205982 1.726286 0.571594 0.728344 -0.629527 0.463200 -0.502404 1.519554 1.277263 1.293812 -0.263446 -0.907680 0.456152
2.942077 0.721405 1.703446 -1.414456 0.001724 0.942727 -0.655173 -0.441433 0.778636 -0.520506 -0.032472 -0.457013 0.023672 -0.651764 0.565877 -0.637455 -0.160778 -0.221589 -0.367456 0.647375 0.036334 0.172819 0.291262 -0.288264 -0.373573 0.122569
0.713352 -3.011554 -0.757647 -2.003389 -1.532650 -1.059211 -1.108065 0.155511 -0.098205 -0.701965 0.156949 -0.450013 0.456667 1.723343 0.165876 -0.232421 0.722681 0.723511 -0.089344 0.698089 0.100220 -1.213535 -1.421046 1.135139 -1.132057 0.801692
3.284519 0.241374 -0.157887 0.529853 -0.404945 -0.291727 -0.009933 -0.098756 0.251794 0.002905 -0.063827 0.102561 0.150666 0.041455 0.154767 0.074798 -0.184034 0.043981 -0.059500 0.034732 0.059496 -0.048317 0.059371 -0.043241 0.036523 -0.019516
2.728745 0.269699 -0.177597 0.392260 -0.251142 -0.283863 0.009430 -0.163217 0.172295 0.032005 0.148759 0.043562 0.267469 -0.029971 0.125956 -0.031485 -0.174737 -0.019505 -0.078776 -0.050057 0.115307 0.033193 0.092922 0.016010 0.046879 -0.065240
2.343541 -0.572048 1.061650 -0.368906 0.272267 0.506565 -0.680773 -0.633102 0.706652 -0.603384 -0.330175 -0.037756 0.474863 -0.257198 -0.100217 -0.518981 -0.029857 0.081718 0.039032 0.028449 -0.126781 0.787936 -0.232682 -0.080571 -0.217101 -0.154540
1.021111 -0.171866 3.371804 -0.015827 -0.033013 1.398535 0.698257 0.326658 0.282343 -1.725250 0.550922 -0.338712 0.272377 -0.431448 -0.101447 -0.337662 0.037907 0.020320 -0.290488 -0.502965 -0.522165 -0.115558 -0.539427 -0.502028 -0.108859 0.440039
