2.410687 1.730222 2.497361 -1.545060 0.543710 2.496966 -2.008038 -0.587100 -1.157225 1.839477 -0.861965 1.321911 0.344190 1.028930 -0.997223 1.248575 0.703241 0.028774 0.458210 -0.689914 -0.496724 -0.568234 0.446674 -0.033363 0.257052 0.034423 -0.448662 0.401991 -0.106617 -0.100997 -0.163526 0.041195 0.302783
1.574952 2.683572 0.270980 -0.087222 -0.566651 -0.946191 0.226315 0.312360 0.319343 0.163169 -0.142323 -0.307074 -0.052587 0.089036 0.188176 -0.133246 -0.355280 -0.026261 -0.387822 0.295309 0.123167 -0.187639 0.163203 -0.037133 -0.091947 -0.175291 0.104767 -0.047753 -0.193848 0.143535 -0.044909 -0.074156 -0.088390
-3.250431 1.701902 0.296890 -1.695159 1.097308 1.129861 -0.591613 0.134205 -0.836236 1.187428 -0.391647 0.254591 -0.709645 0.531553 0.068143 0.474061 -0.481389 -0.019102 -0.061778 -0.255059 -0.018549 0.523349 -0.481140 0.055484 -0.240326 0.005676 0.089581 -0.040519 0.069330 0.270588 -0.101749 0.003343 0.104088
-9.357329 1.452420 0.193599 -1.822840 -0.437400 -0.981451 -0.523614 0.052757 0.495175 -2.177468 -0.959123 0.881512 0.589302 -0.926391 1.596849 -1.094494 -0.683343 -0.371007 -0.692809 0.317285 0.078397 -0.009183 -0.297876 0.314155 -0.514370 -0.391239 -0.220358 -0.158785 0.419882 1.341454 0.606023 0.420253 1.377477
-5.003238 2.684285 -4.805692 1.332697 0.141718 2.346603 -0.461401 -1.098557 -0.423349 -1.310486 -1.465985 -0.867174 -0.614878 -1.494561 -1.409417 -1.097503 0.038134 -0.955840 0.055682 -0.216457 1.419424 0.786664 -1.120412 0.607363 -0.198218 0.029164 -0.828153 -0.234789 0.592902 0.602523 -0.275670 -0.252397 -0.226867
4.393698 0.312599 -0.733262 0.470818 -0.763186 -0.177510 -0.029977 0.122276 0.372531 0.066314 -0.078960 0.122166 0.056994 0.109908 0.152323 0.014928 -0.026099 0.059045 -0.109728 0.023836 0.138908 -0.078337 0.095789 0.034566 0.181780 0.015825 -0.122557 -0.020534 -0.176231 0.029311 -0.011714 0.041826 0.009294
-8.508881 -4.690711 -2.490716 0.169244 1.193882 -0.548959 -0.786540 -1.676573 -0.657985 -0.480381 -0.008484 -0.885584 -0.354163 -0.181061 -0.171883 -0.530777 0.145839 0.048298 0.569943 -0.065749 0.124536 0.147553 0.037534 0.016640 0.048550 0.263139 -0.227913 -0.286622 0.246447 0.548409 0.002328 0.038762 0.397764
3.405892 0.225030 -0.288955 0.980198 -0.101815 0.367835 -0.688966 -0.583853 -0.087081 0.119698 0.237513 0.233664 -0.468818 0.183887 -0.088962 -0.009234 0.434884 0.328517 0.213291 -0.339230 -0.223249 0.136728 0.193914 -0.287655 0.422586 0.234119 -0.291098 0.030306 0.038933 -0.174290 0.233356 0.177354 -0.145855
-5.372159 -4.800490 -1.248840 3.846921 -1.212747 1.397100 -1.278982 0.875546 1.579757 -0.862944 -1.625800 1.490769 0.528727 -0.601194 0.465888 0.239457 -0.866334 0.841866 0.583314 0.507449 0.377627 -0.059129 -1.238651 0.074801 0.555458 -1.046103 0.519155 -0.318219 1.362712 -1.215017 -0.011198 0.100230 0.022553
2.512707 0.922810 -0.738833 -0.161303 -0.007038 -0.423654 0.141062 0.235477 0.218741 0.054187 0.016790 -0.214424 -0.167940 0.187053 0.326872 -0.014994 -0.190481 -0.062310 -0.072716 0.140501 0.004218 -0.119480 0.159928 0.018744 -0.020694 -0.053930 0.051591 -0.060233 -0.035202 -0.051490 -0.097646 -0.125598 -0.150410
-1.998503 2.784104 -4.140613 1.875396 -0.270753 0.193707 -0.338547 -0.301907 -1.053893 0.508167 0.002192 -0.320218 0.787544 -0.249859 0.215309 -0.599444 -0.273147 -0.132661 -0.331927 -0.179630 0.035415 0.428955 -0.081547 0.233948 0.420670 0.331631 0.115095 -0.055548 -0.142277 0.022711 0.081192 -0.078604 -0.035923
-4.926855 6.777616 0.755202 -1.502882 -1.245072 -3.823298 3.560266 1.145427 1.906520 -1.211284 0.430177 -0.965734 -0.440365 -0.599618 -1.694146 0.580787 1.773180 -0.021308 0.962786 -1.683046 -1.280904 -1.533075 -0.483190 0.712654 0.584242 -0.427355 -0.096554 0.420397 0.164584 -1.982988 0.298928 0.219792 -0.322715
-10.866555 0.533010 2.707975 -1.890779 0.541804 -3.521622 1.054158 -2.208255 1.771500 0.315699 1.067524 -2.274072 -2.130120 -2.903189 -0.419313 -0.144884 0.402391 -0.781350 -1.238020 0.278603 -1.542225 -1.000789 -0.585360 -0.824861 -1.119200 0.167328 -0.232094 0.487122 0.486441 -0.486561 -0.721559 -0.220185 0.438012
-3.762053 0.984825 3.786829 -0.994480 1.582595 0.369275 0.774260 -0.214515 0.272591 -0.329645 0.434086 -1.518618 0.363217 -1.876797 -0.627776 -1.775717 1.277666 -1.080021 -0.432729 1.276856 0.036938 0.437698 0.556114 0.332242 -0.451800 -0.020686 0.124192 0.250285 -0.177944 0.928598 0.556163 0.907017 1.602100
4.319558 0.274139 0.021905 -0.313457 -0.364951 0.210882 0.071518 0.094649 0.476564 -0.113464 0.042585 -0.112272 -0.020258 0.007975 0.218558 -0.022103 -0.215981 0.026206 -0.107274 0.146397 0.073002 -0.015814 0.058284 -0.056312 -0.047043 0.035732 -0.045800 -0.030307 -0.036464 0.003474 -0.015635 0.040196 -0.053914
0.973735 -1.874146 1.826543 3.293553 0.584296 -0.975800 1.439071 0.308959 -1.190841 0.108309 0.246674 -0.006639 -0.368805 0.128718 -0.374072 -0.217954 -0.430065 -0.166046 -0.333463 -0.325288 0.104310 0.549810 0.369806 -0.405161 0.406194 0.004387 -0.050502 0.956656 -1.065189 0.074807 0.401934 -0.470910 0.387351
-7.424858 9.223967 2.694504 2.533212 -0.541824 0.010432 -1.194889 0.509690 -3.652059 4.098420 -2.734398 2.288570 1.753226 1.813309 -2.689463 1.132120 0.681779 0.394456 0.945255 0.043933 -0.408285 -1.344371 1.100924 1.101686 0.594248 -0.290478 0.036685 0.116150 0.391621 -1.302895 1.043367 0.820799 0.809685
-0.113112 3.555423 1.655302 -1.680667 0.384459 0.898710 -0.730795 -0.053867 -0.129286 0.449921 -0.379137 -0.418714 -0.753488 0.020512 0.667610 -0.333584 -0.973299 -0.008604 -0.772748 0.597530 0.314252 0.354293 -0.054735 -0.399487 -0.562572 -0.027413 0.077206 -0.111494 0.074477 0.139789 -0.014335 -0.010418 0.016838
1.697455 0.803986 2.568755 0.160711 0.623461 -0.017502 -0.273902 -0.796050 -0.288994 0.671842 -0.508059 -0.244398 -0.403140 -0.159960 -0.115602 0.186336 0.305292 0.487297 0.204340 0.128809 0.156245 -0.290083 0.148087 -0.308420 0.374519 0.098715 -0.153213 0.325746 -0.356938 -0.185091 -0.255582 -0.081207 -0.591569
-1.686692 -1.483643 -2.155089 -0.159637 0.683616 0.278569 -0.346799 -0.202697 -0.030084 -0.034025 0.217925 -0.247117 0.096196 0.176837 0.162792 -0.162158 0.270745 0.114368 0.114507 -0.009499 0.115831 0.069502 0.109137 -0.082567 0.074146 0.373666 -0.265889 -0.033605 -0.163939 0.381170 0.141565 0.051792 0.073416
0.639560 -2.168777 0.999026 -0.086478 -0.159627 0.193411 -1.046617 -0.622905 -0.204619 -0.605478 0.404116 0.164465 1.060204 -0.194560 0.556560 -0.080120 -0.088539 -0.388450 0.632460 -0.445262 0.245982 0.422039 0.320601 0.802470 0.327508 -0.315058 0.361272 -0.012152 -0.255709 -0.268942 0.438027 0.119188 0.084919
-0.866275 -1.631990 -0.351036 -0.793793 -0.913898 0.214646 -1.277091 1.349952 0.291291 -0.846706 0.726906 0.618589 0.488107 0.376006 0.212159 -0.039185 -0.748197 -0.517302 0.187917 0.157690 0.281393 0.347220 0.476097 0.043005 -0.023556 -0.025573 0.243193 0.726464 -0.398088 -0.669790 -0.139376 -0.079213 0.295836
4.011521 -0.546116 1.183498 -0.265373 -0.011998 0.436614 -0.766818 -0.516963 0.060035 0.618126 -0.301495 0.254131 0.129866 0.296586 -0.373298 0.222448 0.405139 0.150150 0.190809 0.105046 -0.238371 -0.487058 0.684377 -0.079001 0.261302 0.039225 -0.180017 0.076459 -0.170138 -0.118084 -0.140030 -0.231260 -0.321067
3.838402 -0.472803 -0.671699 0.501713 -1.008494 -0.063296 -0.592936 0.322883 0.407112 -0.322846 -0.123097 -0.062422 -0.045806 0.358153 0.345452 0.157562 0.004691 -0.286911 0.002433 -0.015169 -0.090221 -0.107965 -0.041463 0.214332 0.036145 -0.101781 -0.086448 -0.308272 0.217035 -0.062672 -0.081893 0.051399 0.153387
4.392883 0.396067 0.393095 -0.443549 -0.515308 -0.176686 0.089826 0.056723 0.538082 -0.193073 0.038013 -0.326960 -0.136944 -0.091744 0.323120 -0.208642 -0.217982 0.052790 -0.175147 0.262729 0.184444 -0.088186 0.142075 -0.102777 -0.087555 -0.005624 -0.063639 0.062728 -0.084906 -0.049873 -0.009028 0.093652 -0.058931
2.252474 -0.127351 -0.361815 1.431737 -0.453990 -0.782413 0.128109 -0.348111 -0.197660 0.394709 0.044799 -0.219367 0.234475 -0.051549 -0.044122 0.017650 -0.481880 -0.128052 -0.209050 -0.291767 0.189143 -0.372267 0.193217 0.359669 0.338557 -0.297690 0.174456 -0.074431 -0.406889 0.522845 0.046857 -0.065993 0.047784
3.701812 -0.389848 -0.097289 0.029590 -0.605863 -0.293465 -0.125595 0.005879 0.431450 -0.103260 -0.057283 0.062677 0.094328 0.176474 0.187278 0.058835 -0.088466 0.047621 0.004950 -0.038870 0.030689 -0.070016 0.044567 0.050903 0.056519 -0.064243 -0.041076 -0.000168 -0.054361 -0.060835 -0.041328 0.061167 -0.079997
3.319903 -1.075366 0.040044 -0.219745 -0.524099 -0.271058 0.164188 0.376407 0.581686 -0.310020 0.153682 0.038419 -0.044656 0.128801 0.267271 0.066701 -0.230060 0.008646 -0.014699 -0.048194 -0.023209 -0.149845 0.114438 -0.014866 0.037673 0.007255 -0.066105 0.092711 -0.071863 -0.132359 -0.071606 0.034196 -0.038800
1.684342 0.268258 0.156568 -0.746428 -0.261545 -0.047011 -0.062292 -0.064652 0.176191 -0.052648 0.073279 0.011970 -0.279519 0.087989 0.256634 -0.043601 -0.249244 0.001172 0.043743 0.041140 0.065226 0.355580 -0.211666 0.010375 -0.018287 -0.010860 0.093202 -0.047452 0.049533 -0.164043 -0.149772 -0.079164 -0.207710
4.640379 0.217711 0.600445 -0.310067 -0.497574 0.107408 -0.172489 -0.084662 0.507455 -0.151376 -0.049717 -0.131878 -0.024914 -0.011818 0.288937 -0.105147 -0.177941 0.044334 -0.121857 0.216793 0.105647 0.036868 0.030020 -0.036041 -0.023998 -0.000735 -0.025816 -0.118511 0.025854 -0.017498 -0.059411 0.026230 -0.122984
0.747282 -1.081439 -1.570528 0.188818 -0.537740 -0.017578 0.066826 0.196832 0.085688 -0.162277 0.001872 0.123668 0.221807 0.033685 0.051224 -0.133586 -0.187929 -0.157195 -0.023684 -0.272151 0.274532 -0.132202 0.078410 0.294006 -0.083974 -0.422312 0.024331 0.141368 -0.035224 -0.578286 0.006237 0.117755 -0.120341
3.935704 -0.583482 0.066467 0.183362 -0.364229 -0.260754 -0.204186 -0.272322 0.344453 0.104269 -0.025490 -0.096435 0.023637 0.082554 0.037504 0.042259 0.096696 0.165550 0.123328 0.105853 0.019664 -0.391626 0.274684 -0.081522 0.135158 0.066959 -0.127679 -0.040546 -0.059032 0.004830 -0.109699 0.021997 -0.252798
-3.989485 3.540177 -0.379506 -0.511790 0.989536 0.469188 -0.811655 0.368426 -0.394136 0.332081 -0.158857 -0.196054 -0.055379 0.495953 0.658540 0.387388 -0.527709 -0.218330 -0.425340 0.041610 -0.147215 -0.994880 0.674527 -0.284951 -0.426891 -0.054081 -0.325250 0.086246 -0.253473 0.586977 0.224567 0.117719 0.462915
2.682420 0.361435 -0.768354 -0.187900 0.209801 1.005483 -0.554465 -0.066268 0.119149 0.177219 -0.041636 -0.014040 0.051136 0.225008 -0.060287 0.216814 0.307990 0.037213 0.061898 -0.040189 0.045109 0.022608 0.222717 -0.037934 0.104273 0.199850 -0.108474 0.044478 -0.140205 0.025028 -0.020939 -0.013805 -0.086379
2.212404 2.047213 1.333044 -1.339948 0.042338 0.805575 -0.476703 -0.318980 0.205373 -0.156520 -0.074441 -0.403753 -0.462328 -0.236334 0.686864 -0.556158 -0.735522 -0.059290 -0.493403 0.635330 0.392593 0.790504 -0.278768 -0.247502 -0.454157 0.034895 0.110903 -0.294520 0.190716 0.082416 -0.097015 -0.072562 -0.221303
-2.914401 -0.305219 -3.358603 -0.634067 0.431061 1.715528 0.323631 0.320399 -0.533019 0.560658 0.371678 0.164211 0.199801 0.117181 0.403243 -0.098240 0.180730 -0.435894 0.041661 -0.213156 -0.374320 0.405549 -0.071225 0.445781 -0.415922 -0.617216 0.256222 -0.304900 0.690870 -0.577767 -0.262650 -0.224187 -0.259871
-4.070846 0.871079 -3.984642 -0.441867 0.098154 2.973549 0.059393 -0.028662 -0.163259 -0.075545 0.078661 -0.208870 -0.272768 -0.325185 -0.172946 0.065971 -0.384291 -0.002857 0.008227 -0.058509 -0.064321 0.768775 -0.685943 -0.067430 -0.461070 0.205592 0.128903 -0.059484 0.455029 0.076490 -0.010616 -0.032745 -0.117305
-5.916017 -2.185399 0.004884 -0.971113 -0.556466 -0.064910 0.099056 -0.831873 -0.455237 -0.585490 0.679582 -0.137650 -0.209478 -0.397732 0.173727 -0.759708 0.303893 -0.148276 0.189319 -0.256130 0.297882 0.994861 -0.411488 0.105022 -0.333657 -0.154576 -0.046906 -0.412073 0.603706 0.022986 -0.048040 -0.040975 0.276407
-1.042268 -4.771320 0.016942 -5.202116 -2.999731 -1.915216 0.549282 3.563196 -6.284592 -3.022717 -2.887675 0.730854 0.032639 -2.982977 1.393071 6.043954 1.876718 -2.480883 -3.925372 1.343770 -0.035993 0.855108 0.114277 -2.181192 2.600867 -1.169016 -1.360049 -1.096399 -1.606099 -0.124274 2.604585 -1.828039 -2.190785
-4.745949 -0.150307 2.515625 -2.999997 1.095218 0.159677 0.301932 -0.463633 -0.158607 0.428995 0.493924 -1.320675 -2.405414 -0.192085 0.915494 -0.716868 -1.581587 0.403256 -1.074678 0.809684 0.411595 -0.256635 0.673626 -1.361429 -1.063681 0.308058 0.025409 0.136269 0.054959 -0.792205 -0.631556 -0.333114 -0.865659
3.028515 -0.419878 0.397850 0.815387 -0.427017 -0.068565 0.204281 -0.186638 0.376557 -0.257726 0.088306 0.285340 0.197428 -0.035389 0.146224 0.137256 0.080190 0.199644 0.311851 -0.063094 0.294271 0.425279 -0.301734 0.122439 0.151305 0.101532 0.094589 0.190230 -0.147309 -0.248492 -0.232061 0.136197 -0.461899
-5.700718 2.477680 1.107099 -2.055535 0.678049 0.735393 0.085516 0.388809 0.014265 -0.009899 -0.464868 1.092542 -0.207265 -0.340415 0.208140 0.406131 -0.116344 0.151587 -0.116624 -0.035405 -0.610799 -0.306556 0.238341 -0.604806 -0.249442 0.562556 0.192632 -0.276087 0.860115 0.455095 -0.702556 -0.670421 0.086147
-3.104302 -2.137392 -2.545822 -0.668013 0.360546 2.167686 0.281182 0.356047 1.396651 -0.279172 -0.510448 -0.835199 0.914625 0.470394 -0.920084 0.192345 0.568659 0.220135 0.112219 -1.085930 -0.631047 0.618615 -0.387624 -0.766666 -0.189202 1.176343 0.107453 -0.526679 -0.461213 -0.246322 -0.176951 0.052385 0.045625
-2.080086 4.410513 0.768226 -0.468025 -1.283690 0.189017 0.245044 -1.302652 -0.375002 -0.889067 0.486714 0.266544 0.596025 -0.665105 -0.635443 -0.061089 0.401270 -0.269508 -0.504151 -0.500618 -0.295272 -0.814382 0.125690 -0.454828 -0.495547 -0.036493 -0.340181 0.202768 0.204079 -0.377248 -0.088235 0.111289 0.204823
-6.346146 -5.265475 5.076106 6.896789 2.089962 -1.820488 4.145890 1.168843 -2.490197 -0.230040 0.318162 -0.669490 -1.015434 0.848999 -0.501092 -0.316049 0.154922 0.626828 0.602545 -0.417695 0.926064 -0.915458 0.128751 -0.140730 0.710411 0.216386 0.524595 -1.016359 0.385268 0.846086 -0.441168 -0.906087 0.953899
-0.821907 2.686190 0.044644 -0.682470 -0.509542 -0.424685 0.373769 -0.589422 -0.042332 -0.742728 0.626617 -0.153624 0.700466 -0.696011 -0.237368 -0.601240 0.562906 -0.100874 -0.216047 -0.230722 0.050766 0.081576 -0.557168 -0.494096 -0.294547 0.205504 -0.335272 0.008051 0.453737 -0.375691 -0.128439 0.220382 0.166979
2.237131 -1.120981 0.274587 -0.705758 0.098347 0.200366 -0.375465 -0.123625 -0.190480 0.553090 -0.239961 0.290513 -0.134586 0.364989 -0.078346 0.367657 -0.042131 0.208861 0.081563 -0.127770 -0.024438 -0.419000 0.175905 -0.176181 0.006888 0.143553 -0.219841 0.152159 -0.149200 0.179362 -0.073854 0.174987 0.029683
2.732221 1.216690 1.200813 -0.854169 -0.480924 -0.168526 0.516615 0.054949 0.910236 -0.578662 0.242523 -0.441195 -0.487289 -0.378634 0.463079 -0.086819 -0.270972 0.087490 -0.166846 0.007742 -0.125144 -0.032007 -0.131034 -0.194130 0.056420 0.218656 -0.097154 0.001297 0.135011 -0.209200 -0.286668 -0.199052 -0.372587
0.511526 0.223958 -2.405684 -0.193331 0.388504 0.529300 0.277134 0.008360 0.202600 -0.329323 -0.069474 -0.235872 -0.148614 0.163822 0.227609 -0.091306 -0.405838 -0.243102 -0.004271 0.106447 -0.307821 -0.134371 -0.099700 0.190442 -0.011781 -0.036649 -0.057937 -0.167173 0.256528 -0.237151 -0.146994 -0.300187 -0.292639
2.191319 1.525793 1.383862 -1.348189 -0.277442 0.629815 0.233722 -0.016546 0.675268 -0.375492 0.092014 -0.537432 -0.392908 -0.334298 0.371323 -0.324306 -0.356030 -0.024612 -0.286803 0.311531 0.111212 0.158153 0.017685 -0.223463 -0.119904 0.101661 0.004104 -0.064967 0.137478 -0.056435 -0.111927 -0.157345 -0.025925
0.473834 -0.046969 0.736628 1.742463 0.251153 -1.437537 0.685728 0.196558 -0.112064 -0.086138 -0.274620 0.139068 0.545242 0.062857 0.340436 0.377974 0.107115 0.381466 0.309717 0.054786 0.592376 -0.662252 -0.123704 0.015381 0.213980 -0.155365 0.352613 -0.102852 -0.166669 0.075011 0.064287 0.027812 0.022348
0.227046 -0.093599 -1.165294 -0.755777 -0.145690 -0.010791 0.304142 0.537375 0.372555 -0.221534 0.164613 -0.190911 -0.103973 0.039424 0.354526 -0.256222 -0.204100 -0.268495 -0.013677 0.041314 0.091881 0.161459 0.180272 0.235959 -0.040966 -0.359293 0.218333 -0.110621 0.189514 -0.690552 -0.175475 -0.205486 -0.061862
3.663393 0.616211 -0.045388 0.031348 -0.523583 -0.345293 0.163598 -0.102394 0.316653 -0.161975 0.273188 -0.163556 0.402399 -0.059341 0.049024 -0.147383 0.069349 -0.164729 -0.063976 -0.020743 0.226928 0.018213 -0.139819 -0.016974 -0.085492 -0.053931 -0.198939 -0.035107 0.001357 -0.208197 0.025722 0.282235 0.000506
4.210571 -0.033555 -0.187860 -0.008412 -0.327870 0.083230 -0.074963 0.019183 0.299295 0.082843 -0.003601 0.034719 0.044412 0.128556 0.031428 0.179970 0.023255 0.013990 0.000039 -0.013478 -0.014712 -0.136209 0.131854 0.003906 0.071266 0.020091 -0.057961 0.027409 -0.060113 -0.012566 -0.033991 0.026794 -0.073160
-1.428865 -3.299241 1.467757 0.129312 0.354499 0.484658 -0.690344 -0.120507 0.293217 0.140030 -0.328824 0.538559 0.052634 0.100976 0.267832 0.442311 -0.303966 0.421558 0.207007 -0.074544 0.172865 -0.282974 -0.181336 -0.348208 -0.169587 0.107106 -0.090807 -0.161162 0.367063 -0.022206 -0.206047 0.142097 0.070788
1.060254 -1.760555 0.997194 1.114834 0.133820 -1.408766 0.621965 -0.105962 0.468858 0.123462 -0.272552 -0.068772 0.034723 -0.103787 -0.006724 0.338315 0.196929 0.582282 0.352801 0.018470 0.327702 -0.725120 -0.073768 0.035261 0.211433 -0.051015 0.141701 -0.144492 -0.074863 0.090237 0.097933 0.099762 -0.177186
-12.994420 -11.457014 0.112171 2.548909 6.834184 -2.273272 3.471541 -1.455049 -0.374198 1.737940 -1.270542 0.455421 1.524202 -1.207684 1.569178 0.480401 0.084894 2.936101 1.346396 1.866949 2.172384 -3.109419 -0.848048 0.630713 -0.408290 2.024838 0.486595 1.105391 -1.546409 1.789404 -0.048068 1.586234 -1.177216
4.079347 0.770183 1.009015 -0.599242 -0.531777 -0.051647 -0.083714 0.025574 0.643636 -0.177589 -0.108224 -0.161467 -0.000760 -0.084384 0.146813 -0.144285 0.011699 0.012471 0.029780 0.250007 -0.020953 0.058956 0.143592 0.117753 0.117677 -0.051717 0.083996 -0.029792 -0.064514 -0.039770 -0.057012 -0.065669 -0.191020
-13.514695 -9.674232 -1.994343 1.152982 -2.928625 0.258398 -2.201672 2.553116 0.885853 -1.096599 0.694166 1.366825 0.960788 0.224985 0.376089 0.445090 -1.099667 0.024924 0.384683 -0.953210 0.442949 1.178970 -0.029201 0.302659 -0.232712 -0.460679 0.280539 0.315454 0.137404 -0.883549 -0.110616 0.212180 0.589649
1.345970 -0.431249 -0.400733 -0.908768 0.571397 1.643414 -0.637337 -0.069560 -0.196680 0.889798 0.112489 0.681521 0.459874 0.577467 -0.472582 0.500900 0.007473 0.282968 0.098137 -0.032739 -0.491444 -0.280583 0.275140 0.055975 0.051915 0.136635 -0.188180 0.128695 -0.054589 0.083051 -0.113341 -0.028708 0.089549
1.457735 1.866952 0.373660 -0.564556 0.030152 -0.228194 0.003490 0.025344 0.175743 0.090618 -0.084614 -0.002127 -0.318240 0.015611 0.304912 -0.146519 -0.113711 0.078034 0.126247 0.308782 -0.024737 0.745118 -0.367948 0.116767 0.095109 0.143045 0.252974 -0.312547 0.251858 0.212545 -0.275824 -0.292859 -0.327244
4.056835 0.632628 0.118725 -0.227279 -0.512488 0.146002 -0.081132 -0.109100 0.305393 -0.118624 0.068356 0.012778 0.069337 -0.093399 0.166294 -0.081418 -0.024742 0.018928 -0.046007 0.060169 0.000115 0.125991 -0.047091 -0.032235 -0.036497 -0.009722 -0.050923 -0.079483 0.087822 -0.099626 -0.101715 -0.027348 -0.127705
-2.745981 5.121630 4.703415 -4.565154 0.607577 1.033620 -0.176291 -0.308398 1.181697 -1.710276 0.115924 -2.302963 -1.653279 -1.218868 1.649680 -2.287689 -2.010812 -0.029985 -1.824336 1.869478 0.320168 0.578104 0.557570 -1.301883 -1.603299 -0.026427 0.002848 -0.286559 0.613293 0.131692 -0.370833 -0.365158 -0.162006
2.471347 0.882620 -0.775968 0.218898 -0.062007 -1.013386 0.385019 0.497774 0.372268 0.215924 0.117595 -0.380328 -0.224185 0.158002 -0.127493 0.093201 0.205655 -0.074178 0.162729 0.021376 -0.236535 -0.343994 0.424759 0.300389 0.239566 -0.122095 0.205016 0.158710 -0.392942 0.109635 0.158306 -0.043354 -0.027172
3.560124 0.243446 -0.190283 -0.000766 -0.295199 -0.137553 -0.230662 -0.123603 0.317901 -0.053419 0.045295 -0.221360 -0.112824 0.056719 0.285156 -0.109317 -0.230409 0.024846 -0.133330 0.163070 0.060828 -0.005032 0.129256 -0.046469 0.030119 0.065452 -0.028278 -0.078762 -0.070436 0.113026 0.049976 0.018463 -0.091925
-0.049647 -1.535606 -2.714970 -0.362719 -1.981558 1.640720 1.220268 -0.736414 -0.106856 0.210148 0.316723 -0.030816 0.045223 -0.294319 0.020091 -0.060127 0.124421 0.048355 0.269688 -0.316925 -0.150377 0.466056 -0.407187 0.067116 -0.377738 -0.718199 0.099022 -0.290032 0.951186 -0.627000 -0.006038 -0.106673 -0.307566
-8.107217 7.353397 -2.661709 2.863278 4.081110 1.422300 -4.459936 0.604927 -4.776191 1.197484 -2.066257 -1.073674 -0.494306 -1.137229 -0.982972 -0.946130 0.463540 -0.564138 1.043868 -1.510523 -0.806153 -0.604246 -0.864874 0.354234 0.768033 0.501409 -0.281384 -0.203676 1.122546 -0.753645 -0.098255 -0.558846 -0.110011
3.428970 -0.369448 0.045519 0.729082 -0.469623 -0.758782 -0.172676 -0.471806 0.183259 0.102520 -0.010197 -0.056749 -0.038918 0.102048 0.146106 0.056135 -0.135865 0.184933 0.085377 0.021516 0.145606 -0.231668 0.229731 0.060210 0.151946 -0.060627 0.015945 -0.059404 -0.190365 0.149950 0.017013 0.007716 -0.133656
-0.351597 -1.858712 3.539551 4.197001 1.676003 0.307928 3.127673 1.287012 -1.911441 -0.449139 0.556421 -0.590501 -1.190590 0.723790 -0.450396 -0.716022 -0.118613 0.438336 -0.410996 -0.318540 -0.108725 0.376184 -0.144956 -0.229908 0.083008 0.255529 -0.047347 -0.329972 0.058874 0.781137 0.241808 -0.095849 0.359749
0.084323 4.983825 2.264403 -1.570878 -0.846597 -2.670735 2.010132 0.275611 1.100746 -1.022556 1.401816 -0.940653 1.297108 -0.368203 -0.366171 0.018205 1.172893 -0.711834 0.529326 -1.268413 0.052133 -0.069014 -1.282163 0.035078 0.274631 0.503477 -1.407044 0.240627 0.182929 -0.973037 -0.367173 0.683090 -0.234238
-16.209618 2.708266 -3.157726 5.100593 0.991918 -3.342420 2.236088 -0.968928 -2.754521 1.507306 0.130424 0.115211 0.744981 -0.098600 -1.082319 -0.272786 0.345732 -0.642302 0.058316 0.170675 0.557973 0.109911 0.074058 0.457195 -0.284808 -1.151348 1.391589 -0.575924 -0.064610 0.506244 0.336254 -0.243971 0.443816
-1.304569 3.255313 0.367461 0.588651 -0.673812 -1.699830 -0.084548 -0.260085 -0.487433 0.527153 0.098171 0.481221 0.808524 0.076906 0.053779 -0.037657 0.140532 -0.131999 0.025862 0.109872 0.171901 0.188573 0.053029 0.204127 0.190085 -0.208100 0.292372 -0.049765 -0.330174 0.513836 0.013116 -0.040938 0.077494
2.932741 -0.286561 -1.115906 -0.139046 -0.395310 -0.241323 0.321754 0.198021 0.311254 -0.119382 0.172192 0.074995 -0.033050 0.084175 0.094498 0.060811 0.034877 -0.003355 0.123484 -0.091201 -0.034788 -0.141151 0.149728 0.112480 0.092100 -0.068856 0.076957 0.041464 -0.041903 -0.209594 -0.052862 -0.035122 -0.044519
-9.310661 -1.386337 -5.713259 1.799893 -2.099759 0.548512 -1.179217 0.208710 -0.673173 -0.589213 -0.835058 1.761930 1.056452 0.860454 0.297444 -0.909768 -1.609385 -1.026206 -0.547424 -0.971379 0.376578 0.703506 0.201308 0.983110 0.248531 -1.441993 0.166920 0.972030 -1.212719 0.500974 -0.702862 0.184706 -0.101308
-1.931197 0.470992 0.761839 -1.955609 -0.338140 1.917882 -0.490808 -0.177322 0.005479 -0.306830 0.095251 0.411849 0.728747 -0.395478 0.208798 -0.797415 0.601618 -0.419496 0.676707 0.243163 0.101559 1.905398 -0.278843 0.864778 0.241555 -0.235053 0.577744 -0.345388 0.395974 -0.209403 -0.249072 -0.405598 -0.301169
-4.896910 0.605906 2.446509 -0.993692 1.085717 2.557693 -2.881330 -1.612980 -2.908223 1.621171 -0.629757 2.576687 1.326551 0.790827 -1.985948 0.781578 2.248201 0.221434 1.664764 -0.694271 -0.322842 0.561283 -0.752244 0.617144 0.775737 0.269507 0.168311 0.139054 0.163413 0.001062 -0.544064 -0.076510 0.298757
2.529127 -0.190406 1.169919 -0.757251 0.062286 1.184890 -0.970642 -0.383371 -0.385826 0.801240 -0.268501 0.730996 0.589306 0.309159 -0.631654 0.338816 0.658870 -0.069369 0.510178 -0.096566 -0.356356 -0.041649 0.341865 0.210539 0.357687 -0.062719 -0.014343 0.088099 -0.085829 -0.076688 -0.085607 -0.104996 -0.106912
-0.079536 0.146973 -2.930211 0.288885 -0.583800 0.832690 0.460435 -0.544731 -0.228864 -0.251186 0.099965 0.250679 0.162166 -0.151328 -0.066442 -0.214829 0.112427 -0.256079 0.112382 -0.189574 -0.192401 0.342856 -0.469554 0.149398 -0.188776 -0.186465 0.070039 -0.189259 0.494873 -0.358311 -0.101025 -0.067776 -0.101452
3.361976 0.562320 -0.286079 0.281183 -0.276548 -0.461816 -0.167111 0.060884 0.130650 0.155308 -0.086037 -0.006353 0.084820 0.130151 0.033226 -0.049194 0.045534 0.016951 0.025854 0.106796 0.031149 -0.044813 0.006987 0.035034 0.055271 -0.098328 0.030618 -0.015624 -0.057376 -0.104773 -0.088119 0.026892 -0.143613
3.666785 -1.188630 -0.269324 -0.076759 -0.084785 -0.710315 0.193467 -0.260773 0.060537 0.389570 0.174617 -0.199719 -0.246583 0.050348 -0.027955 -0.009068 0.087401 0.017780 -0.019648 0.015024 -0.047847 -0.238634 0.258556 -0.109990 0.122376 0.157703 -0.227898 0.053036 -0.282770 0.320897 0.030387 0.097333 0.075463
-7.184448 3.511475 -0.404657 6.887076 1.585151 -1.273732 4.301223 2.279144 -3.394560 0.989843 1.104249 0.807574 0.081670 1.589849 -1.577396 -0.893010 0.623226 0.029423 -0.292365 1.725458 0.121033 1.102306 0.621792 -0.085274 -1.222554 -0.002344 0.318464 -0.146394 -0.536647 0.061873 1.588871 1.002600 0.134180
4.280364 0.464973 0.147231 -0.290422 -0.592518 0.206691 0.065542 -0.191489 0.467772 -0.231977 0.032259 0.006214 0.214100 0.041523 -0.012160 -0.057262 0.123839 -0.129000 0.235912 0.103076 -0.058358 0.319225 -0.183057 0.229336 0.158908 -0.116846 0.203059 -0.134673 0.079814 -0.110400 -0.010539 -0.074362 -0.216485
2.657100 -0.179049 2.578514 3.138152 0.880888 0.365849 3.134326 1.619069 -1.358097 -0.813137 0.538316 -0.516917 -1.099139 0.573006 -0.341925 -0.564620 -0.102451 0.283612 -0.249068 -0.439206 -0.387771 -0.109971 -0.012413 -0.155972 0.278843 0.215406 -0.114075 -0.000169 -0.028877 0.123235 -0.115397 -0.179465 -0.178584
-6.079166 -7.371973 0.697135 -2.588655 -0.247600 0.667216 -2.729912 1.765450 0.324839 -0.859785 -0.331570 2.531943 0.934890 1.572807 0.442281 0.794821 -0.946201 -0.518046 0.161611 -0.506950 -0.358972 -0.214904 0.640568 0.081780 -0.500698 -0.404003 0.020053 -0.008872 0.330153 -0.263869 -0.177395 0.375329 0.819062
1.359466 -1.121018 0.787754 -1.832389 -0.143378 0.013504 -0.357445 -0.601524 0.143078 -0.376452 -0.383727 -0.439646 -0.526087 0.234772 0.774833 -0.685739 -0.552022 0.308462 -0.277890 0.398955 0.424752 0.060411 0.262014 -0.520185 -0.450142 -0.121590 -0.463449 -0.147497 0.127091 0.541772 0.127088 0.295477 0.041870
4.173603 -0.402947 0.014398 0.114980 -0.493203 -0.420082 -0.072671 0.104533 0.531748 -0.038371 -0.011092 -0.016767 -0.035035 0.234166 0.124350 0.109655 -0.124279 0.100564 0.015914 -0.005334 0.043620 -0.254908 0.138709 -0.006073 0.067482 -0.031494 -0.047746 -0.010328 -0.039889 -0.063962 -0.031933 0.025965 -0.130153
-7.642733 -1.138851 -5.041487 -0.801151 1.997773 0.319479 0.760078 0.280255 -0.464587 0.023087 0.571609 0.251524 0.135745 -1.137551 0.785696 -0.618129 -0.121718 -0.152111 0.605580 -0.471066 -0.631868 -0.009373 0.194711 0.042352 0.072779 0.453755 -0.060636 0.347074 0.047342 0.061964 -0.148622 0.245486 0.165163
-6.379484 5.501783 0.990402 -0.928610 -0.735637 0.457481 -0.653698 -0.813791 -1.276130 0.296219 0.258346 0.916934 2.382122 -0.902477 -0.418147 -1.076759 0.007953 -0.120956 0.103757 0.430696 0.386685 1.674315 -0.365095 0.285479 0.204309 -0.301679 1.071451 -0.224007 -0.216770 0.548575 0.061669 -0.286840 -0.458488
-0.384783 -1.503028 1.158120 -1.574984 -0.427064 -0.140325 -0.694742 0.403911 0.323884 -0.249360 0.055215 0.388583 -0.159369 0.170462 0.198334 -0.153719 -0.561438 0.175621 0.158739 -0.088229 0.309561 0.130309 0.720336 -0.457650 0.060458 0.231505 -0.154629 0.860678 -0.714566 -0.311945 -0.013797 0.036813 0.096744
3.834255 0.243745 1.836942 0.044350 0.205968 0.566438 -0.014815 0.007802 0.116939 0.314901 -0.134577 -0.172566 -0.365090 0.258681 0.203070 0.179101 -0.433884 0.088864 -0.027215 -0.165506 0.419929 0.394558 -0.494078 0.132321 0.040012 -0.128301 0.100767 -0.150356 -0.044572 0.061383 0.120359 0.219489 0.127946
-0.139251 -2.396292 -0.713659 -0.161243 -0.766736 -1.170157 -0.112788 1.062103 -0.079838 -0.383136 1.007217 1.621026 1.036499 0.739248 0.410501 0.374550 -0.781136 -0.034797 -0.633234 0.053705 -0.471754 -0.551639 -0.153216 0.794708 -0.335059 -0.679509 -0.196130 -0.241039 0.723898 0.759789 0.688944 -0.477739 -0.226602
0.919982 1.925104 0.355722 -0.511327 -0.617853 -0.132125 0.171434 -0.477484 0.452972 -0.474937 0.229599 -0.201497 -0.596636 -0.578439 0.093700 -0.324160 -0.217360 0.169209 -0.430843 0.260612 -0.019034 0.039334 -0.123086 -0.519981 -0.446601 0.068747 0.040425 -0.060123 0.272141 -0.257790 0.002890 0.019891 -0.182914
3.990415 1.002853 1.714478 -0.962268 0.350621 1.543001 -1.276419 -0.382081 -0.627359 1.449903 -0.513154 0.823610 -0.078061 0.755047 -0.545187 0.830624 0.264783 0.056715 0.356817 -0.378607 -0.087020 0.370366 -0.222738 0.184235 0.206808 -0.014005 0.028085 0.104981 -0.009385 -0.071123 -0.109940 0.028968 0.040334
3.725031 0.559265 0.324606 -0.210880 -0.404010 0.117279 -0.125939 -0.072953 0.310850 -0.062098 0.026450 -0.038303 0.098740 -0.033975 0.089267 -0.076636 0.071362 -0.018852 0.066561 0.133047 0.029595 0.088499 0.031166 0.091895 0.100177 0.001214 0.023441 -0.054657 -0.011176 -0.021372 -0.060800 -0.008531 -0.103527
3.008016 -0.821297 -0.155134 -0.201954 -0.571647 -0.436040 -0.197461 0.216250 0.758966 -0.362378 -0.092170 0.166688 0.083218 0.347635 0.380743 -0.030469 -0.356200 0.079517 -0.072224 -0.115782 -0.119875 -0.113326 0.220150 -0.155838 -0.047677 -0.178614 -0.141276 -0.022840 0.079825 -0.067668 0.038167 0.050996 0.010941
2.681154 1.896811 0.075800 -0.029801 -0.744240 -1.440021 0.614864 0.243910 0.404740 0.066656 0.202691 0.186513 0.255572 0.054959 -0.363268 0.082417 0.503057 0.115553 0.029294 0.096342 -0.048002 0.014077 -0.108676 -0.223577 -0.178521 0.210023 -0.089820 0.011071 0.149700 -0.085188 -0.028654 0.200272 -0.036350
1.641442 -1.512485 1.277936 2.422619 1.348432 -0.267251 0.613493 -0.790235 0.956607 1.291597 0.524816 -0.419769 -0.227086 -1.813980 -0.186780 1.160746 0.134680 -0.939069 -0.522891 0.299474 -0.158507 -0.020451 -0.124681 0.467421 -0.083162 0.322186 0.211811 0.217098 -0.388228 0.156113 -0.172797 -0.045686 0.215711
-7.252957 -0.166010 6.487349 -0.939673 0.836148 -2.335786 -0.723950 -2.483926 1.358416 -0.310710 1.075677 -1.875405 -1.596507 -1.640987 1.386180 -0.994191 -1.214818 0.568902 -0.673970 0.861726 0.425339 0.691415 0.539095 -0.733433 -0.316829 0.863142 0.632109 0.075261 -0.095777 0.588822 -0.011772 -0.301227 -0.807962
-1.870733 -3.073559 -0.580540 2.091522 1.075337 -0.556363 0.572291 0.255909 -0.568346 0.481130 0.598567 -0.573298 -0.339385 -0.108498 -0.133016 0.070593 0.155316 -0.198416 -0.096619 0.109770 -0.198024 0.059443 0.226650 0.156052 -0.011918 0.235301 0.025226 0.008581 -0.228491 0.574561 -0.028660 0.041948 0.154580
-7.452491 -2.544237 -2.268377 -2.178942 1.202441 1.410542 1.318577 0.772364 -0.254797 -0.300048 0.943363 0.527080 0.375577 -0.425968 0.514977 -0.627603 -0.380078 -0.094526 0.070732 0.525694 -0.039996 0.748287 0.043209 -0.104345 -0.450847 0.227007 0.303989 -0.154804 0.240322 0.334410 -0.072332 0.042595 0.225389
4.269273 0.685834 -0.172844 0.191437 -0.586782 -0.555499 0.158347 0.247805 0.608255 -0.126123 -0.094797 -0.036548 -0.303255 -0.043433 -0.008196 0.074865 0.054740 0.153012 0.037199 0.035750 -0.237670 -0.193785 0.022270 0.022076 0.195168 -0.016023 0.083151 -0.017179 0.071736 -0.113286 -0.110506 -0.121676 -0.143134
3.881371 -0.895870 0.069694 0.174009 -0.577020 -0.051558 -0.146827 -0.096350 0.389605 -0.123873 -0.169771 0.254683 0.237076 0.221233 0.059600 -0.023627 0.194726 0.054322 -0.040967 -0.149487 -0.144374 -0.066404 0.140050 0.094705 0.105628 -0.089045 -0.109440 -0.138340 0.157040 0.024973 0.032536 -0.044278 0.119200
1.028940 1.763590 0.941678 -0.910149 -0.231227 0.415371 -0.101659 0.288327 0.350473 -0.004868 -0.210919 -0.029884 -0.187250 -0.043765 -0.069381 0.108521 -0.100672 -0.204767 -0.121820 -0.098736 -0.150436 -0.287163 0.032731 -0.150794 -0.236502 0.043663 -0.113486 0.071556 0.073578 -0.004217 -0.053705 0.025803 -0.016066
3.985739 0.639332 0.362771 -0.429441 -0.484985 0.091783 0.104423 -0.041878 0.603167 -0.317276 0.077671 -0.336265 -0.196611 -0.160791 0.292773 -0.178292 -0.342071 0.038164 -0.286387 0.282293 0.112051 -0.007022 0.079916 -0.143095 -0.112073 0.032321 -0.061835 -0.063830 -0.010404 -0.024038 -0.042032 0.055968 -0.066292
1.527047 -0.571727 -1.783547 -0.216001 -0.102270 -0.559360 0.077480 -0.711240 -0.751193 -0.406444 -0.275748 -0.216427 0.054475 0.364404 0.391573 -0.324058 -0.009522 0.011773 0.216206 0.004509 -0.169086 -0.205456 -0.141838 0.313393 -0.280203 -0.556873 -0.030533 0.139066 0.017090 -0.147394 0.068302 -0.074948 -0.173760
1.112869 -1.152956 -2.244031 -0.295570 -0.732784 0.975161 0.261885 0.563336 0.324232 -0.193131 0.345456 0.131382 0.407605 -0.105678 0.050436 0.068894 -0.173249 -0.045944 0.116611 -0.086306 -0.277277 0.170228 -0.261146 -0.014323 -0.226581 -0.025684 0.097433 -0.029710 0.299328 -0.083929 -0.082798 0.058936 -0.056986
-5.049047 -2.637733 -2.445172 -1.680128 0.958390 0.664032 -0.036228 -0.194286 0.921639 -0.742937 0.842859 -0.550801 -0.331259 0.063479 -0.161540 -0.749109 -0.054315 0.310585 0.076128 -0.110690 -0.154898 0.191808 0.034395 -0.497903 -0.085759 0.786014 -0.493285 -0.087635 0.049396 0.496038 -0.021615 0.049689 0.045509
3.631767 0.218822 0.275234 -0.169783 -0.276424 -0.069186 -0.198205 -0.005558 0.238211 0.186898 -0.133743 0.055645 0.008449 0.200726 0.069489 0.065723 -0.086444 0.031668 -0.012258 0.049421 0.006589 -0.078053 0.089157 0.022683 0.068513 -0.002106 -0.035711 0.051629 -0.143835 -0.028570 -0.075486 0.041783 -0.126244
4.738991 0.845300 0.438659 -0.015559 -0.529917 0.017856 -0.168988 -0.186487 0.144686 0.130387 -0.004320 0.125515 0.051477 0.236647 0.100849 0.195680 -0.083986 0.004498 -0.108936 -0.020306 0.031124 -0.220921 0.176399 -0.091426 0.009412 0.004922 -0.144254 0.033219 -0.101142 0.055952 -0.052752 0.055944 0.022345
-4.652160 1.676896 3.054288 -1.584754 -1.620669 -1.532278 0.552151 1.411601 2.107456 -0.804810 -0.000670 0.456717 0.086249 0.424280 -0.440209 0.688870 -0.119406 -0.018851 0.435887 -0.396229 -0.249755 0.226798 -0.041775 0.722391 -0.429623 -0.651208 0.927664 -0.399292 0.369457 -0.209857 0.350921 -0.156016 0.325219
3.836629 0.715376 0.573224 -0.247649 -0.440956 -0.011369 -0.125411 -0.107894 0.295556 -0.008458 0.006861 0.027847 0.230587 0.012052 0.018811 -0.034759 0.105908 -0.033522 0.031286 0.075917 -0.011302 -0.075258 0.126462 0.045708 0.102618 -0.042750 0.004666 -0.026969 -0.048118 -0.053382 -0.049948 -0.017897 -0.123035
4.349197 0.715189 0.208068 -0.232923 -0.686595 -0.170928 0.201783 0.077088 0.531220 -0.063865 0.019814 -0.162659 -0.104407 0.037146 0.182759 0.108839 0.006882 0.027341 -0.056894 -0.052192 -0.015454 -0.113403 0.056754 0.016243 0.023341 0.000051 -0.070208 -0.115370 -0.020828 -0.133119 -0.038610 -0.002475 -0.139996
3.358326 0.943401 -0.504128 0.488548 -0.940566 -1.011781 0.259737 0.051390 0.385716 -0.003463 -0.078035 0.349776 0.235067 0.370041 -0.404564 0.230204 0.146868 0.055530 0.023260 -0.172936 0.212609 -0.219739 0.048057 0.097103 -0.224880 -0.351397 0.062116 -0.046256 -0.094124 -0.203650 0.339558 0.314485 0.048777
1.786234 -0.378175 0.158521 -1.259091 -0.667994 -0.928092 0.456790 0.542309 0.796125 -1.008993 -0.001783 0.242617 -0.194108 0.191537 0.314494 0.170819 -0.217060 0.280015 -0.023250 -0.442648 -0.468047 -0.491733 -0.090534 -0.125067 0.102849 0.165540 -0.261454 0.241484 0.036709 -0.212117 -0.055779 -0.088146 -0.087488
1.393270 -0.733677 1.331389 -1.677763 0.046264 0.946737 -0.571299 0.090917 0.222617 0.025847 -0.108221 0.153008 -0.003824 0.022032 0.135284 -0.022407 -0.226687 -0.057940 -0.177360 0.211824 -0.212545 -0.180429 0.161084 -0.298971 -0.299518 0.138863 -0.231657 -0.028298 0.208438 0.257683 -0.078264 0.154187 0.203615
1.947744 -1.988152 -0.057835 0.281809 0.565843 -1.193030 -0.508930 0.032666 0.366828 -0.523822 -0.124106 0.314539 -0.129507 0.314240 0.119364 0.054395 -0.293160 -0.310425 0.014288 -0.009767 0.008388 -0.054285 0.288536 -0.140712 0.107239 0.311066 -0.155759 0.612651 -0.775841 0.120210 -0.153766 0.169714 -0.159368
-0.301253 3.864234 -1.620362 1.280080 -0.909320 -1.016842 0.222586 -0.233826 -0.393109 0.842501 -0.503399 0.158209 0.534392 0.282762 -0.394923 -0.354377 0.094822 -0.057430 -0.418941 0.411651 0.123537 0.176885 0.056339 -0.148501 -0.051889 -0.234499 0.539550 -0.176091 -0.525808 0.027393 0.222006 0.011769 -0.056984
1.006718 -0.856646 2.417804 2.243097 1.014017 -0.020444 0.187638 -0.420816 -0.221981 0.793014 0.056059 -0.362431 -0.614407 -0.141774 -0.372261 0.391505 0.434843 -0.265508 -0.159759 -0.191967 -0.221065 0.096543 0.104164 0.142434 0.156000 0.069677 -0.214980 0.252432 -0.378708 0.192041 0.075256 -0.108045 0.076236
-0.541917 -0.408159 -2.205399 -0.391480 -1.178347 1.027525 1.121620 -1.675323 -0.092764 -0.507287 -0.201721 0.330135 -0.430555 -0.048037 -0.120260 -0.849478 0.560662 0.215863 -0.220678 -0.507953 0.134559 0.383663 -0.609585 0.469406 -0.215875 -0.452501 0.062519 -0.411356 0.713030 -0.459574 -0.009190 -0.362973 0.171956
3.980065 1.046017 0.570347 -0.634699 -0.548201 -0.121967 0.261661 0.149781 0.643522 -0.101965 0.018404 -0.166856 -0.312554 0.095890 0.361797 0.134305 -0.347637 0.109196 -0.101752 0.012413 0.051578 -0.027114 0.009766 -0.014498 0.086518 0.063394 0.003669 -0.059610 -0.060041 -0.019378 -0.087611 -0.148684 -0.209616
3.480254 -0.532603 -0.681340 0.237472 -0.280957 -0.380745 -0.269787 0.004574 0.267000 -0.192176 -0.151765 0.037071 -0.003819 0.200349 0.263653 0.096700 0.037256 0.006155 0.034436 -0.014109 0.111766 -0.169304 0.105572 0.023851 0.113292 0.059983 -0.136884 -0.034255 -0.122991 0.047951 0.032743 0.056652 0.047054
2.025409 1.407951 0.820728 -0.549551 -0.469130 0.153230 -0.147185 -0.244587 0.355837 -0.057018 0.075291 0.029533 0.169232 -0.110362 0.190201 -0.079902 0.010021 -0.013846 -0.060808 0.132355 0.102331 0.165473 -0.096637 -0.086436 -0.106809 0.168192 -0.071444 -0.069546 0.060676 0.199666 -0.119921 0.000416 -0.084002
3.705158 0.614250 -0.279020 0.101837 -0.535572 -0.306770 0.156900 0.043370 0.531489 -0.028604 0.073398 -0.147077 0.016332 0.030266 0.014948 0.065926 -0.049054 0.034915 -0.092842 0.046750 0.049577 -0.090735 0.058973 -0.031468 -0.020323 -0.047220 0.018529 -0.024458 -0.080656 0.035126 0.007517 0.033492 -0.080508
2.859473 -0.027990 -0.214900 -0.163348 -0.256634 -0.340512 0.031548 -0.005037 0.464802 -0.118659 -0.066036 -0.148116 -0.175218 -0.024956 0.122189 -0.070134 -0.128399 0.134451 -0.142047 0.105871 -0.074911 -0.225884 0.030244 -0.143489 -0.078781 -0.005235 -0.055029 -0.042258 0.134345 -0.101122 -0.088079 -0.032498 -0.106958
2.485923 2.015036 0.832913 -0.447815 -0.847256 -1.137558 0.980350 0.254945 1.028074 -0.467565 0.323708 -0.242601 0.366903 -0.045040 -0.113315 0.250310 0.458441 -0.073978 0.386641 -0.424853 -0.040469 0.089296 -0.312545 0.289222 0.393488 0.331355 -0.128397 -0.031046 -0.034456 0.441585 -0.276785 -0.118614 0.097000
-4.158022 -0.874452 -0.567155 1.083383 0.518751 -1.352559 0.194133 -0.575509 -0.884189 0.462945 0.618115 0.065724 0.157129 -0.368671 -0.112623 -0.575280 0.170994 -0.377218 -0.375527 0.058887 -0.000937 0.640130 -0.214982 -0.089232 -0.035695 0.012266 0.170438 0.076225 -0.161513 0.441727 -0.122327 0.050858 0.205270
1.959850 -2.498934 0.119518 1.087377 0.191114 -0.941785 -0.321727 -0.646873 0.503295 0.069932 -0.674138 -0.272980 0.113958 -0.011008 0.964804 0.524245 0.373522 0.809008 0.294620 0.442486 0.572222 -0.621575 -0.196298 0.268837 0.097782 0.229654 -0.225263 0.380365 -0.355873 0.285204 0.191348 0.093586 -0.307015
0.798178 0.905608 -2.163807 -0.030707 0.642608 0.196933 -0.240261 0.796960 0.227386 -0.663404 0.895685 0.091328 -0.258162 0.125672 0.508526 0.404474 -0.109452 -0.342349 0.194433 0.143019 -0.027294 -0.280333 0.140438 0.239337 -0.134296 -0.034364 -0.045509 0.044480 0.044484 0.179214 -0.044739 -0.250117 -0.344604
3.422363 1.632386 0.930340 -0.822432 -0.475370 -0.050087 0.142585 0.124996 0.463735 0.027612 -0.191341 0.018582 -0.250644 0.001478 -0.112824 0.156868 -0.023499 0.110300 -0.005595 0.016125 -0.195552 -0.227332 0.037018 -0.065909 0.031033 -0.008521 0.020079 0.025926 0.005512 -0.100399 -0.039812 -0.002937 -0.064147
1.614785 -2.505613 2.031675 1.075382 -0.027611 -1.003224 1.008493 -0.209009 -0.508512 0.219258 0.470792 -1.122945 -1.215869 0.421547 -0.857690 -0.900651 0.070214 0.229637 -0.306129 -0.351877 -0.549836 0.017480 0.405784 -0.560913 0.072153 -0.156198 -0.425391 -0.067743 0.002733 0.670382 0.341082 -0.039046 0.388950
3.111573 0.384708 -1.064157 0.153697 -0.652032 -0.377688 0.330094 0.223800 0.284431 0.045993 0.140273 0.157463 0.143101 0.194478 -0.011083 0.117407 -0.034395 -0.066006 0.039593 -0.013352 0.093539 -0.071270 0.205420 0.134274 0.067216 -0.137611 0.094139 -0.069836 -0.074285 -0.215712 -0.011719 -0.031950 -0.014995
-10.666195 -7.420072 -2.290060 1.657116 -1.567625 -1.101504 -1.833488 -2.055854 0.359273 -0.318943 0.227906 0.857872 0.021959 -0.411876 -0.758069 0.028516 0.226204 0.728836 0.157314 -0.248339 -1.006482 0.434559 -1.418264 -0.895918 -0.621038 0.292969 0.525061 -0.929769 1.572439 0.406477 -0.146286 0.194388 -0.086565
3.557137 0.707676 0.142130 -0.324802 -0.163899 0.547384 -0.833432 0.262311 0.064690 0.354804 -0.136030 0.095462 0.020917 0.235506 -0.370933 0.248740 -0.069111 0.221022 0.573245 -0.272329 0.498403 1.039260 -0.337351 0.256408 0.246686 0.013711 0.288897 0.049887 -0.129018 -0.276787 -0.175882 -0.223964 -0.092248
4.414416 0.118042 -0.347843 0.020817 -0.440226 -0.141217 0.036099 0.069327 0.404946 -0.070782 0.039163 -0.049037 -0.008053 0.177401 0.224277 0.075267 -0.053563 -0.019924 -0.015804 0.048613 0.029809 -0.108415 0.120734 0.052915 0.058336 -0.048676 -0.021536 0.006827 -0.035484 -0.096050 -0.058659 -0.000036 -0.089746
3.679473 0.216391 -0.578646 0.010762 -0.776039 -0.639770 0.081077 0.878856 0.293427 -0.108686 0.470019 0.385849 0.287232 0.342707 -0.092738 0.547577 -0.066976 -0.398999 -0.284921 0.193358 0.104894 -0.455445 -0.003774 0.527229 -0.103603 -0.076339 -0.202323 -0.388723 -0.066406 -0.172048 0.333588 0.057677 -0.327403
4.629261 -0.649619 1.271653 1.012779 0.043827 0.618542 0.683352 0.603997 -0.579369 -0.014002 -0.021977 0.319771 -0.116627 0.697214 -0.315807 0.004907 0.070046 0.042268 -0.041017 -0.217650 -0.336397 -0.209752 0.148168 0.008758 0.118557 -0.083649 -0.067509 -0.081647 0.051803 0.078000 -0.055499 0.038661 0.002669
4.244581 1.151679 0.645538 -0.391642 -0.642087 -0.370791 0.277821 0.051976 0.734720 -0.333844 0.051213 -0.281851 -0.203429 -0.113200 0.160348 -0.101039 -0.128254 0.032885 -0.217427 0.129088 0.027271 -0.198634 0.074085 -0.063719 -0.108882 -0.105545 -0.014898 -0.037167 0.011509 -0.195176 0.031383 0.059280 -0.049271
4.431905 -0.251246 0.229766 -0.006913 -0.628984 -0.606229 -0.157021 -0.044031 0.448207 0.058611 -0.112785 -0.268923 -0.240995 0.278300 -0.064395 0.087140 -0.028972 0.158057 -0.052996 0.041281 -0.020145 -0.354769 0.129108 0.062957 0.109561 0.020950 -0.039661 0.078727 -0.253696 0.001703 -0.057783 0.083241 -0.194805
3.058706 1.763506 0.502464 -0.434902 -0.107069 0.518889 -0.472009 0.228479 0.233876 0.384501 -0.437198 -0.048103 -0.107088 0.406851 -0.212582 0.403644 0.328247 -0.219085 0.057716 -0.259031 0.069470 -0.567415 0.330980 -0.107496 -0.108912 -0.157975 -0.006046 0.140350 -0.129529 0.143272 0.103060 -0.051314 -0.138487
2.966557 2.202861 2.514448 -1.640802 -0.096742 1.310540 -0.555378 -0.550231 0.247319 -0.354355 0.009014 -0.392273 0.064960 -0.435521 0.543361 -0.783997 -0.152330 -0.261960 -0.543822 0.818231 0.290561 0.274236 0.406742 -0.304138 -0.471631 0.113977 -0.145211 -0.066925 0.071139 0.215917 -0.011047 0.116600 0.234883
1.700827 -2.658699 -0.356701 -0.626147 -0.402366 -0.696105 -0.392910 0.118943 0.192545 -0.068879 -0.057230 0.213963 -0.118700 0.225007 -0.011562 0.086965 -0.004642 -0.113132 -0.130726 -0.010872 -0.053055 -0.332416 0.099063 0.141614 -0.030533 0.113699 -0.215062 -0.323903 0.094428 0.373745 -0.027949 0.167722 0.027087
3.004170 -0.263891 -0.138595 -0.229821 -1.081638 0.427570 -0.078769 -0.193935 0.092792 0.029240 0.138855 0.309258 -0.234572 0.036942 -0.070050 0.133151 -0.177620 0.043407 0.090816 -0.273404 0.167562 0.379199 -0.288203 0.104071 0.040655 -0.155572 0.150683 0.005037 0.142884 -0.469062 -0.140075 -0.068448 -0.059264
1.564109 1.693588 0.640127 -0.529248 -0.657786 -0.827060 0.534458 0.167301 0.738374 -0.388956 0.115457 -0.272764 -0.235271 -0.179213 0.167891 -0.109350 0.006324 0.136207 -0.001621 0.022881 -0.135992 0.010165 -0.121873 -0.033848 0.125867 0.108377 0.052921 -0.059906 0.122752 0.015609 -0.149431 -0.140101 -0.182822
-9.278027 -5.987678 -5.545419 -0.693414 -0.715354 1.648721 -0.167451 2.018979 0.434156 -0.391123 0.278776 1.146653 1.654931 0.446003 0.360747 0.413894 -0.434550 -0.252171 0.014001 -0.398461 0.341414 0.341901 -0.265587 0.131419 -0.640389 -0.310988 0.452648 0.134718 0.193206 0.029695 -0.107741 0.163476 0.187935
-11.379305 -7.359324 -3.992025 -1.791009 -0.886807 4.423534 -1.028793 1.814935 0.143891 -0.445989 0.757109 1.675218 1.218085 0.909369 0.603707 0.631458 -0.702771 -0.726283 0.696763 -1.151179 0.371634 1.688797 -0.069677 0.598461 -0.579765 -0.947904 0.700012 0.457854 0.510078 -2.140931 -0.376683 -0.210940 0.052217
4.651664 0.553905 -0.154515 0.311823 -0.775639 -0.636581 0.007967 -0.050981 0.303340 -0.059455 -0.019956 0.037495 0.150189 0.209666 0.143151 0.059790 -0.097568 0.054170 -0.134176 0.019346 0.081489 -0.170754 0.080142 0.029814 0.091562 -0.096520 0.023722 -0.021735 -0.120613 0.052758 -0.055949 -0.040504 0.009281
4.424713 -0.048112 -0.413312 0.019578 -0.554841 -0.107353 0.025220 0.086897 0.392634 -0.062914 0.027649 0.031942 0.009068 0.163491 0.130363 0.118270 -0.074970 0.007023 -0.003378 -0.013221 0.031733 -0.091196 0.061793 0.031681 0.048884 -0.045741 -0.021431 0.015891 -0.034593 -0.131591 -0.050869 0.005943 -0.098110
3.086721 0.193715 -0.230262 1.022592 -0.524173 -1.359714 -0.016769 -0.252192 0.146558 0.760941 0.152554 0.133028 0.276119 0.199633 -0.228931 -0.017819 0.062842 -0.072886 -0.344343 0.304199 0.159971 0.069869 0.142944 -0.201327 -0.144234 -0.184990 0.031158 -0.059922 -0.169985 0.253691 -0.162964 0.020623 -0.079969
-4.236171 -4.450880 0.756275 -0.226946 0.003647 -0.842325 -0.455041 -0.974921 0.416933 0.279160 0.749153 -0.082671 -0.461614 -0.510483 0.114768 -0.180275 -0.285803 -0.344783 0.065433 -0.120915 0.298657 0.599595 0.229157 0.007834 -0.182303 0.014468 -0.089354 0.240966 -0.361979 -0.102584 -0.072033 0.158466 -0.070859
3.005730 -0.440208 0.351000 0.807620 -0.443417 -0.114314 0.172528 -0.201007 0.428330 -0.256823 0.076872 0.288034 0.181859 -0.037441 0.158309 0.155186 0.057730 0.199275 0.291256 -0.071160 0.289589 0.410953 -0.277574 0.112389 0.136407 0.101409 0.077710 0.234784 -0.176256 -0.272905 -0.230005 0.142148 -0.489167
2.409745 1.730500 2.498042 -1.555823 0.531081 2.477856 -1.977812 -0.578206 -1.122226 1.777092 -0.853772 1.268506 0.330577 0.988934 -0.933420 1.162287 0.644011 0.028226 0.424875 -0.619230 -0.442937 -0.496602 0.433439 -0.037521 0.218251 0.012379 -0.409869 0.355902 -0.105029 -0.096499 -0.143422 0.046975 0.253374
1.573287 2.682257 0.265985 -0.084801 -0.567564 -0.947257 0.225911 0.312912 0.322795 0.164674 -0.141805 -0.312576 -0.049425 0.088880 0.185149 -0.139366 -0.365967 -0.031000 -0.389560 0.296079 0.131917 -0.194494 0.165243 -0.030108 -0.095135 -0.175446 0.102261 -0.049009 -0.196676 0.147864 -0.049627 -0.081211 -0.088926
-3.250543 1.701880 0.296620 -1.695265 1.097401 1.129316 -0.591277 0.134197 -0.835607 1.187154 -0.391322 0.254265 -0.709906 0.530873 0.068738 0.473987 -0.481959 -0.019433 -0.062231 -0.254679 -0.018410 0.523611 -0.481035 0.055398 -0.240173 0.005380 0.089865 -0.040538 0.069135 0.270949 -0.102015 0.003660 0.104607
-9.356406 1.451681 0.186420 -1.824191 -0.436701 -0.983034 -0.513632 0.049325 0.482127 -2.181346 -0.963910 0.877216 0.588458 -0.927266 1.593276 -1.072388 -0.682321 -0.383982 -0.673045 0.322892 0.082105 -0.013040 -0.293555 0.307174 -0.489628 -0.383894 -0.224663 -0.141458 0.412945 1.322518 0.613919 0.417014 1.360076
-5.003205 2.684297 -4.805733 1.332794 0.141786 2.346721 -0.461189 -1.099072 -0.423310 -1.310909 -1.465989 -0.867670 -0.614523 -1.494225 -1.409288 -1.097122 0.038009 -0.955985 0.055152 -0.217164 1.419057 0.786566 -1.120219 0.607932 -0.197873 0.029458 -0.828589 -0.234528 0.593328 0.601817 -0.274962 -0.252646 -0.227576
4.394426 0.311342 -0.734383 0.468014 -0.763725 -0.175977 -0.026287 0.123313 0.372314 0.068578 -0.084716 0.118922 0.057076 0.107206 0.151957 0.012954 -0.021464 0.059531 -0.110988 0.018106 0.145978 -0.078364 0.097658 0.035330 0.179105 0.026782 -0.123434 -0.022086 -0.181279 0.029820 -0.007708 0.035521 0.006463
0.184450 -1.652136 3.576898 1.387098 1.719123 1.574564 0.738429 0.352585 -1.601704 1.226006 0.026535 -0.029531 -1.397818 0.800088 -0.901600 0.456784 -0.222424 -0.015349 -0.659784 -0.662577 -0.491852 -0.112280 0.008466 -0.300739 -0.344272 0.233706 -0.511266 0.132642 -0.168831 0.822784 0.159166 0.356331 0.579810
-8.510379 -4.692211 -2.492393 0.165752 1.192858 -0.552447 -0.788658 -1.677698 -0.656343 -0.478318 -0.010972 -0.883460 -0.354531 -0.183924 -0.167830 -0.531406 0.145743 0.047403 0.569984 -0.065862 0.125562 0.146321 0.040183 0.018747 0.045081 0.267154 -0.225056 -0.286826 0.244779 0.546288 -0.002688 0.043587 0.396590
-7.377138 -7.953896 0.967625 -0.241128 1.719342 -2.228441 -1.251146 -2.005326 2.094633 -0.230681 -1.136153 -2.302456 0.761100 0.273823 -0.545699 0.643185 1.294817 3.424519 0.742490 -0.972850 1.450301 -0.107625 0.566149 -1.408349 0.704909 0.823866 -0.191148 -0.147109 0.285963 0.091723 0.148843 0.043412 -0.267573
3.401768 0.220100 -0.299803 0.975509 -0.106610 0.363676 -0.687540 -0.583296 -0.074411 0.098801 0.236617 0.224759 -0.482549 0.185919 -0.084789 -0.023673 0.430839 0.336146 0.219437 -0.326844 -0.203946 0.135847 0.196824 -0.291831 0.413341 0.218596 -0.291577 0.023344 0.034563 -0.168294 0.232456 0.182584 -0.157776
-5.403620 -4.839895 -1.251135 3.830344 -1.192882 1.360132 -1.362784 0.851057 1.697447 -0.861766 -1.610746 1.499583 0.582713 -0.606637 0.500344 0.307161 -0.854640 0.844555 0.554186 0.499852 0.337391 -0.040960 -1.247693 0.084031 0.508874 -1.039798 0.532578 -0.296420 1.367432 -1.197714 -0.003881 0.112392 0.013848
2.512405 0.922797 -0.745055 -0.160407 -0.010446 -0.416399 0.132232 0.235675 0.212531 0.053170 0.007935 -0.209960 -0.173636 0.202418 0.324763 0.001792 -0.189478 -0.048272 -0.067437 0.142681 0.005371 -0.114693 0.155370 0.025524 -0.018002 -0.057145 0.051278 -0.046240 -0.033633 -0.057713 -0.086822 -0.124046 -0.153537
-1.999077 2.784987 -4.144339 1.880227 -0.271901 0.194615 -0.339915 -0.306912 -1.057450 0.506704 -0.003350 -0.323055 0.786371 -0.248001 0.216779 -0.597332 -0.275479 -0.132497 -0.330235 -0.178552 0.032896 0.431330 -0.076932 0.241925 0.418379 0.336843 0.114452 -0.056527 -0.142278 0.017650 0.083533 -0.078554 -0.034544
3.690112 -0.989284 1.765938 0.237214 0.541085 0.233092 0.003639 -0.395572 -0.939783 0.781762 -0.495315 -0.219086 -0.382947 0.970122 -0.283933 0.223941 0.399670 1.450546 0.508703 -0.002993 0.663457 -1.499649 -0.006177 -0.278962 0.184653 0.332559 -0.227415 -0.058703 0.133038 0.361598 0.108890 0.067197 0.181228
3.976671 -0.458921 0.552416 0.360389 -0.022431 0.019917 -0.063524 -0.130960 0.118015 0.382896 -0.023320 -0.003340 -0.132011 0.151552 -0.093120 0.245943 0.060665 0.017509 0.069563 -0.069146 -0.016958 -0.115421 0.040356 0.040340 0.145503 -0.001196 -0.018915 -0.053523 -0.053089 0.022902 -0.030712 -0.009758 0.008006
-4.688070 6.370026 0.979018 1.487856 1.094287 -0.302228 1.183699 1.860819 -0.452965 -0.598638 -0.403172 -1.504407 -1.128085 0.436829 -0.263457 -0.287219 -0.018248 -0.109685 -0.040540 0.454777 -0.455582 -0.110602 0.865567 1.021337 0.823702 -0.233638 0.826195 0.188810 -0.056817 0.919678 0.280142 -0.485079 -0.208713
-6.628085 2.101879 -1.466437 0.708056 0.281925 -0.383421 1.583829 -0.727156 0.302252 0.478103 1.462958 -0.440605 -0.167830 -1.506184 -0.930006 0.120997 0.412254 0.288258 -0.132730 -0.073179 -1.129233 0.726018 -0.356293 -0.528041 -0.100869 0.836286 0.498878 0.057640 0.302437 0.029689 0.119372 -0.330864 0.523291
-0.739599 4.718871 5.817266 -4.848757 2.696454 6.318453 -4.055963 -2.136925 -3.405237 3.908721 -1.501450 2.738361 0.509482 1.694801 -1.985957 1.637551 1.111400 -0.099430 1.711361 -1.200956 -0.489724 2.054978 -1.654112 0.867976 0.673428 -0.500904 0.763052 -0.089801 0.378145 -0.763365 -0.275185 -0.203377 -0.276143
-0.227966 0.549586 3.169579 -2.290013 -0.019147 -0.390471 -0.556757 -0.557995 0.568095 -0.695184 -0.607420 -0.893253 -0.752830 0.117854 0.899940 -1.067505 -0.821895 0.612973 -0.655432 0.606823 0.416560 0.161667 0.360319 -0.821560 -0.391537 -0.053235 -0.377472 0.144125 -0.123938 0.289177 0.015243 -0.070905 -0.162583
-4.927575 6.777887 0.749489 -1.500617 -1.243975 -3.826715 3.563403 1.146944 1.910173 -1.211753 0.428648 -0.958185 -0.437223 -0.598123 -1.706370 0.581513 1.771371 -0.023678 0.966665 -1.685538 -1.278234 -1.534357 -0.479798 0.709387 0.581082 -0.427040 -0.094018 0.414555 0.156401 -1.996543 0.304330 0.221164 -0.319705
-10.874131 0.533060 2.701463 -1.882072 0.534856 -3.535434 1.051800 -2.213631 1.774276 0.324778 1.064687 -2.244406 -2.147894 -2.893613 -0.420960 -0.150483 0.389090 -0.767647 -1.238914 0.263058 -1.547317 -1.032624 -0.572167 -0.822159 -1.139865 0.181405 -0.227107 0.467818 0.489441 -0.505494 -0.735519 -0.237115 0.409549
-3.762422 0.984492 3.786907 -0.993873 1.582875 0.367999 0.773115 -0.215941 0.273751 -0.329021 0.433725 -1.518414 0.363577 -1.877369 -0.627917 -1.774415 1.278022 -1.079575 -0.432984 1.276987 0.036829 0.437091 0.555937 0.332909 -0.452227 -0.020290 0.123129 0.250336 -0.178050 0.928768 0.557015 0.906212 1.600818
-2.694939 3.190000 -3.357613 0.379639 0.739553 -0.039595 0.726206 0.445288 0.370090 -0.468785 0.816220 -0.251823 0.526887 -0.087968 -0.146751 0.080137 0.216632 -0.048579 0.134457 -0.320959 0.023563 -0.184977 0.101146 0.065645 0.112209 0.252087 0.018224 0.172763 -0.372627 0.059268 0.115160 0.020354 0.015788
0.864378 2.924840 -2.924494 2.773455 -0.605560 -0.600404 -1.702783 -0.565305 -1.932892 0.571212 -0.407765 -0.304244 0.063956 -0.372917 1.245387 -0.816446 -1.127825 -0.195243 -0.096624 0.807567 -0.406307 0.290282 0.645993 1.020039 1.046866 0.301694 -0.061792 0.137898 -0.495370 0.210616 0.307080 0.114012 0.040725
4.182327 -0.168405 0.471684 0.353499 -0.255494 -0.114023 -0.055772 -0.290179 0.437085 0.168845 0.096930 -0.103672 -0.132991 -0.189010 -0.057483 0.170791 0.027004 0.008288 -0.088806 0.004014 -0.041548 -0.009426 0.010508 -0.053223 0.041634 0.114808 -0.076382 0.005982 -0.038887 -0.055320 -0.070700 0.014952 -0.062486
0.080149 -1.761960 -0.802934 -0.284309 0.410695 -0.725654 0.485403 0.550173 0.182128 1.003539 -0.242999 0.286905 -0.566525 0.758660 0.503329 0.118617 -0.486567 -0.267922 0.205447 0.102432 0.290409 -0.124076 0.668684 0.167761 0.197335 0.144423 -0.234872 0.114776 -0.327135 0.179837 0.034805 -0.095838 0.088259
3.535925 -0.046850 -1.380504 -0.284876 0.412068 -0.137557 0.437761 0.482201 0.346751 -0.136147 0.101864 0.437873 0.346262 0.036539 0.264402 0.237526 -0.306343 -0.090188 0.059779 0.114102 0.136441 -0.213125 0.376537 -0.109246 0.225495 0.139660 -0.196825 0.102647 -0.325618 0.140112 0.107223 0.038550 0.062223
3.747034 0.660569 -0.523604 0.263624 -0.713907 0.149990 -0.038809 -0.173281 0.435736 -0.325989 0.085742 0.058274 -0.167507 -0.201459 0.109701 -0.059405 0.011700 0.122960 -0.054195 0.075567 0.124220 0.134182 -0.058331 -0.086369 0.069340 0.147130 -0.099929 0.006080 -0.025152 -0.007393 0.012360 0.075691 -0.035406
3.008617 0.428190 0.792872 -0.640346 -0.364873 0.112260 -0.072791 -0.053789 0.664304 -0.359531 -0.002285 -0.287596 -0.313860 -0.080475 0.381531 -0.174002 -0.497704 0.009462 -0.414504 0.277208 -0.073994 -0.121610 0.108631 -0.278233 -0.288539 0.008760 -0.050095 -0.212466 0.127541 -0.017826 -0.070328 -0.015702 -0.097813
1.691367 0.795143 2.569832 0.157493 0.623323 -0.022976 -0.289703 -0.808108 -0.273131 0.682259 -0.507110 -0.252842 -0.398707 -0.159429 -0.117067 0.190073 0.302979 0.457408 0.192136 0.117576 0.141457 -0.252981 0.148563 -0.291873 0.377902 0.083763 -0.162242 0.351532 -0.375578 -0.191020 -0.243150 -0.102630 -0.569395
1.114355 -1.916469 3.413426 1.593069 1.733344 0.762999 -1.141623 -2.080678 0.358012 3.720682 0.247354 0.124834 -0.328810 -1.436207 -1.331054 2.036022 1.011316 -0.946964 0.075237 -0.173497 -0.656171 -0.259547 0.181513 0.344604 0.311643 0.139823 0.072286 0.340181 -0.410128 -0.051680 -0.232069 -0.315886 0.275987
0.759014 -2.029867 0.522944 1.304216 0.178153 -0.311646 0.449357 0.301027 0.210252 -0.026076 -0.358578 -0.037496 0.018516 -0.145495 -0.172144 -0.199120 -0.254523 0.014445 -0.196294 0.138047 0.276329 -0.726042 0.352071 0.015969 -0.024637 -0.455613 0.027181 -0.036608 -0.091087 -0.183996 0.245403 0.250353 0.422455
3.565346 1.929533 -0.323490 0.819541 -0.859569 -1.157077 -0.236376 -0.563289 -0.588493 0.187414 0.441601 0.469442 0.399522 -0.004558 0.548527 -0.082444 -0.391228 0.243668 -0.468548 0.256205 -0.263524 0.255066 0.493742 -0.270974 -0.050921 0.404437 0.641755 0.036950 0.121921 0.124614 0.237495 -0.022613 -0.345014
4.319118 0.322759 0.120114 -0.006267 -0.446278 -0.241307 -0.004966 0.029919 0.440127 0.007190 -0.027365 -0.122336 -0.129044 0.072964 0.209973 -0.001816 -0.185188 0.035154 -0.146380 0.153664 0.046213 -0.007715 0.049798 -0.047511 -0.000099 -0.011236 -0.013350 -0.062219 -0.035158 0.005807 -0.029804 0.007941 -0.103296
-10.880336 -1.041428 -8.949056 0.927955 8.567403 8.476141 -0.872936 2.001052 1.226897 -2.922989 2.874053 -0.874421 0.349118 2.521563 -0.185842 1.486085 2.164586 -0.383188 1.513387 1.203503 0.393021 -0.527317 -1.231574 -0.506647 0.648565 0.629755 -1.439336 -1.219410 -0.477213 -0.522410 0.616959 -1.249783 0.586039
3.168362 -0.343332 0.691773 0.006866 -0.058330 0.134257 -0.213226 -0.065258 -0.106207 0.118655 -0.173904 0.299336 0.085380 0.136805 0.011468 0.050656 0.194331 0.174185 0.191919 -0.043551 0.031177 0.299056 -0.374339 0.160779 0.211172 0.018983 0.042641 -0.112216 0.018764 0.174101 0.047097 0.083639 0.039772
-0.862964 -1.630240 -0.352385 -0.789031 -0.872083 0.218309 -1.233903 1.335066 0.312983 -0.840672 0.713366 0.634179 0.494515 0.360531 0.229212 -0.035711 -0.739987 -0.513403 0.179265 0.159018 0.266732 0.330686 0.458566 0.063130 -0.036795 -0.032053 0.241933 0.718397 -0.393634 -0.632933 -0.121874 -0.080358 0.273445
3.987610 0.769305 0.916668 -0.672576 -0.213247 0.689982 -0.432773 -0.225175 0.168649 0.258692 -0.128266 0.099773 -0.014931 0.099775 0.037671 0.033637 -0.059812 -0.011347 0.126698 0.069668 0.112676 0.462842 -0.205414 0.212621 0.124941 -0.153773 0.207424 -0.112564 0.011257 -0.208935 -0.026465 -0.060824 -0.211480
2.407183 -0.170071 -0.189326 -0.088733 -0.596084 -0.411705 -0.108028 0.223803 0.544458 -0.443289 -0.017711 0.137268 0.162887 0.129769 0.172750 0.052598 -0.118280 0.015842 -0.052316 -0.037584 -0.058303 0.034194 -0.088155 0.070902 -0.028539 0.029294 0.002239 0.066127 -0.104380 -0.059646 -0.104694 0.128836 -0.134043
4.081946 -0.386608 -0.167192 0.573286 -0.254719 -0.102368 0.005268 -0.062978 0.259773 0.078188 0.044826 -0.117899 -0.060236 0.114256 0.088406 0.147947 0.058638 -0.022539 0.023089 0.049574 0.016007 -0.177661 0.165415 0.017058 0.087364 0.064576 -0.087375 0.026577 -0.106312 0.034653 -0.034936 0.028084 -0.015353
3.919955 -0.237437 0.710788 1.237237 -0.061196 0.027380 0.738150 0.279773 -0.179882 -0.020154 0.096898 -0.256784 -0.399448 0.213505 -0.084327 -0.112701 -0.099355 0.053046 -0.197040 -0.037135 -0.036117 -0.038603 0.017072 -0.045479 0.040109 0.018188 -0.050211 -0.049636 -0.031175 0.074317 -0.026500 -0.010724 -0.003232
3.444987 -0.266911 0.081454 -0.000888 -0.365530 -0.138572 -0.036192 0.029262 0.496975 0.234184 0.105143 -0.081219 -0.103440 0.163400 -0.043396 0.122050 -0.072793 -0.126872 -0.086676 -0.011770 -0.170245 -0.077894 0.154448 0.019675 -0.004564 -0.050893 -0.097229 0.009474 -0.062197 0.065405 -0.020019 0.069779 -0.032217
3.458157 -0.600573 -0.436793 0.486837 -0.280365 -0.334988 0.270633 -0.001592 0.217833 0.034958 0.156596 -0.090624 0.090237 0.064784 -0.016388 0.042634 -0.114143 -0.005381 -0.158450 -0.122364 0.058092 -0.253490 0.071711 0.008112 0.084069 -0.083261 -0.038694 0.030148 -0.237420 0.033725 0.034654 0.086804 -0.055572
-1.620690 -6.077513 0.317998 0.520491 1.193366 -2.231932 -0.571750 -2.052830 0.469697 1.540367 0.185691 -1.247827 -0.645241 -0.488885 0.015082 -0.318321 0.549571 1.058128 0.589692 0.048891 0.424117 -0.452270 0.249578 -0.450462 0.391174 0.543982 -0.372334 0.125954 -0.481255 0.553421 0.207522 0.013295 -0.044017
3.525484 -0.833483 -0.466862 -0.330391 -0.630932 -0.358579 0.161510 0.432508 0.446587 -0.059512 0.240658 0.351884 0.244307 0.074940 0.044860 0.095727 -0.298234 0.003222 0.115708 -0.000399 0.083444 -0.222248 0.254383 -0.086030 0.018981 -0.115737 -0.077209 0.194497 -0.133652 -0.188629 0.021644 0.167526 -0.062059
4.057003 -0.067465 0.213731 -0.349173 -0.335463 0.405691 -0.321973 -0.021909 0.151458 0.310574 -0.137188 0.253257 0.015558 0.318837 0.009990 0.302048 -0.043158 0.032650 0.032225 -0.114418 -0.021719 -0.250275 0.167515 -0.067590 0.010075 -0.011408 -0.149592 0.084372 -0.020844 -0.081390 -0.085651 0.072263 -0.007139
-1.549525 -0.868295 -2.348997 -1.731241 -0.456568 2.828276 0.658580 0.907748 0.698387 -0.118223 0.832005 -0.521181 1.011190 -0.252706 0.288251 -0.241434 -0.488687 -0.025243 0.038019 0.293899 -0.434874 0.930718 -0.506036 -0.274431 -0.516188 0.159040 0.578487 -0.448293 0.059530 -0.146241 0.095296 0.017412 -0.019904
-2.567009 3.129384 0.112121 -1.277474 2.655317 1.438155 -2.213971 0.855608 -1.973891 3.228115 -0.667639 1.160898 1.319423 2.021569 -1.090865 1.044126 1.505221 -0.648450 0.586036 -0.066458 -0.563456 -1.155472 1.457723 0.221558 0.325531 -0.226263 -0.400432 0.519837 -0.495414 -0.025996 -0.109316 -0.083726 0.169762
1.454916 -2.299409 0.199659 -0.194129 -0.402280 -1.100617 -0.556381 -0.444001 -0.668166 0.063182 -0.134717 -0.312368 0.786680 0.597123 0.802037 -0.245007 0.509617 0.758138 -0.096924 0.612339 0.626175 -0.489639 -0.261815 0.442932 -0.211426 0.206797 -0.055749 0.653100 -0.533539 0.515026 0.329831 0.164231 0.068309
2.783369 0.647107 0.253718 -0.409417 -0.797224 0.044479 0.072625 0.040666 0.544388 -0.339275 0.065496 -0.250217 -0.083287 -0.361531 0.109525 -0.159404 -0.104699 0.001382 -0.121637 0.140654 -0.336289 -0.205512 -0.020275 -0.135856 -0.149455 0.047098 -0.082869 0.070444 0.322140 0.059288 -0.150272 0.059422 0.142148
4.393467 0.532105 0.494719 -0.428421 -0.400224 -0.058368 0.050044 -0.041157 0.434548 0.122614 -0.044328 -0.295082 -0.494243 0.072542 0.171111 0.058286 -0.321294 0.070361 -0.333493 0.114944 -0.010859 -0.298913 0.193161 -0.230836 -0.144067 0.021530 -0.098833 -0.002674 -0.039666 -0.052708 -0.054944 -0.018813 -0.073185
-4.377117 -1.183594 -3.604251 -1.222981 0.203036 -0.635331 -0.215412 0.846783 -1.674056 -0.780961 -0.183808 0.380274 0.405174 0.134101 1.004057 -0.167941 0.047152 -0.288530 0.017901 0.406558 0.193466 -0.297076 -0.085006 0.136971 -0.068256 0.375235 -0.060578 0.157240 -0.482253 0.716754 -0.052725 0.215929 0.612237
3.213128 -0.317055 -0.382719 0.119914 -0.444512 -0.479237 0.089559 0.088847 0.364543 -0.019470 0.061494 -0.026278 -0.120135 0.188922 0.134917 0.073536 0.044963 0.050497 0.052691 -0.047628 0.102422 -0.056494 0.113602 0.075809 0.125343 -0.053708 0.024223 -0.026118 -0.039946 -0.193725 -0.095131 -0.020524 -0.141189
-12.411573 2.589952 -0.901108 -0.851973 -0.135289 -3.337882 0.874974 0.779868 -0.029035 -0.513008 -0.220146 0.522045 -0.401414 -0.175938 -0.547054 0.099848 -0.300246 0.058173 0.075727 -0.209426 -0.693384 -0.924287 0.544513 0.004814 -0.182463 -0.461535 0.700105 0.512113 -0.608626 -0.513116 0.357557 0.094762 -0.035167
2.020681 -1.461738 -0.707615 -0.155108 -0.575266 -0.638347 -0.360880 0.095558 -0.000584 -0.475488 -0.003576 0.475359 0.097717 0.131045 0.327244 0.047114 -0.091105 -0.024047 0.000836 0.023118 -0.024753 -0.051088 -0.028479 -0.032099 0.009251 0.045348 -0.016380 -0.123363 0.084615 0.101350 -0.038249 0.120285 0.174947
0.671398 -1.239633 1.034251 0.029787 0.143338 0.168147 -0.585045 -0.329879 0.041750 0.394141 -0.147942 0.271546 0.083900 0.083231 -0.049725 0.245107 0.108754 0.113489 0.239099 -0.047041 -0.003158 -0.135783 0.025307 -0.039667 0.086342 0.008249 -0.038036 -0.090931 0.086926 0.089623 -0.090919 0.044536 -0.030403
4.640678 0.217729 0.595691 -0.307032 -0.496022 0.107556 -0.170288 -0.082839 0.509485 -0.147914 -0.050813 -0.131671 -0.022821 -0.014682 0.284541 -0.107248 -0.172375 0.043313 -0.120642 0.219921 0.106007 0.036477 0.031185 -0.031321 -0.019839 -0.005133 -0.019934 -0.111564 0.026954 -0.015881 -0.056429 0.029031 -0.117283
3.856712 0.601725 -0.160909 0.020591 -0.994791 -0.498061 0.269608 0.217850 0.649583 -0.489855 -0.005023 -0.148366 0.214653 0.342820 -0.189643 0.351608 0.008470 -0.230965 -0.095239 -0.145638 -0.646325 -0.363074 -0.453688 0.005528 -0.105118 0.137456 0.207194 -0.171343 0.092869 -0.161009 -0.234186 0.096768 -0.203566
4.143929 0.063649 0.499816 0.251730 -0.268358 -0.212749 0.106421 -0.084529 0.359846 0.102787 0.018613 -0.370560 -0.341802 0.017245 0.026693 0.014521 -0.106576 0.133021 -0.010760 0.072216 0.077635 -0.271098 0.040219 -0.047375 0.030439 0.031528 0.035508 -0.102651 0.003281 -0.047347 -0.070486 -0.087299 -0.161351
4.415211 0.449508 -0.206510 -0.006122 -0.617323 -0.038041 0.104899 -0.235318 0.406827 -0.366309 0.036065 0.004541 -0.028198 -0.024220 -0.142567 0.045498 0.049900 -0.094776 0.098205 -0.015464 0.084689 0.095569 -0.130944 0.099685 0.051404 -0.070611 0.086083 -0.089772 0.048006 -0.104193 -0.042459 -0.037501 -0.151562
-0.146987 -2.419704 1.130595 6.333481 4.383780 3.103460 4.747286 3.628828 -3.959158 -2.197947 1.433921 -0.997684 -1.023895 1.991536 -0.543325 -1.430038 0.157470 0.299175 -0.218320 -0.739927 -0.274771 0.454570 0.033136 -0.194158 -0.254430 0.124177 0.163568 -0.192793 0.088244 0.535782 0.143913 0.083464 -0.101013
