0.982340 0.766716 -3.241118 1.826782 0.019845 1.580548 -1.177247 -1.536114 -0.450511 -1.076670 -0.517445 1.550778 -2.384953 -1.470731 -1.435475 -0.724177 0.983300 0.617212 -0.880973 -0.445679 1.296069 -0.611575 0.168589 -0.250097 0.053187 -0.644093
0.552890 3.669520 0.275208 1.019472 -0.625830 -2.292820 -0.302449 -1.530222 -1.958027 0.491037 1.476418 1.216484 0.872360 0.618759 0.896805 0.767292 -0.132635 0.055231 -0.040133 0.198690 -0.772742 -0.047356 0.851106 -0.694977 -0.282788 0.941021
-1.542335 -6.819416 -0.072369 -1.840676 -3.329967 -0.838409 -2.165323 1.172495 -2.208305 -1.970335 -1.116291 0.979601 -0.539955 1.626611 0.743169 0.631397 1.320921 -0.616446 -1.896969 0.665552 -0.788819 -2.219173 -0.942988 1.840742 -1.003832 0.846040
-0.503778 -3.750054 -3.936371 -0.119876 -3.512629 4.917383 1.209408 1.727713 0.909634 2.226160 -2.089290 -2.325578 1.809043 -1.178348 -1.349097 -1.420379 -2.644195 -0.844816 2.275853 1.473909 -2.621136 -1.376150 -1.508401 -1.047278 0.598130 -0.107960
0.517874 0.578638 -2.855244 1.446884 -1.192362 2.451203 -0.918556 -0.526175 -0.403723 0.033660 -1.103285 0.154747 -1.110127 -1.205942 -1.022389 -0.527108 0.038643 0.496140 -0.221375 0.338856 0.065821 -0.506955 0.430898 0.078712 0.328432 0.302195
0.733084 2.500427 -0.877672 0.988009 -0.569001 1.000718 -0.824806 -1.815995 -0.964870 -0.090129 0.314094 1.472637 -0.903685 -0.330420 -0.089632 -0.244812 0.994647 0.257347 -0.361126 0.537460 0.353831 -0.088786 0.678198 -0.184842 0.630581 0.214655
0.352092 -0.627914 -2.865586 0.536810 -1.066351 2.534219 0.327254 0.000036 0.446065 0.542510 -1.235557 -1.028465 0.290606 -1.036632 -1.160814 -0.696351 -0.884706 0.430665 0.167975 -0.023416 0.073660 0.170973 -0.258036 0.029191 0.265588 0.522425
0.995895 3.064894 -1.702005 2.334793 -0.665317 -0.597336 -1.287833 -2.887262 -2.526954 -0.739482 1.756923 1.927179 -1.348394 0.043240 1.472078 0.724694 0.541070 0.291112 0.406631 1.463946 -1.301407 -0.097005 1.135015 -1.026624 0.040794 0.836640
1.251079 1.336553 -2.887937 1.209986 0.811627 0.356423 -0.880983 -0.897663 -0.749585 -0.310813 -0.863730 0.101441 -1.389803 -1.383679 -1.299773 -0.963317 -0.292215 0.399142 -1.139930 -1.335629 1.487896 0.748536 -0.811648 0.566821 0.000529 0.375241
0.382008 1.224293 -1.728820 1.206598 -1.202036 1.438038 -0.716625 -0.640960 -0.578225 0.246955 -0.504454 0.614323 -0.326164 -0.874395 -0.670737 -0.394307 0.167838 0.570351 -0.326323 0.247113 0.024327 -0.372567 0.638000 0.079780 0.414503 0.344545
0.360233 3.522758 1.474697 -0.719433 -0.302292 -1.360709 0.479946 -0.329382 -0.562906 0.809962 1.159293 0.227568 2.200492 0.678429 0.220800 0.264145 0.515997 -0.583975 0.287545 -0.056880 0.062270 0.446723 -0.021358 0.013892 0.044892 0.588558
-0.095489 0.267359 -0.893909 0.538781 -0.873230 -0.028546 -0.199676 0.047567 0.438506 -0.448331 0.013721 0.052548 -0.139354 -0.013100 0.356758 -0.165564 0.090513 -0.087495 0.111779 0.077227 -0.171379 0.150943 0.022648 0.239411 0.092642 -0.143306
-0.740176 -3.458764 -1.667981 -1.898727 2.847920 -0.329980 0.382752 -0.466538 1.516881 -0.639000 2.353690 2.813671 -0.092573 3.468065 -1.611199 0.002633 -2.536266 -2.244900 -0.546764 1.474843 0.682420 -1.519852 0.257380 0.572358 0.768892 1.308942
0.259319 3.033909 0.479847 0.147077 -1.043840 -1.184904 0.432946 -0.381161 -0.681043 1.166034 0.979631 0.818054 2.072959 0.554141 -0.405356 0.529623 0.686183 -0.122277 -0.421886 -0.574918 0.210123 -0.381464 -0.025607 -1.118931 0.069996 0.968334
1.242254 1.882289 -1.492512 1.503521 0.954362 -0.329606 -1.578746 -2.119957 -1.647743 -1.885719 1.438144 1.600967 -2.194641 -1.094172 0.340496 0.169986 0.814870 0.269979 0.920620 -0.082888 -0.151311 0.156457 -0.884107 -0.752536 -0.861627 -0.503369
1.233318 0.595075 -2.898027 1.426175 0.620296 1.601784 -0.754917 -2.448047 -0.542379 -1.641162 -0.705117 1.203687 -2.473606 -0.901852 -1.892318 0.100796 0.565144 0.229261 -0.722537 -0.482337 1.673378 -0.166826 0.086161 -0.048344 -0.413342 -0.653117
0.870748 -0.214060 -3.328066 0.714436 -0.307574 2.798895 0.386789 -1.876889 0.538034 -0.687844 -1.985718 0.121466 -1.534644 -0.247481 -2.833325 0.048789 0.065591 0.010407 -1.397513 -0.552420 1.978881 -0.007241 0.194516 0.875986 0.525601 -0.285761
0.581772 0.146117 -2.086237 1.594629 -0.254867 0.674797 -0.969695 -1.683685 0.034176 -2.115661 1.377545 1.589201 -1.807147 -0.470082 0.806560 -0.015553 1.665351 -0.088376 0.255661 0.412919 0.116205 -0.053144 -0.436298 -1.317689 0.206509 0.311555
0.189730 -0.375141 -2.766928 0.554054 -1.372041 2.266495 0.539464 0.492337 0.821046 0.297206 -1.345823 -1.513174 0.627204 -0.867568 -1.316588 -0.378152 -0.635413 0.250268 -0.112334 -0.252992 0.242697 -0.040586 -0.020767 0.020745 -0.059248 0.516870
0.475462 -0.846529 -2.149087 0.810948 -0.843124 2.650108 -0.273168 -0.894690 0.987509 -1.084781 0.079544 1.529573 -0.804102 -1.632295 -1.189272 -0.837554 1.913507 1.593962 -1.133441 -0.848766 0.678934 0.207085 0.265314 -1.108158 -0.534286 1.003121
-0.436701 -6.307910 -0.511245 -2.895937 -4.140255 -0.489551 -1.152692 2.090442 -3.528370 2.593271 2.899309 -1.277473 -1.937704 -1.052606 -0.588526 0.841649 -0.308374 0.535343 1.924790 0.298592 1.552911 -1.934492 1.834294 -0.188185 0.702412 -0.729044
0.713487 1.825953 -1.475386 1.122125 -1.332076 0.645649 -0.267763 -1.129550 -0.686539 -0.261427 0.696641 1.284117 -0.454053 -0.957610 -0.529775 0.024527 0.687664 0.809892 -0.188085 0.430906 0.088148 -0.124573 0.582754 -0.759413 0.126518 0.580973
0.912408 2.609965 -1.140677 1.234768 -0.752025 0.189545 -0.572429 -2.052391 -1.362605 -0.415543 1.290303 1.330639 -0.679155 -0.444997 0.684152 0.181390 0.752737 0.568907 -0.123046 0.732897 -0.435211 0.154245 0.694823 -0.973154 0.065816 1.305104
0.919185 2.145603 -1.000778 1.434848 0.321097 -0.780266 -1.800530 -2.039411 -2.121016 -1.481287 2.386442 1.468220 -1.261341 -0.504188 1.632077 0.654993 0.935563 0.311317 1.334094 0.064807 -1.812701 0.048449 -0.705039 -0.841269 -0.141086 0.810482
-0.127082 -0.803822 -1.896117 1.630460 -1.645334 1.097790 -0.478666 0.424833 0.631409 -0.892492 -0.465391 0.019593 0.751357 -1.498796 -0.495636 -0.763657 0.107450 0.434717 -0.404834 0.299579 -0.154915 -0.779988 0.405744 -0.173825 0.094799 0.176150
1.382152 2.655281 -1.528264 1.355182 0.719604 -0.332664 -1.662560 -2.205777 -2.104101 -1.676868 1.958259 1.517785 -2.300046 -0.966864 0.716982 0.383173 1.148959 0.471673 1.671780 0.299251 -1.240490 0.239240 -1.238569 -0.423954 -0.568222 -0.429731
0.582202 1.104556 -2.782811 1.670138 -0.883206 0.529264 -0.106507 -0.911360 -0.329290 -0.263484 -0.265944 -0.030074 -0.753751 -0.664207 -0.067801 -0.573902 -0.280470 0.144690 -0.285312 0.300034 0.486956 0.041761 -0.029776 0.100664 0.258969 -0.017150
1.058362 1.632247 -1.472471 1.323130 0.422597 -0.511102 -1.153807 -1.760793 -1.232661 -1.647211 1.818427 1.256875 -1.315566 -0.908517 0.963865 -0.046032 0.957396 0.194040 0.492613 -0.220526 -0.281070 0.518242 -0.969529 -0.847638 -0.164665 0.615391
0.390761 -0.270925 -4.077885 -0.586250 5.013490 2.372850 -0.342120 0.465602 1.993680 -2.017334 3.284421 -0.798275 0.253464 3.416942 -1.712346 3.749840 -0.356734 0.225112 -1.863084 2.682291 1.415399 -1.102580 1.831903 0.752292 2.036435 -1.647711
-0.024257 -2.718422 -3.089395 0.818112 -1.136084 3.051053 0.219320 -0.880607 1.493292 -0.699434 -1.746101 0.353496 -0.636227 -0.677693 -2.095235 -0.243125 -0.336931 1.074293 -1.058416 -0.691329 0.920987 0.204996 0.060146 0.172007 -0.070006 -0.158735
-2.157640 -5.417852 1.922949 3.593654 1.465175 -1.378103 -0.346836 0.805740 1.099283 -1.182542 -1.109988 0.748619 1.119013 0.512074 2.054180 0.206203 -0.816601 0.818612 0.989075 0.179913 1.170111 -0.715312 0.556323 -0.448453 0.390077 -0.378062
-2.857317 -6.808893 2.638788 3.330846 1.273768 -2.575317 -0.561555 0.942581 2.627674 -2.061138 -1.061713 1.011787 1.819451 0.444019 2.867248 0.039463 -1.165834 0.576435 1.255992 0.118889 1.590371 0.009221 0.783477 -0.605543 0.482859 -0.449330
-0.984282 -7.288077 0.531920 1.565036 -1.657225 2.350238 3.228312 0.230708 -0.813098 2.140498 2.453585 0.053864 -2.667946 -0.173480 0.078748 -0.851743 1.966213 -1.762209 -3.805555 -2.108990 -1.300181 1.680860 1.937531 1.850287 -0.876506 -0.062263
-1.092855 -0.654903 0.647728 -0.041134 -0.130546 -3.401711 0.407041 1.253369 0.833445 0.590892 -0.108909 0.378430 0.434561 1.425894 0.360065 0.205783 -0.493140 -0.166260 0.157838 -0.146211 0.509845 0.472804 0.259353 0.062578 -0.335909 -0.178105
0.578710 2.087960 4.325986 -4.150725 0.681643 4.234135 -1.103935 0.145930 1.328186 -0.787097 -1.080297 -1.926167 -1.621224 -1.923031 0.756054 -2.587244 -0.953282 0.031435 -1.708609 1.965753 0.531680 -0.290479 1.388602 -0.059633 -0.669173 -0.588626
0.480610 -4.151745 -1.878652 -3.278690 1.218669 0.504609 3.276502 -5.057592 -1.538096 2.014916 0.130718 -1.041196 -1.140622 2.237464 0.320666 -1.419108 1.486832 -0.893799 1.220997 0.061496 -0.797963 -1.923260 0.263090 -0.612720 0.628721 -0.638299
0.087854 3.425211 1.539465 -0.080373 -0.499661 -2.509414 0.533430 -0.294440 -0.697971 1.121898 0.903522 0.843966 1.897859 1.277997 0.014702 1.016978 0.673121 -0.341689 0.297598 -0.045373 -0.206336 -0.257208 0.777035 -0.459051 -0.340475 0.698135
-1.157832 -1.645755 7.466429 2.442455 1.118147 -0.802298 2.804690 2.411515 -0.076995 -1.244277 0.430058 -0.039659 -0.276447 1.837144 -1.069114 -0.526544 -0.416063 -0.341149 -0.653069 -1.019275 -1.183114 0.878342 0.562680 -0.002060 -0.481316 0.012570
-0.743391 -0.275579 -0.679132 0.330407 -0.421492 0.794219 -0.144782 1.382902 1.070895 0.282368 -0.107930 -1.021465 1.543266 0.867840 0.250812 0.696855 0.764406 -0.351862 0.372766 -0.670407 -0.687226 -0.783397 0.469376 -0.488176 -0.466307 0.362293
-0.884410 -3.132895 -3.447667 0.198170 -0.140989 3.200028 -0.648253 1.563493 1.195447 0.256726 -1.236789 -0.364450 0.039724 0.315268 -0.263685 0.092842 0.052418 -0.306995 -0.306384 -0.668051 0.186741 -0.843611 0.562020 0.061776 -0.088138 0.423838
0.500519 1.601176 -0.533337 0.490971 -0.299228 -0.713295 -0.500259 -0.261958 -0.472297 -0.075980 0.588420 0.192937 0.340804 -0.489151 0.476086 -0.336884 0.069136 0.073199 0.166588 -0.216105 -0.109108 0.999225 -1.063024 0.236099 -0.001371 0.137275
-0.309322 -0.082329 0.040931 0.272405 -0.239835 0.770649 -0.790985 0.549988 0.735296 -0.170460 -0.400150 -0.678642 0.429692 -0.071486 0.661632 -0.022872 0.226808 -0.147920 0.569207 -0.307637 -0.026646 0.374030 -0.608811 0.458463 -0.201865 -0.394246
-1.223733 -1.152127 1.304952 1.516779 -1.381723 -0.888862 -0.667221 0.968245 1.295750 -0.018665 -1.370642 0.374957 1.458811 0.369229 -0.055603 0.218656 0.332446 -0.031321 0.282435 0.069076 -0.764226 -1.184404 0.294948 0.091042 -0.088714 -0.687358
-1.167323 -0.573448 -0.269600 1.966753 -1.198298 -1.633352 -0.669521 -0.456380 0.979045 -0.828175 0.578857 0.494162 2.043097 1.017826 1.550793 0.866836 -0.135577 0.023590 -0.247945 -0.456223 -0.850632 -1.242933 1.565226 0.243431 -0.562815 -1.338587
0.473436 0.076138 -0.315564 -2.301088 3.060349 -0.798767 0.831098 -0.807739 -0.875413 0.492389 -0.159211 -1.240996 -0.945973 0.347589 0.528688 0.016850 -0.808620 -0.843088 0.561648 -0.112214 -0.610608 -0.713066 0.214857 -0.093294 -0.106832 -0.318721
0.225618 -2.559297 -2.030794 0.213064 -3.573584 2.776394 -0.692389 0.686961 0.068786 -1.523862 -1.121566 1.177126 0.477880 -2.388252 -3.643665 -0.386583 -0.550761 0.431391 -1.120469 1.025716 -1.436303 -0.741582 -1.169118 -0.411896 -0.123350 0.666635
0.141159 2.639009 1.226370 -0.240300 -0.364316 -1.196541 -0.014794 -0.472608 -0.624559 0.407761 0.814541 0.470745 1.515303 0.578805 0.253660 0.363742 0.336709 -0.480664 0.174833 -0.278322 -0.094085 -0.181191 0.419667 0.001883 0.198215 0.321850
-0.320792 -0.314095 -0.205972 -1.763268 0.493883 -1.126943 1.442438 1.073609 0.792482 0.141471 0.633663 -0.925608 -0.403694 0.415217 0.698770 -0.203211 0.160353 -0.601595 0.544312 -0.346803 0.322519 0.487588 0.543514 0.794295 0.194456 -0.219262
-0.792431 0.716439 3.492076 -3.396546 0.336031 0.960639 0.434038 1.793007 2.313707 -0.188101 -0.531105 -1.488661 -0.553882 0.820580 0.501874 0.640355 -0.571194 -0.286073 -0.117956 -0.581710 -0.476666 -1.168472 0.404698 -0.185833 -0.629341 -0.264013
0.105859 1.881854 1.593860 -3.085375 1.238028 1.992100 0.407658 1.739109 1.952937 -0.187742 -0.415952 -2.605687 -0.900104 0.308527 0.783378 0.093903 -0.098755 -0.526433 0.531632 -0.449668 -0.293599 -0.314144 0.390367 1.059947 0.304776 -0.485409
0.534958 1.611426 -2.417304 1.602540 -0.724592 0.846872 -0.612659 -0.863486 -0.791206 0.794893 -0.625505 0.842585 -0.509274 -0.203958 -0.756797 -0.342052 0.434108 0.318559 -0.931762 0.136807 0.435136 -0.400814 0.646790 -0.439797 0.238630 0.207933
0.948664 -0.141765 -3.477557 0.755308 -0.113423 0.587793 0.986818 -2.050806 -0.168355 -0.955448 -0.409684 -0.346585 -1.758068 -0.291903 -0.480982 -0.429313 -1.231187 -0.235358 -0.032704 -0.217315 0.692632 0.931333 -1.579851 0.604314 -0.680310 -1.439431
0.286042 0.358331 -1.478565 0.974210 -0.146424 -0.158685 -0.525281 -0.239971 -0.050969 -0.553582 0.323574 0.063838 -0.390571 -0.449555 0.549651 -0.376565 -0.201069 0.146330 0.157565 -0.088551 0.258804 0.852573 -0.953326 0.144959 0.007651 -0.215280
-0.008072 3.443028 1.065823 -0.132846 -0.186205 -2.162353 0.611293 0.522890 -0.306066 1.620848 -0.014540 0.283125 1.037678 1.320290 -0.697763 0.862894 0.470837 -0.404654 0.065761 -0.339383 0.184173 -0.624680 0.306932 -0.201590 -0.362763 -0.117751
0.630332 1.962611 -1.050061 2.105631 -0.946144 -0.659589 -1.245212 -2.341992 -2.092898 -0.411756 1.696827 2.097400 -0.340324 -0.213907 1.523815 0.517183 0.333448 1.074260 -0.136861 0.767939 -1.505745 0.407395 1.458702 -1.244579 -0.244499 1.936540
0.246884 -1.453597 -0.817243 0.471470 -2.740521 1.460636 -0.913454 0.089707 0.355365 -1.719834 0.263556 1.819028 0.703557 -2.258903 -1.853888 -0.378852 0.756368 0.966232 -0.497952 0.443053 -1.291317 0.008288 -0.778273 -0.895106 -0.453666 0.831814
0.682091 1.461922 -1.564133 1.013797 -0.394295 -0.350109 -0.449815 -0.689232 -0.559748 -0.683071 0.741728 0.305706 -0.052981 -0.872774 0.368684 -0.671732 0.397395 0.094003 0.021860 0.179025 -0.140110 0.597714 -0.374536 -0.082543 0.129872 0.285104
-0.049326 1.768096 0.421605 0.385337 -1.416545 -1.173151 0.509510 -0.044494 0.741122 -0.344414 -0.570842 0.845430 -0.093158 -0.009543 -1.316299 0.506039 0.602205 0.370935 0.089548 -0.235711 -1.182253 -1.016048 0.249814 0.112019 0.110545 0.136800
-0.381433 -3.622443 -1.525730 -1.844562 0.087872 0.208312 2.239710 -0.500249 -0.462825 2.416121 1.518716 -0.494573 -0.915060 -0.137315 0.782722 0.382296 0.705919 -0.259939 -0.734705 -0.557114 -0.327840 -0.058970 1.252180 0.081645 -0.198501 -0.005863
0.478647 4.599285 2.395656 -1.405135 0.026227 -1.549037 0.200361 0.512226 -0.314931 1.536171 -0.365476 -0.184058 -0.689715 0.678803 0.157665 0.303381 -1.076092 0.189409 -0.521846 0.398493 -0.151950 -0.185949 0.394127 0.201273 0.041890 -0.220400
-0.145700 2.529922 1.783749 0.061231 0.225902 -1.682586 0.567530 0.499663 -0.061634 1.103411 -0.124172 -0.153235 0.481972 0.723560 -0.109308 0.439746 -0.074580 -0.134820 0.045210 -0.072396 0.021781 -0.650887 0.522174 0.054490 0.089715 -0.271731
-0.565333 -0.268492 -1.425675 1.294308 -2.107125 0.363237 -0.721213 0.704080 0.288984 -0.006235 -0.767125 0.127635 1.049825 0.356523 -0.437804 0.291972 -0.083925 -0.271159 -0.590259 0.181380 -0.973612 -0.986448 0.406933 -0.225590 -0.723146 -0.286672
-1.067945 -2.153216 -1.613641 1.185011 -0.957448 0.842922 -0.365669 1.678650 0.883290 0.231769 -1.547325 -1.035670 0.387302 0.573072 0.048417 -0.081685 -0.267146 -0.448969 0.157067 -0.186165 -0.273147 -0.808411 0.257028 0.314001 -0.207885 -0.395757
0.391182 2.154356 0.305733 -0.159366 0.196179 -0.582614 -0.605342 0.187393 -0.091173 0.416784 0.644233 -0.355641 -0.284622 -0.108373 1.193111 -0.316168 -0.299001 0.180261 -0.469842 -0.132960 -0.212905 0.408576 -1.152707 -0.663491 0.457680 0.109926
-1.298213 -2.582121 3.968476 3.267447 1.731342 -2.189715 2.313569 0.967589 1.060010 0.212472 0.294478 -0.550981 0.980837 0.138654 0.651777 0.675552 -0.008887 -0.126698 0.727036 -0.127554 0.970709 -0.089265 -0.319520 0.168356 0.081835 -0.046377
0.061763 -0.246533 1.057304 -0.853997 -1.206853 0.412424 -0.057635 0.900479 0.459159 -0.596118 -0.044836 0.628313 0.550206 -0.750450 -1.377258 0.309335 0.116438 0.238635 0.365471 -0.103333 0.009072 0.872318 -0.996004 0.299450 -0.157598 0.067152
-0.053101 1.743699 3.609381 -1.504457 0.827848 -1.004602 0.971537 0.877740 1.085533 -0.114350 -0.080589 -0.847398 0.215103 0.021544 0.729722 -0.544595 -0.271198 -0.161676 0.859649 0.422461 0.750574 1.465037 -0.714080 1.082924 0.516179 -0.503182
-1.343775 -5.128965 -1.398089 -0.591126 -0.991844 0.779027 1.210789 1.179994 0.596619 2.201868 1.712848 -0.928208 -0.154025 0.449728 1.503897 1.058111 0.790002 -2.015896 -1.496125 -0.571568 -0.812667 0.374682 0.682540 0.617686 -1.182429 -1.332971
-1.322831 -5.471329 -0.358265 -1.465750 5.691363 -4.911794 -0.629090 2.974693 -1.424631 0.088345 -3.551115 1.810420 2.119548 -0.816000 1.843312 -0.746441 1.283807 0.046062 -1.239634 -0.933877 2.255311 -1.186776 -0.444156 -3.412712 0.000156 -2.286405
0.716616 3.732441 2.526308 -1.684443 0.674026 -0.546622 -0.561719 -0.428420 -0.781703 0.937210 0.447812 0.055868 -0.776959 0.506437 0.959414 0.352008 -1.118858 0.129720 -0.373328 0.004206 0.246456 0.938612 -0.541495 -0.378792 -0.374872 0.414553
0.818085 -3.570454 -2.956091 -3.067118 3.496490 -1.275100 0.580391 -1.890865 -4.327920 -0.980229 -1.975146 -3.353364 1.572122 0.340289 0.294222 1.036436 -0.404856 2.217418 0.231669 -0.004024 -0.970224 -1.956448 0.101372 0.874759 -1.234025 0.971442
-0.635795 -2.405177 -4.189108 0.452730 -1.081352 4.653904 -0.168113 2.527803 1.780240 0.681577 -1.472590 -3.168482 1.574444 -0.245210 -0.726019 0.080358 0.578163 -0.084323 0.060226 -0.749302 -0.731580 -0.625442 0.286251 -0.718537 -0.911336 0.739197
0.585194 1.792195 2.581148 -2.275835 -0.915459 0.477984 0.038173 0.678267 0.365962 -0.518969 -0.000406 0.206022 0.321705 -0.800275 -1.533850 0.202125 -0.020804 0.055511 0.380576 0.215357 -0.059549 0.984555 -0.930991 0.816376 -0.056348 -0.058546
-0.339018 1.819164 4.328885 -1.546084 0.492717 -0.848732 0.708576 1.128614 1.394344 -0.302591 -0.250493 -0.677876 0.681055 0.101608 -0.006509 -0.080849 0.567373 -0.250302 1.203810 -0.018840 0.033447 -0.019191 0.078790 1.277962 0.973548 -0.595977
-0.847407 -1.820686 3.085235 3.257186 1.728697 -1.162472 1.819836 1.270368 0.154997 0.250583 -0.214840 -0.108415 -0.308610 0.489897 0.656592 0.339429 -0.352932 0.615540 0.513457 0.164838 1.050036 0.173477 -0.657339 -0.309835 0.070110 -0.157241
-2.981971 -6.491378 6.083741 3.748926 3.482019 -2.422800 0.641135 1.099982 2.259022 -1.557554 -1.478259 2.073589 3.826033 -0.063459 3.206621 0.126312 -0.991572 0.111513 2.097012 0.516149 2.585383 -0.290675 1.346706 -0.504128 1.312688 -0.302775
-0.975711 -3.689327 -2.654808 0.198576 -2.667922 3.655476 -0.710383 2.710633 1.160980 -0.011541 -1.847872 -1.851415 2.143470 -0.599895 -1.343457 -0.253766 -0.444727 -0.838753 0.361438 0.254559 -2.098981 -0.912609 -0.726375 -0.076091 -0.855594 0.214078
0.238493 3.251358 5.668267 -3.214214 1.116450 -0.256110 0.895851 0.905377 1.243631 -0.135572 -0.269735 -1.358939 -0.180830 -0.374570 0.341843 -0.650323 -0.149697 -0.151496 0.533591 0.393727 0.086769 0.225133 -0.018776 1.213037 0.705016 -0.656889
1.517692 -3.379517 -0.295654 -0.032256 4.340293 -3.935030 -0.261233 -3.836879 -3.276279 3.800877 2.239159 -5.268695 0.008959 -1.235294 -3.647440 -0.523034 -2.845719 -0.721758 -2.043010 -1.627308 -1.268610 -0.035591 1.243816 0.202303 1.146709 1.053511
-0.814523 -0.682860 0.963408 0.902734 -0.210370 -0.725458 -0.248303 0.702436 0.923481 -0.052147 -0.440539 0.164875 0.471576 0.576521 0.377364 0.034468 -0.215983 0.004605 0.456827 -0.279500 0.298539 0.452742 -0.141953 0.282104 0.262891 -0.433161
0.021877 2.058293 1.063272 -0.086123 -0.629849 -1.988823 0.610229 0.287158 0.049837 0.511537 0.489409 0.337125 1.030878 0.474720 0.310839 -0.020564 0.181093 -0.060344 0.148396 0.308986 -0.197698 0.926002 -0.048620 0.054939 -0.037610 0.385650
0.273856 3.854854 4.659923 -3.281650 0.941263 -0.482387 0.607035 0.899994 0.799689 1.160354 -0.362540 -0.722129 -1.094955 0.855729 0.368199 0.656383 -0.788148 0.092889 0.303219 -0.199928 0.314920 0.834436 -0.779913 0.565135 0.083584 -0.179570
-0.662787 -0.667490 4.296971 -1.820434 -0.399392 0.601893 -0.909389 0.161117 1.750277 -0.588297 -1.618666 0.308504 1.169362 0.655444 -0.277194 -0.772322 -0.775521 -0.399052 0.106065 0.628087 -0.716015 1.010494 -1.169791 0.816986 -0.164433 -1.473438
0.402652 -2.404026 -4.037382 -2.134728 4.296786 -1.356293 0.527115 1.482257 -1.938751 0.575769 -2.290209 -1.116293 1.401943 -1.058809 0.049819 -0.852125 -0.345694 0.353164 -0.516510 -1.001937 0.862473 -1.262147 0.531716 -1.488638 -0.501366 0.849176
0.214579 0.509613 -1.417406 0.729317 -0.117008 -0.294677 0.189712 -0.279902 -0.443214 0.461121 0.114927 -0.009498 -0.079606 0.279683 0.468046 -0.358860 -0.127918 -0.064255 -0.044828 -0.277805 0.476296 0.833522 -0.728021 0.175812 -0.144277 -0.204478
0.283534 1.646833 -0.400297 -0.270956 -0.309856 -0.016184 0.340590 0.244833 0.461922 -0.107470 -0.070191 -0.539884 -0.105610 -0.083414 -0.298082 -0.218541 0.703036 -0.344668 0.394447 -0.076807 -0.097388 -0.077325 0.118803 0.346617 0.187422 0.044468
0.040079 0.860674 -0.940492 1.158546 -0.335810 -1.093175 -0.182383 0.098164 0.055443 -0.099077 0.179464 0.006413 -0.059641 0.223384 0.823615 -0.145977 -0.086010 -0.145988 0.176138 0.398290 0.214421 0.803622 -0.385315 -0.048303 -0.201991 0.115131
0.301509 2.094201 1.446812 -0.948975 0.206379 -1.336850 0.069923 0.569763 0.184262 0.754311 0.160123 0.215686 -0.130366 0.445257 0.076184 0.109971 0.064339 0.100998 0.487000 -0.007702 0.154293 1.566496 -1.146622 0.321464 0.062697 0.082119
0.173911 2.332165 2.938955 -2.056103 0.529118 -1.194827 0.687472 0.946326 0.884174 0.858896 -0.190066 -0.241502 -0.852440 0.886837 0.411748 0.456791 -0.552120 0.174418 0.877328 -0.284183 0.472496 1.912446 -1.411333 0.973270 0.271980 -0.204057
0.375627 3.138591 4.090326 -2.767984 0.583028 0.009341 0.010135 0.141096 0.423902 0.449667 0.172327 -0.519907 0.066160 0.303313 0.835393 -0.143185 -0.682763 -0.202110 -0.039902 0.250397 0.328115 0.966467 -0.361076 0.340441 0.095174 -0.023692
0.038709 -0.262965 -1.611351 0.438380 0.400180 -1.316321 0.111364 0.512978 -0.166017 0.323213 0.131561 -0.472098 -0.764270 0.414652 0.545589 -0.734342 -0.911214 -0.295968 0.142246 -0.402668 0.655036 1.613142 -1.436243 0.522686 -0.440997 -0.980064
0.361037 2.650432 3.787386 -2.542946 0.451903 0.634353 -0.141476 -0.010361 0.466320 -0.116952 0.050315 -0.804612 0.476602 -0.304699 0.608224 -0.946652 -0.264237 -0.508562 -0.086109 0.813027 0.461407 0.828396 -0.067626 0.534959 -0.155088 -0.433121
-0.068897 2.132862 4.580733 -2.961057 0.846292 0.115316 0.077568 0.785505 0.997469 0.440002 -0.232488 -0.347580 -0.427901 0.687896 0.382875 0.405104 -0.284147 -0.004302 1.120639 -0.405154 0.166170 1.329513 -0.804487 1.186590 0.764030 -0.444577
0.478167 3.108324 1.844845 -1.208064 0.363029 -1.992323 0.362347 0.916709 0.167775 1.215335 0.212147 0.299684 -0.221434 0.752982 0.244522 0.345251 0.359723 0.124372 0.924606 0.346898 0.280391 2.577318 -1.666019 0.640195 0.235894 0.367318
0.143829 3.067511 3.739264 -2.049128 0.142896 -0.870938 0.050572 0.358492 0.093513 1.077626 0.244775 0.191134 0.756962 0.780509 0.569026 0.651581 -0.253008 0.033095 0.773047 -0.293511 -0.295338 1.399420 -0.481798 0.818425 0.789064 0.538499
0.978546 0.780337 -3.204459 1.792679 0.057105 1.627902 -1.220601 -1.546353 -0.492250 -0.996965 -0.548214 1.598367 -2.425960 -1.398497 -1.483363 -0.649557 0.977883 0.636345 -0.880833 -0.501777 1.301283 -0.601677 0.133224 -0.252058 0.070179 -0.638619
0.557601 3.663300 0.270419 1.028762 -0.641379 -2.310320 -0.282281 -1.530571 -1.926990 0.440390 1.497321 1.192786 0.911523 0.575559 0.920645 0.716482 -0.109282 0.046171 -0.033102 0.243779 -0.783842 -0.032973 0.884545 -0.695289 -0.283294 0.953283
-1.552925 -6.826817 -0.060474 -1.827955 -3.330884 -0.844156 -2.191001 1.163284 -2.190343 -1.967321 -1.119902 0.978369 -0.531733 1.638229 0.743177 0.616101 1.325044 -0.616445 -1.882323 0.641093 -0.807638 -2.205688 -0.910746 1.828588 -0.986719 0.826231
-0.486302 -3.785481 -4.047327 -0.051813 -3.574958 4.754645 1.334110 1.794879 1.062815 2.020358 -1.996112 -2.500015 1.861071 -1.322963 -1.193301 -1.595375 -2.686979 -0.872850 2.264144 1.607632 -2.562053 -1.251300 -1.513722 -1.010770 0.586510 -0.105686
0.517146 0.580261 -2.853707 1.451113 -1.200304 2.460035 -0.916473 -0.538300 -0.405088 0.027688 -1.108239 0.151717 -1.104352 -1.196811 -1.028982 -0.520913 0.031701 0.483953 -0.206737 0.363880 0.058281 -0.515604 0.440871 0.071539 0.339601 0.296147
0.733718 2.500181 -0.888938 0.996584 -0.575243 0.990224 -0.816635 -1.811378 -0.958179 -0.091685 0.306136 1.461373 -0.908155 -0.333312 -0.080270 -0.260977 0.987041 0.257765 -0.367153 0.545910 0.358066 -0.074152 0.668707 -0.170408 0.639634 0.213553
0.348770 -0.627243 -2.866256 0.535964 -1.058519 2.545195 0.304166 0.027101 0.441284 0.557683 -1.234580 -1.049040 0.290037 -1.026802 -1.153923 -0.676834 -0.891436 0.427805 0.174841 -0.035401 0.087157 0.190573 -0.292846 0.039568 0.270667 0.517822
0.997048 3.060944 -1.702581 2.340454 -0.675838 -0.603811 -1.277245 -2.887440 -2.512877 -0.766664 1.772582 1.923562 -1.314474 0.017048 1.472571 0.692760 0.569788 0.288721 0.405729 1.483084 -1.311085 -0.103494 1.154473 -1.033584 0.043901 0.839619
1.249994 1.335746 -2.886506 1.214995 0.811673 0.376557 -0.891643 -0.898100 -0.744834 -0.320157 -0.867866 0.107240 -1.395694 -1.380140 -1.296940 -0.969354 -0.267929 0.383470 -1.135718 -1.317254 1.481696 0.732261 -0.793874 0.559382 0.015120 0.381126
0.398916 1.188031 -1.830084 1.297856 -1.303386 1.289452 -0.586132 -0.623445 -0.434531 -0.000881 -0.426524 0.460856 -0.227703 -1.035115 -0.547368 -0.620292 0.170100 0.513776 -0.363404 0.406284 0.039266 -0.336465 0.713062 0.096644 0.415176 0.348851
0.356561 3.522584 1.470652 -0.712839 -0.302865 -1.365772 0.481733 -0.323362 -0.554823 0.811592 1.159638 0.221452 2.205359 0.689690 0.216685 0.264366 0.527186 -0.588979 0.289308 -0.053534 0.065800 0.438696 -0.022948 -0.005574 0.024994 0.571909
-0.133449 0.307580 -0.742685 0.489015 -0.785492 0.220981 -0.395946 -0.005489 0.256587 -0.232340 -0.089372 0.237525 -0.063996 0.109221 0.151456 0.028615 0.282234 -0.082495 0.168934 -0.027060 -0.340836 -0.112006 0.217278 0.178329 0.114311 -0.096693
-0.738298 -3.450086 -1.664992 -1.905218 2.839788 -0.317360 0.360488 -0.454993 1.509123 -0.624004 2.381555 2.794251 -0.097328 3.502527 -1.622967 0.027610 -2.511615 -2.221993 -0.556896 1.496454 0.718563 -1.522256 0.237569 0.588835 0.769337 1.310169
0.257565 3.029254 0.468116 0.148495 -1.054511 -1.192687 0.440734 -0.371908 -0.671064 1.150786 0.994229 0.801930 2.067649 0.533684 -0.395489 0.523906 0.653819 -0.116490 -0.428034 -0.604016 0.213693 -0.400605 -0.050419 -1.120815 0.105957 0.962209
1.238672 1.885177 -1.486208 1.496204 0.962125 -0.313866 -1.587747 -2.120197 -1.651512 -1.862165 1.430268 1.606777 -2.209158 -1.082090 0.344678 0.192612 0.817850 0.273339 0.912472 -0.106716 -0.155077 0.145610 -0.902337 -0.752138 -0.854598 -0.485834
1.242882 0.564611 -2.983701 1.496903 0.542347 1.484093 -0.668795 -2.412546 -0.422055 -1.822983 -0.660536 1.075533 -2.407579 -1.038565 -1.783862 -0.083854 0.560982 0.161153 -0.744290 -0.347160 1.697033 -0.129790 0.116949 -0.027820 -0.405804 -0.655961
0.871810 -0.218309 -3.332837 0.720583 -0.309111 2.784653 0.394305 -1.872756 0.553625 -0.694042 -1.994309 0.113735 -1.540085 -0.251590 -2.823366 0.043018 0.047525 0.005247 -1.401174 -0.557121 1.994768 0.007085 0.181649 0.867617 0.523891 -0.296219
0.575894 0.149531 -2.080383 1.598068 -0.249799 0.707334 -0.982752 -1.692800 0.012650 -2.095670 1.352042 1.606346 -1.799507 -0.457195 0.783458 -0.000696 1.670889 -0.086083 0.252132 0.407374 0.095271 -0.091475 -0.399975 -1.314112 0.218228 0.316007
0.171253 -0.351205 -2.657716 0.495431 -1.313842 2.434627 0.407042 0.448655 0.682037 0.464505 -1.417053 -1.364736 0.649091 -0.770138 -1.480695 -0.224123 -0.566126 0.269753 -0.073299 -0.320445 0.169588 -0.179348 0.065884 0.001106 -0.023038 0.513231
0.479037 -0.841376 -2.152442 0.809921 -0.839386 2.650772 -0.276813 -0.893232 0.974436 -1.075122 0.072546 1.539496 -0.826530 -1.625320 -1.200296 -0.829888 1.902853 1.590014 -1.131404 -0.849964 0.695396 0.218320 0.241993 -1.103813 -0.535496 0.980905
-0.442717 -6.309403 -0.501891 -2.907009 -4.130609 -0.473735 -1.178854 2.093190 -3.536382 2.612342 2.900296 -1.269078 -1.932644 -1.030674 -0.609721 0.845247 -0.305098 0.539695 1.938953 0.273616 1.567561 -1.939230 1.844835 -0.197607 0.710448 -0.733220
0.699060 1.846818 -1.410095 1.076254 -1.285523 0.746817 -0.357311 -1.144881 -0.786667 -0.109005 0.633031 1.385148 -0.496777 -0.859517 -0.618777 0.158661 0.701837 0.834335 -0.181511 0.344101 0.049046 -0.183473 0.574501 -0.778122 0.133653 0.602733
0.914410 2.590265 -1.183180 1.289728 -0.812098 0.138259 -0.520407 -2.046138 -1.297742 -0.534378 1.311460 1.276948 -0.601053 -0.529399 0.712221 0.061597 0.793914 0.534731 -0.134513 0.847717 -0.452090 0.134855 0.795898 -0.965916 0.076253 1.303473
0.917691 2.147564 -1.005013 1.440310 0.319011 -0.781150 -1.799820 -2.042130 -2.126366 -1.479724 2.390328 1.471483 -1.263122 -0.504592 1.633103 0.662329 0.936076 0.320393 1.336723 0.069259 -1.834264 0.029051 -0.687671 -0.857340 -0.137037 0.805677
-0.131710 -0.804798 -1.895567 1.630206 -1.642506 1.090267 -0.493629 0.435011 0.644191 -0.879080 -0.480354 0.010016 0.748325 -1.497431 -0.488067 -0.762356 0.099599 0.424900 -0.402227 0.292559 -0.148625 -0.767725 0.395481 -0.173777 0.096716 0.173084
1.377394 2.660810 -1.521161 1.347801 0.727418 -0.328329 -1.673716 -2.202225 -2.113892 -1.654631 1.956754 1.523289 -2.325778 -0.936340 0.720040 0.419552 1.134452 0.475851 1.674488 0.279721 -1.250163 0.229200 -1.271822 -0.428119 -0.551809 -0.422670
0.561376 1.145729 -2.660973 1.591677 -0.797710 0.718466 -0.258599 -0.954792 -0.495708 -0.023882 -0.363242 0.146411 -0.790753 -0.517553 -0.233956 -0.380721 -0.231279 0.178184 -0.251217 0.155810 0.416655 -0.089688 -0.014422 0.060816 0.289802 -0.009594
1.047130 1.656388 -1.372595 1.258451 0.501837 -0.365803 -1.265651 -1.787276 -1.342220 -1.521156 1.783277 1.363043 -1.311812 -0.827897 0.860440 0.083543 1.040201 0.202461 0.532632 -0.332373 -0.339642 0.401290 -0.943159 -0.891114 -0.161197 0.645100
0.379603 -0.261294 -4.026531 -0.615063 5.044249 2.466135 -0.403740 0.445390 1.937376 -1.935804 3.248923 -0.723888 0.271148 3.468056 -1.793576 3.814196 -0.292197 0.226270 -1.852831 2.637547 1.370916 -1.194783 1.883026 0.720684 2.057401 -1.636641
-0.024665 -2.716056 -3.079086 0.809552 -1.146668 3.064214 0.203287 -0.874461 1.478792 -0.693308 -1.739981 0.368613 -0.626277 -0.678250 -2.129634 -0.230614 -0.326716 1.093530 -1.055474 -0.697107 0.909638 0.192525 0.088546 0.155555 -0.073639 -0.164501
-2.153054 -5.409372 1.922147 3.576974 1.464702 -1.373849 -0.349385 0.810860 1.072084 -1.174467 -1.108861 0.748525 1.071736 0.574559 2.039527 0.225477 -0.855880 0.837714 0.981923 0.133995 1.179847 -0.685672 0.514524 -0.459245 0.393945 -0.383664
-2.847931 -6.813455 2.629427 3.335654 1.263222 -2.608697 -0.541811 0.938614 2.665106 -2.097070 -1.036792 0.990549 1.827533 0.395761 2.893152 0.017163 -1.182962 0.571089 1.252070 0.165378 1.609330 0.049959 0.761571 -0.585195 0.490864 -0.449294
-1.001844 -7.277922 0.662983 1.517330 -1.628721 2.508447 3.085199 0.166330 -0.943772 2.273127 2.421328 0.184041 -2.606417 -0.143703 -0.084781 -0.749326 2.095678 -1.806652 -3.755314 -2.123209 -1.392073 1.516428 2.073039 1.816972 -0.813355 -0.055653
-1.130953 -0.617794 0.789146 -0.099087 -0.046302 -3.162552 0.219697 1.207242 0.660222 0.816533 -0.218791 0.547333 0.487956 1.568942 0.171184 0.404491 -0.344384 -0.149493 0.205270 -0.261479 0.359458 0.254654 0.425839 -0.021348 -0.306800 -0.156419
0.581559 2.090305 4.338434 -4.156382 0.685546 4.239202 -1.106112 0.129732 1.320171 -0.789634 -1.078367 -1.910211 -1.619400 -1.927400 0.759759 -2.595146 -0.934881 0.019980 -1.712725 1.973660 0.542205 -0.285041 1.389546 -0.059392 -0.689479 -0.583854
0.478287 -4.162726 -1.964081 -3.247949 1.179342 0.412091 3.348574 -5.013817 -1.450914 1.933490 0.180694 -1.117136 -1.192779 2.226799 0.392891 -1.479580 1.403848 -0.868846 1.212349 0.091140 -0.738735 -1.927661 0.221753 -0.610020 0.558622 -0.624830
0.090858 3.424680 1.531613 -0.080218 -0.508124 -2.524740 0.543519 -0.285246 -0.696678 1.101233 0.917313 0.830876 1.894467 1.273353 0.021207 1.003101 0.664250 -0.347551 0.290413 -0.044433 -0.204212 -0.255031 0.765758 -0.473325 -0.339922 0.693737
-1.155774 -1.656863 7.459693 2.451292 1.105935 -0.817851 2.805807 2.415072 -0.063640 -1.282018 0.443061 -0.047045 -0.277022 1.816115 -1.056818 -0.551705 -0.418145 -0.335030 -0.651404 -0.996834 -1.175503 0.899376 0.568166 0.008312 -0.473394 -0.004712
-0.738165 -0.268764 -0.680602 0.329615 -0.428967 0.801339 -0.139699 1.393738 1.058943 0.279034 -0.104549 -1.018638 1.541167 0.868049 0.236541 0.691471 0.767992 -0.363131 0.362190 -0.660446 -0.696928 -0.810200 0.470893 -0.483430 -0.453004 0.374179
-0.870590 -3.154421 -3.508889 0.230953 -0.197602 3.086042 -0.568197 1.574711 1.284326 0.144265 -1.196503 -0.414582 0.052803 0.202969 -0.183754 -0.041154 0.003403 -0.328453 -0.321867 -0.593495 0.222409 -0.781439 0.537523 0.122105 -0.102250 0.454715
0.498865 1.594240 -0.541479 0.493777 -0.302846 -0.717215 -0.492868 -0.253992 -0.458580 -0.080567 0.588195 0.189275 0.349050 -0.491022 0.471999 -0.352206 0.078828 0.070623 0.145787 -0.195949 -0.104477 0.987958 -1.043542 0.222462 -0.012477 0.136390
-0.321872 -0.082279 0.068924 0.269997 -0.254990 0.817260 -0.826536 0.539650 0.703869 -0.143985 -0.415329 -0.641325 0.470745 -0.077531 0.612758 -0.005163 0.294260 -0.170476 0.559841 -0.277109 -0.078187 0.248515 -0.507173 0.429147 -0.193710 -0.360358
-1.228803 -1.156710 1.311280 1.516817 -1.373626 -0.872706 -0.688511 0.967468 1.295079 -0.016259 -1.370963 0.380361 1.481583 0.367899 -0.071317 0.232258 0.363682 -0.038598 0.272075 0.071439 -0.767840 -1.221753 0.332233 0.062290 -0.106077 -0.691781
-1.168626 -0.574789 -0.270823 1.960976 -1.193227 -1.637445 -0.666228 -0.453920 0.981553 -0.819698 0.579810 0.489065 2.019038 1.032736 1.557255 0.892871 -0.158260 0.021178 -0.246025 -0.451195 -0.818654 -1.212708 1.525662 0.246223 -0.559879 -1.336702
0.486709 0.055863 -0.429844 -2.262325 3.015998 -0.981463 0.951462 -0.761554 -0.731409 0.371326 -0.057314 -1.370921 -0.990859 0.256208 0.678687 -0.071385 -0.915480 -0.835234 0.526633 -0.052771 -0.518940 -0.548067 0.077760 -0.029197 -0.126488 -0.338703
0.228725 -2.560529 -2.043304 0.221399 -3.595984 2.768700 -0.681413 0.695007 0.055681 -1.551048 -1.115266 1.174583 0.485519 -2.408015 -3.651651 -0.398003 -0.542623 0.399063 -1.134721 1.067988 -1.450952 -0.782010 -1.147465 -0.413437 -0.119017 0.673184
0.153239 2.616923 1.160184 -0.193889 -0.422229 -1.316621 0.090187 -0.450495 -0.513170 0.256323 0.866253 0.368312 1.547794 0.476652 0.342392 0.231798 0.322543 -0.501520 0.160007 -0.180014 -0.055235 -0.102955 0.416405 0.028778 0.186788 0.318794
-0.363879 -0.264182 -0.008777 -1.851407 0.594463 -0.806943 1.185318 0.988076 0.559612 0.433618 0.509721 -0.686698 -0.327987 0.593810 0.425014 0.027877 0.363721 -0.592933 0.627831 -0.509407 0.121580 0.191656 0.753484 0.714340 0.262559 -0.168197
-0.780749 0.699716 3.438245 -3.383753 0.304382 0.856221 0.511922 1.820779 2.384838 -0.267726 -0.492685 -1.555576 -0.599765 0.783969 0.573423 0.604659 -0.656690 -0.282674 -0.141949 -0.566442 -0.413174 -1.072093 0.324790 -0.158762 -0.631011 -0.276891
0.105380 1.887042 1.593018 -3.096313 1.247578 1.988593 0.404570 1.751734 1.942278 -0.165151 -0.429997 -2.604721 -0.921133 0.310815 0.784732 0.113506 -0.121707 -0.519740 0.553793 -0.480016 -0.275144 -0.274124 0.346528 1.081679 0.302475 -0.485880
0.540656 1.600991 -2.448074 1.616538 -0.751629 0.782419 -0.561724 -0.845951 -0.741506 0.732977 -0.587638 0.799418 -0.515863 -0.241208 -0.704927 -0.388856 0.408592 0.319436 -0.953467 0.171884 0.457621 -0.359923 0.617279 -0.440111 0.236615 0.211930
0.947261 -0.140505 -3.469124 0.747771 -0.104308 0.605579 0.983976 -2.053875 -0.167588 -0.932828 -0.425286 -0.334695 -1.756557 -0.280191 -0.497097 -0.415149 -1.211065 -0.237231 -0.034861 -0.217253 0.689490 0.914292 -1.572052 0.594004 -0.685325 -1.442301
0.246348 0.394457 -1.300711 0.911066 -0.063387 0.154075 -0.735717 -0.299480 -0.269912 -0.315125 0.208757 0.279623 -0.275366 -0.303917 0.300066 -0.198146 0.015450 0.140561 0.207364 -0.183092 0.063055 0.516013 -0.711230 0.071092 0.083140 -0.156681
-0.007914 3.447185 1.073503 -0.145635 -0.167153 -2.150123 0.597830 0.531175 -0.315224 1.643132 -0.016291 0.281311 1.019772 1.338675 -0.701857 0.889945 0.463451 -0.393734 0.070166 -0.365002 0.177036 -0.616763 0.281581 -0.199594 -0.348786 -0.112865
0.625648 1.973828 -1.007665 2.084019 -0.918132 -0.607368 -1.285405 -2.344905 -2.140829 -0.350819 1.671066 2.143284 -0.380112 -0.155943 1.494738 0.590365 0.350342 1.077582 -0.096000 0.737289 -1.513723 0.412168 1.424380 -1.255434 -0.259519 1.935584
0.253665 -1.447665 -0.818059 0.459409 -2.732277 1.449715 -0.906999 0.101716 0.359336 -1.715574 0.279418 1.797783 0.684093 -2.256763 -1.834633 -0.363209 0.728025 0.967319 -0.482329 0.430825 -1.268218 0.050091 -0.832887 -0.881408 -0.440602 0.830915
0.683870 1.459673 -1.560829 1.014748 -0.398964 -0.354196 -0.453072 -0.688293 -0.554396 -0.709387 0.747510 0.297851 -0.040986 -0.884112 0.368143 -0.690845 0.409835 0.095678 0.018929 0.200082 -0.155723 0.609758 -0.370627 -0.078682 0.142025 0.288144
-0.047206 1.766605 0.415035 0.382623 -1.410700 -1.187031 0.513862 -0.040955 0.754169 -0.349029 -0.562556 0.834069 -0.111582 -0.024358 -1.304436 0.498590 0.587831 0.388651 0.098131 -0.244531 -1.180984 -0.989509 0.241970 0.110344 0.128948 0.110043
-0.356934 -3.647316 -1.640800 -1.809144 0.036951 0.028495 2.367184 -0.446967 -0.352482 2.245098 1.568786 -0.617448 -0.961986 -0.222759 0.937025 0.266451 0.583537 -0.255874 -0.770118 -0.467443 -0.224136 0.085086 1.140523 0.111178 -0.197402 -0.058772
0.499724 4.587355 2.317271 -1.382048 -0.005875 -1.687738 0.302446 0.539783 -0.228478 1.465711 -0.314683 -0.270745 -0.769653 0.647191 0.274255 0.250205 -1.218801 0.209901 -0.553229 0.416075 -0.029955 0.004915 0.214782 0.241312 0.008469 -0.258428
-0.155372 2.551241 1.856249 0.052176 0.272710 -1.560914 0.503469 0.479312 -0.165813 1.208009 -0.158882 -0.068128 0.517514 0.766516 -0.206206 0.520902 0.015337 -0.147695 0.069381 -0.105703 -0.049705 -0.793445 0.616060 0.017504 0.107105 -0.242988
-0.592028 -0.223235 -1.304835 1.210821 -1.990296 0.565373 -0.884943 0.668345 0.123335 0.264149 -0.859429 0.299712 1.022331 0.514203 -0.603171 0.522073 -0.020568 -0.232867 -0.541950 0.029113 -1.043867 -1.131239 0.430076 -0.264200 -0.690019 -0.272894
-1.081086 -2.110169 -1.520621 1.144517 -0.898860 1.009754 -0.472250 1.662638 0.720812 0.404256 -1.616288 -0.941229 0.362428 0.688341 -0.071406 0.073948 -0.216682 -0.425159 0.196955 -0.330457 -0.324543 -0.903837 0.280165 0.293137 -0.197987 -0.401037
0.398644 2.146681 0.285623 -0.147844 0.183439 -0.607734 -0.577981 0.192316 -0.069893 0.397510 0.661155 -0.382888 -0.275327 -0.158711 1.234247 -0.343610 -0.328586 0.190682 -0.481919 -0.112487 -0.181405 0.437715 -1.168271 -0.631492 0.456071 0.126558
-1.274332 -2.459347 4.187047 3.272891 1.866256 -1.748730 2.324688 1.095392 0.542775 0.445377 0.251851 -0.361859 0.934012 0.445323 0.339754 0.801152 0.140792 -0.149270 0.797286 -0.320444 0.818238 -0.318627 -0.138400 0.051222 0.151533 -0.011653
0.082523 -0.284693 0.909949 -0.790638 -1.298966 0.194787 0.114260 0.943443 0.644575 -0.798884 0.036413 0.465735 0.507416 -0.875617 -1.207689 0.126647 -0.006146 0.226839 0.299024 0.002200 0.117280 1.042454 -1.089490 0.335947 -0.211797 0.012606
-0.076311 1.817105 3.818558 -1.558516 0.940800 -0.649587 0.791221 0.859944 0.781087 0.128770 -0.171292 -0.634988 0.278393 0.211281 0.454066 -0.341793 -0.050748 -0.140926 0.939162 0.289518 0.571284 1.188656 -0.522337 1.013805 0.596443 -0.470443
-1.348337 -5.128642 -1.380666 -0.595036 -0.985413 0.794153 1.191938 1.168073 0.580651 2.217146 1.704151 -0.905362 -0.138095 0.436231 1.484897 1.068595 0.804908 -2.019097 -1.496127 -0.583778 -0.842414 0.332073 0.719999 0.625776 -1.197963 -1.335160
-1.313651 -5.533390 -0.493846 -1.444592 5.668235 -5.169999 -0.524667 2.959610 -1.206717 -0.041951 -3.518066 1.693280 2.028475 -0.988916 2.075712 -0.779208 1.066293 0.032199 -1.279874 -0.898195 2.393186 -0.907971 -0.692106 -3.325009 -0.009885 -2.318819
0.722354 3.719200 2.488599 -1.670523 0.652734 -0.587705 -0.526121 -0.411402 -0.734083 0.897015 0.460543 0.008990 -0.800354 0.476733 1.008248 0.299194 -1.157378 0.120552 -0.404552 0.032301 0.290205 0.968825 -0.564212 -0.369198 -0.366369 0.409455
0.838789 -3.608888 -3.110320 -3.038262 3.465536 -1.497278 0.747802 -1.844151 -4.204528 -1.153587 -1.913070 -3.500291 1.452538 0.255051 0.546697 0.922492 -0.608081 2.241159 0.200606 0.006036 -0.834539 -1.746727 -0.134290 0.947232 -1.300453 0.987113
-0.638388 -2.402978 -4.189536 0.450679 -1.069287 4.657267 -0.179393 2.528953 1.771689 0.689359 -1.461980 -3.159892 1.560457 -0.233297 -0.733305 0.103476 0.577675 -0.076051 0.057078 -0.772354 -0.728322 -0.648902 0.300053 -0.739136 -0.927953 0.721688
0.583316 1.801849 2.605167 -2.288001 -0.903364 0.511594 0.015602 0.668704 0.332506 -0.489377 -0.003443 0.238366 0.324322 -0.785750 -1.559782 0.232212 -0.003108 0.058760 0.383285 0.200518 -0.076230 0.951234 -0.913912 0.804702 -0.038365 -0.049768
-0.338786 1.823347 4.311226 -1.528261 0.485566 -0.870884 0.725736 1.137094 1.413838 -0.334203 -0.232647 -0.706690 0.691716 0.100633 0.012623 -0.091527 0.559913 -0.254013 1.183882 -0.020750 0.015053 -0.037702 0.086489 1.259169 0.952416 -0.587986
-0.872059 -1.932987 2.895516 3.225535 1.620881 -1.570937 1.812262 1.178096 0.594139 0.073915 -0.165664 -0.273893 -0.326637 0.251876 0.950799 0.243296 -0.528143 0.621242 0.477506 0.288847 1.204346 0.437522 -0.862386 -0.182696 -0.014358 -0.196616
-2.984188 -6.484036 6.091782 3.734337 3.502717 -2.399571 0.614940 1.128112 2.242264 -1.533016 -1.471522 2.089454 3.788443 0.007414 3.174195 0.131761 -1.035950 0.117996 2.116886 0.465085 2.611488 -0.254421 1.319997 -0.502177 1.310012 -0.327940
-0.958511 -3.731465 -2.770484 0.269088 -2.736533 3.480538 -0.586509 2.756551 1.319245 -0.261964 -1.756829 -2.000210 2.195136 -0.743636 -1.211567 -0.450995 -0.466966 -0.883679 0.300282 0.389442 -2.046288 -0.852740 -0.687220 -0.070452 -0.909739 0.226269
0.238965 3.246114 5.657108 -3.221889 1.110223 -0.285588 0.908331 0.922572 1.259702 -0.142777 -0.269873 -1.374445 -0.193329 -0.374551 0.349419 -0.658003 -0.160763 -0.158877 0.536283 0.385256 0.101452 0.247407 -0.053012 1.227522 0.716379 -0.658366
1.516152 -3.376550 -0.294021 -0.039442 4.355683 -3.933569 -0.266282 -3.834860 -3.278499 3.837691 2.230138 -5.264221 -0.032872 -1.216736 -3.642423 -0.471442 -2.877323 -0.723915 -2.029750 -1.677763 -1.251941 0.019520 1.189828 0.205958 1.150032 1.045641
-0.794630 -0.740625 0.815852 0.942620 -0.308907 -0.958382 -0.110730 0.725805 1.139665 -0.273998 -0.344043 -0.010979 0.459806 0.425504 0.561242 -0.145472 -0.328325 -0.024882 0.420934 -0.137297 0.405655 0.658384 -0.244114 0.349780 0.247565 -0.462281
-0.003062 2.088264 1.196676 -0.144378 -0.553233 -1.779879 0.451954 0.241227 -0.115846 0.704823 0.413236 0.503122 1.072424 0.585062 0.148015 0.147197 0.314846 -0.042928 0.207806 0.222640 -0.307797 0.743842 0.080214 0.003271 -0.002763 0.427146
0.296652 3.826835 4.526450 -3.241328 0.875723 -0.702826 0.752202 0.948627 0.951151 1.008368 -0.293979 -0.879560 -1.187633 0.784187 0.540219 0.540753 -0.961746 0.103089 0.257789 -0.148203 0.466944 1.079889 -0.982173 0.622196 0.039193 -0.229821
-0.685837 -0.633594 4.491278 -1.849511 -0.310519 0.876192 -1.070683 0.059619 1.549956 -0.407785 -1.722168 0.532579 1.303364 0.739752 -0.499595 -0.641081 -0.555362 -0.375227 0.149418 0.560676 -0.918859 0.689305 -0.921423 0.761372 -0.056413 -1.445646
0.409502 -2.402126 -4.028157 -2.121660 4.264798 -1.355700 0.520149 1.477959 -1.938574 0.558655 -2.273018 -1.145689 1.433415 -1.065033 0.030160 -0.857514 -0.283553 0.389598 -0.579054 -0.952680 0.852771 -1.279223 0.528601 -1.487907 -0.484662 0.837895
0.217975 0.505750 -1.437119 0.740458 -0.128955 -0.323475 0.207629 -0.271237 -0.420492 0.445278 0.129078 -0.033425 -0.078690 0.259975 0.495359 -0.385040 -0.148038 -0.064661 -0.050848 -0.256880 0.492593 0.863717 -0.761640 0.175961 -0.141327 -0.216408
0.298810 1.624921 -0.475973 -0.240887 -0.352346 -0.133856 0.440722 0.274337 0.562822 -0.244957 -0.012004 -0.651009 -0.119388 -0.150471 -0.187681 -0.317582 0.623022 -0.355949 0.359474 -0.012347 -0.033535 0.048414 0.036328 0.383536 0.193432 0.039698
0.015858 0.898322 -0.798372 1.115252 -0.266717 -0.843662 -0.353754 0.066207 -0.158531 0.107324 0.095721 0.173088 0.009763 0.343625 0.636503 0.000690 0.061006 -0.151473 0.213306 0.328028 0.098541 0.562728 -0.227673 -0.118833 -0.169517 0.166339
0.274747 2.127597 1.621141 -1.004724 0.276948 -1.060190 -0.128908 0.500011 -0.012762 0.951555 0.066134 0.415187 -0.020800 0.557715 -0.154867 0.256922 0.264246 0.108718 0.546399 -0.050942 0.007339 1.305492 -0.919721 0.268424 0.096843 0.111442
0.163486 2.330058 2.971141 -2.057944 0.522901 -1.157582 0.646172 0.933215 0.873004 0.844643 -0.201280 -0.213091 -0.790753 0.867306 0.370487 0.436738 -0.468014 0.161793 0.913455 -0.261769 0.419103 1.870841 -1.317788 0.985048 0.299316 -0.189457
0.374665 3.138516 4.084542 -2.760950 0.571278 0.001522 0.012043 0.144207 0.417745 0.436934 0.180951 -0.521835 0.082692 0.306611 0.836838 -0.144543 -0.678648 -0.210254 -0.029541 0.255839 0.326169 0.976437 -0.359610 0.341036 0.078603 -0.025002
0.098307 -0.320291 -1.862942 0.528780 0.258296 -1.752340 0.436901 0.609240 0.139178 -0.019589 0.310795 -0.789276 -0.893255 0.199186 0.897847 -1.021167 -1.193515 -0.300747 0.060710 -0.251927 0.928186 2.054992 -1.774429 0.645440 -0.503689 -1.036711
0.351919 2.674602 3.867644 -2.585265 0.506992 0.758814 -0.225916 -0.030646 0.360343 0.017403 0.012597 -0.719570 0.484274 -0.229518 0.522172 -0.842411 -0.212821 -0.496089 -0.039567 0.738781 0.444553 0.785044 -0.064567 0.545205 -0.156751 -0.423131
-0.047765 2.107413 4.428963 -2.925552 0.785986 -0.138242 0.241134 0.841726 1.176561 0.309956 -0.148349 -0.510066 -0.546041 0.602165 0.563787 0.329981 -0.475417 -0.003193 1.090422 -0.359878 0.339430 1.571569 -1.045462 1.255289 0.717771 -0.469158
0.474637 3.108992 1.840938 -1.206797 0.362532 -1.995883 0.368677 0.913996 0.168966 1.228772 0.210693 0.305361 -0.217004 0.766435 0.237332 0.343754 0.361278 0.126453 0.902183 0.343323 0.267123 2.552234 -1.659424 0.624147 0.239667 0.376423
0.143090 3.069762 3.745856 -2.042271 0.145111 -0.860174 0.046129 0.352840 0.086759 1.077097 0.245731 0.196680 0.784795 0.766596 0.555683 0.644207 -0.229404 0.030475 0.778968 -0.293309 -0.307310 1.376506 -0.465315 0.812204 0.803191 0.536297
