-0.718323 -3.602162 -0.044366 -0.988880 -2.053247 -0.342216 0.564582 0.431494 -1.261488 0.934359 1.544407 -0.777147 -0.916933 -0.985111 -1.037514 -0.002345 -0.009881 -0.906399 -0.429404 0.086125 -0.550062 0.570556 -0.129115 -0.228176 -0.184838 0.169372
1.188009 1.068641 0.570466 0.020542 0.226473 0.962124 -0.753733 -0.326036 -0.489460 0.797855 -0.548328 0.697422 0.499474 0.400539 -0.406203 0.362104 0.336184 0.040850 0.443495 -0.235912 0.000294 -0.323128 0.240950 0.318754 0.371300 -0.092712
-4.970155 -8.671853 4.735510 0.613914 -1.510586 -3.750774 -4.143750 -2.226091 0.950815 1.223937 0.964272 -1.355548 -1.496137 -0.119597 -1.810971 0.304833 0.457396 -0.829603 -0.343873 0.195591 0.216020 -0.355633 -0.541547 0.314531 -0.121356 1.113000
0.362064 0.151717 0.547154 0.304493 0.163909 0.090352 -0.195723 -0.607734 0.681685 -0.237179 -0.177480 -0.356509 -0.056302 -0.701801 0.667920 -0.206224 -0.319011 0.008442 -0.247592 0.488798 0.547139 0.008377 -0.025700 -0.117806 -0.240202 0.091409
2.173130 0.256620 -0.310995 0.303519 -0.304284 -0.288160 0.044932 -0.043901 0.371669 -0.072560 -0.008376 -0.058858 -0.039709 -0.029624 0.129861 -0.071543 -0.061765 0.029452 0.019409 -0.073214 0.016182 -0.150079 0.084310 0.040318 -0.009302 -0.022551
-0.490399 -1.225203 -0.333487 0.801044 0.201437 -0.781451 0.105633 -0.556268 0.240496 0.137479 0.221071 -0.221099 -0.117919 -0.072499 0.132555 0.114127 0.015346 -0.281144 -0.225298 0.033361 -0.161347 0.139384 0.049462 0.270066 0.082460 0.149397
-0.647181 1.018884 -1.363663 -1.303402 2.568437 -1.008653 -0.217837 1.423703 -0.479976 0.864526 -0.533947 0.942690 -1.000276 0.884497 0.226469 0.570112 -0.638897 0.870901 -0.321532 0.841963 0.105465 0.141963 -0.080814 -0.218558 0.287711 0.473294
-2.015936 -3.805039 2.160531 -0.914083 -1.516478 -1.726841 -2.537029 -0.529678 -0.315186 -0.701243 -0.144148 -0.191679 -0.739358 1.455030 -0.984806 -0.659793 0.028785 -0.115611 -0.296729 -0.403740 -0.473360 0.007891 -0.022060 -0.180896 0.050437 0.269157
2.258271 0.046872 0.184620 0.860326 -0.088550 -0.004818 0.550938 0.390254 -0.205434 -0.374374 0.012104 -0.074047 -0.182450 0.392714 0.020421 -0.421343 -0.081252 0.201964 0.031453 -0.198589 0.024281 -0.058623 0.135766 -0.040249 0.031761 -0.059204
2.247160 0.387916 -0.474054 -0.096481 -0.294367 -0.026176 0.114879 0.070847 0.177932 -0.112697 0.008486 0.047487 -0.048264 0.177417 0.087266 -0.170629 -0.091222 0.036509 0.006407 -0.117788 -0.012962 -0.110316 0.143686 0.011183 -0.011787 -0.031584
-3.150263 -0.014214 0.658837 -0.693371 0.673827 2.433957 -0.532717 0.362874 -0.512276 0.136287 0.046387 0.529801 1.232195 -0.159048 -0.792122 0.043181 0.180612 -0.337001 0.473346 0.547437 -0.468689 0.337263 -0.276658 0.480117 0.178601 -0.078858
-10.102951 -8.147673 3.539082 7.646147 4.861389 1.540850 7.707992 3.251930 -7.207843 -0.432976 2.734148 -1.473561 -1.367528 1.770013 -0.975872 -1.790109 0.303066 0.939861 -0.569522 0.548019 0.128376 0.559023 -0.116068 -0.027587 0.412564 0.476989
-0.835727 3.251997 3.198680 -2.154136 -0.304658 0.866601 -0.170400 -0.245489 0.582650 -0.358163 0.233524 -0.763455 -0.218760 -0.287176 2.178322 -1.271467 -0.943872 -0.224037 -0.209996 2.035440 0.701430 2.930945 0.448721 0.147080 -0.253403 1.314103
-0.230832 0.354448 -0.924648 0.809185 0.320125 -0.314838 0.190907 -0.634996 0.327436 -0.137109 0.337384 -0.218706 -0.170205 -0.074714 0.181288 0.235654 -0.002746 -0.480592 0.024830 0.146689 -0.093351 0.054070 0.017447 0.216540 0.106633 0.095524
-6.534383 0.469120 0.213531 -0.856189 0.279454 1.476087 0.492494 -0.631704 -0.467663 -0.579104 0.932533 0.354921 1.559757 -0.927607 -0.399334 0.215636 0.231274 -0.592741 0.420416 0.678245 0.028959 0.852573 -1.175228 -0.069139 0.276552 0.375609
-13.072901 -9.647358 5.986164 -5.973638 -4.049654 -4.900368 -5.628860 -2.201881 -1.533155 -4.883014 0.467667 -1.896920 -0.916596 3.781897 -0.530926 -3.570847 -0.008319 0.764191 -0.642425 0.168948 1.594736 -0.634677 -1.339452 -0.566569 -1.476635 1.423882
1.881889 0.043304 -0.108910 -0.053208 -0.307459 -0.100486 -0.071767 0.069218 0.182905 -0.178850 -0.096400 0.062390 0.007819 0.036472 0.162340 -0.122172 -0.086903 0.021998 -0.021121 -0.026607 0.042489 -0.136553 0.100606 0.010761 -0.032434 -0.024070
-0.036508 -1.816207 -0.180594 -0.160432 -0.066259 -0.967567 -0.524303 -0.348304 0.722153 -0.337650 -0.200959 0.001112 0.305729 0.522772 0.204572 -0.186939 -0.117299 0.863421 0.331877 0.081206 0.335005 -0.291170 -0.068850 -0.124580 0.065123 -0.025762
0.188284 -0.660174 0.568366 0.902587 0.514214 -0.041198 0.137549 -0.212774 0.513464 0.107986 -0.108384 0.058067 0.065380 -0.789071 0.340393 0.613928 0.074487 -0.185898 -0.082624 0.254085 0.100165 -0.106413 -0.218072 0.235540 -0.081675 0.107563
1.255400 0.691077 -1.213082 0.439700 -0.141705 -0.072109 0.241609 0.016502 0.190392 -0.106023 0.079467 -0.086768 0.148502 0.281463 -0.116415 -0.126306 -0.119418 0.040294 -0.191538 0.071928 0.153871 0.004803 0.162939 0.086770 0.075622 -0.033060
0.190651 -0.811595 -0.105034 0.504705 0.273309 -0.347886 0.527536 -0.185995 0.698365 0.163135 0.083448 0.031154 0.067650 -0.445510 0.099549 0.195171 -0.146505 0.056039 -0.092201 0.199461 -0.161716 -0.164185 -0.184149 0.229306 -0.065915 0.050443
-3.994902 -6.841797 -0.672837 -4.601238 -3.517314 -1.538215 1.717984 2.886891 -3.853559 -0.338875 -1.456127 1.791795 0.665478 -3.212638 2.152075 1.765503 0.089296 -0.121204 0.654371 0.043771 -0.449264 0.677173 0.016057 -1.315281 0.073592 -2.471768
1.561406 0.420095 -1.226252 0.233682 0.132815 0.151751 0.224586 0.033141 0.411211 -0.420805 0.205858 -0.276337 0.034921 0.384986 -0.206977 0.086780 0.117764 0.084993 -0.237898 -0.039604 0.245693 0.064535 0.263399 0.040671 0.095676 -0.037388
2.054436 0.371578 -0.134146 0.586830 -0.204890 -0.360807 0.533483 0.225733 0.040358 -0.166086 0.010773 -0.040054 0.005841 0.154106 0.056321 -0.135439 0.000212 0.146073 0.108119 -0.081867 0.151691 -0.205742 0.039332 -0.061729 0.000538 -0.030603
-1.131272 -0.996981 -0.113777 0.469773 0.032602 -0.691198 -0.113676 -0.410707 0.811139 -0.167133 0.088115 -0.171292 0.054022 -0.228061 -0.107999 0.207418 -0.089921 -0.168956 -0.226228 -0.020187 -0.145634 0.198158 -0.140391 0.072747 0.020274 0.048406
2.051360 0.203501 -0.926408 0.065181 -0.452029 0.128055 0.277357 0.108979 0.278373 -0.131699 0.026737 -0.136897 0.019576 0.121702 -0.003694 -0.197825 -0.128405 0.033765 0.020233 -0.081701 -0.071018 -0.037562 0.048084 0.016057 0.008349 -0.007054
-49.819011 7.970138 -11.729817 -6.395959 1.140060 -3.092363 7.892720 1.826610 0.277351 -0.771528 -1.631393 1.819314 -3.671226 1.851347 -1.457593 -0.820689 -2.126793 -0.156238 -0.253996 0.374122 -2.841850 0.651914 2.688632 1.144444 2.316857 0.123178
-0.711549 0.275027 -0.338450 0.555219 -0.759977 -1.490740 -0.123228 0.552875 0.538569 0.850756 -0.058414 -0.677264 -0.230794 0.495652 -0.325685 0.010572 0.543141 -0.726299 0.068464 0.472923 -0.285891 0.538947 0.558217 0.178526 -0.375493 0.317217
-6.006581 -3.720302 1.638475 1.354316 0.852353 -3.002347 0.485529 0.954825 0.108485 -0.954598 -1.604479 1.159942 0.607703 -0.689878 1.408306 1.548012 0.524849 0.655586 0.371855 0.578481 0.718576 -0.349323 -0.186263 -0.211600 0.808939 -0.108483
1.532735 -0.049284 -0.197223 -0.022331 0.023753 0.123667 -0.322791 -0.091078 0.090243 0.161644 -0.229431 0.199543 0.117869 0.301934 -0.052431 0.157441 0.086389 0.191377 0.191480 -0.148850 -0.001990 -0.181827 0.118033 0.058469 0.137193 -0.025019
2.240760 0.518961 -0.694449 0.225783 -0.255459 -0.226138 0.143102 -0.116046 0.156630 -0.288077 -0.035222 0.015075 -0.126922 0.059592 0.106810 -0.135818 -0.078242 -0.024653 0.109153 -0.047576 0.006181 -0.091383 0.097945 -0.028663 -0.005050 -0.055442
0.210896 -0.519671 0.038440 -0.206852 -0.289303 -0.494994 0.213578 0.157458 0.474463 -0.523237 -0.008862 0.023049 0.077164 -0.132302 0.237088 0.079240 -0.154937 0.011800 -0.065550 -0.077179 0.030395 -0.124860 -0.093008 -0.085727 -0.025254 0.081578
1.067621 1.118355 0.285069 -0.159235 0.082086 0.012970 -0.090106 -0.159964 0.223310 0.093727 -0.299124 0.243381 -0.095129 0.212401 -0.379994 0.125832 0.024389 0.306348 0.520521 -0.072245 -0.217329 0.737146 -0.766949 -0.052795 0.417958 0.268844
1.935673 -0.342928 -0.103099 0.440950 -0.314323 -0.593161 -0.149688 -0.144207 0.492096 -0.075580 -0.045198 -0.104919 -0.103408 0.023269 0.083165 -0.030416 -0.018636 -0.071545 -0.144382 -0.205532 -0.121176 0.068997 0.152464 0.020841 0.035582 -0.164513
0.259016 0.904632 0.512751 -0.979617 0.030761 1.464310 -0.349131 -0.044613 -0.259755 0.196717 -0.007139 0.238074 0.680678 0.141846 -0.422242 -0.074077 0.296534 -0.124502 0.443193 -0.016855 -0.100910 0.390075 -0.139526 0.233885 0.150477 -0.057019
-3.950754 0.387797 0.168903 -2.354458 -0.075475 1.265993 0.146696 0.299357 0.415906 -1.607906 0.621976 -0.467949 0.616000 -0.790051 0.650524 -0.821987 -0.999745 -0.495216 -1.166930 1.002398 0.596372 0.081931 -0.147987 -0.616745 -0.885618 0.127990
1.970745 0.506066 -0.337215 -0.002338 -0.092490 0.318751 -0.170794 0.002897 0.039117 0.002581 -0.052578 0.026469 0.025133 0.207070 -0.009804 -0.098012 0.015981 0.009373 0.116616 -0.072108 -0.027727 -0.080063 0.139133 0.069853 0.027658 -0.058887
0.481808 -0.379573 -0.926295 0.008258 -1.064605 -0.409132 -0.236433 0.081759 -0.509831 -0.135119 0.518460 -0.326857 -0.421681 0.159949 -0.036984 -0.015091 0.141478 -0.342339 0.005427 0.180292 0.224252 -0.229285 -0.007574 0.170661 0.097580 0.117299
0.258534 0.657561 0.170674 0.947722 -0.069080 -0.769249 0.867257 -0.023970 0.132093 0.107277 0.431347 -0.252815 0.164268 -0.226200 -0.192500 0.084556 0.059261 -0.301731 -0.164487 -0.215415 0.056986 -0.161848 -0.274180 -0.088547 -0.030736 0.008288
0.970354 0.948653 -0.896803 0.546773 -0.577210 -0.291218 0.219261 -0.069499 0.123906 -0.141397 0.028304 0.026475 0.044157 0.123490 0.018999 -0.027766 -0.126207 -0.094875 0.046015 -0.037237 0.130244 -0.128906 0.083570 0.148468 0.061754 -0.071961
-2.931525 1.843248 3.811644 -2.328700 2.492225 3.810508 -3.021288 -0.304456 -1.380644 2.638375 -1.032350 0.742418 0.569614 0.751051 -1.756096 1.363186 1.063376 -0.107494 0.477842 -0.424744 -0.121472 0.773341 -0.316300 0.244671 -0.070493 -0.186724
1.830575 0.942877 -0.503905 0.154564 -0.398326 -0.134367 0.095564 -0.032391 0.184211 -0.195995 0.019724 -0.094798 -0.092947 0.107713 0.102625 -0.188231 -0.021758 -0.042547 0.041004 -0.143035 0.089031 -0.014832 0.042177 0.034281 0.018594 0.054294
1.908281 0.966044 -0.012841 -0.147462 -0.251531 0.070575 -0.110663 0.030518 0.127228 -0.013326 -0.075995 -0.090056 -0.112295 0.113897 0.112057 -0.231724 -0.131825 -0.009345 -0.124274 -0.003706 0.016519 -0.166938 0.179458 -0.092343 -0.130714 0.000128
-5.866258 5.431523 4.456794 -2.740849 1.483046 2.557024 -2.040723 -0.671614 -0.819847 1.107336 -0.809954 -0.652476 -0.473795 -0.410198 0.442136 -0.611700 -0.819216 -0.576411 -1.829238 1.332782 0.254383 -0.850453 0.562552 -1.402381 -1.435695 0.403151
0.835832 0.452255 -1.262781 0.632830 -0.104630 0.556347 0.572901 0.184088 0.009833 -0.426775 0.103014 -0.238399 -0.143452 0.143140 -0.190183 -0.237701 -0.056177 0.136389 -0.018595 -0.052359 0.071803 0.105929 0.010253 -0.042922 0.122585 0.175694
2.001476 0.793096 0.333261 -0.362504 -0.051126 0.421593 -0.299857 -0.108844 0.117808 0.169505 -0.132735 -0.037578 -0.183653 0.105300 0.134416 -0.091617 -0.240167 -0.010280 -0.129258 -0.063772 0.129860 -0.036197 0.013191 -0.026772 -0.194742 -0.075415
0.967199 2.219242 0.719451 -0.595495 -0.571336 -0.736618 0.622747 -0.094257 0.381359 -0.568133 0.609785 -0.421303 0.486962 -0.162541 0.188804 -0.378657 -0.129265 -0.214073 -0.320017 -0.584469 0.259790 -0.287036 -0.409196 -0.372691 -0.205538 0.020186
0.245814 -0.684894 1.563789 0.813642 0.842462 -0.098833 -0.310242 -0.524179 0.407209 0.293281 -1.129311 0.358498 0.130291 -0.329764 0.404006 0.740525 0.082714 0.851345 0.042214 0.289783 0.265079 -1.431359 0.231546 -0.265246 -0.139743 0.119532
-0.184890 0.673836 3.246409 -2.190246 0.958828 2.647728 -1.941871 -0.562047 -0.924699 1.218625 -0.791636 0.742563 -0.152410 0.626087 -0.227240 0.542155 -0.262503 -0.048791 -0.136539 -0.266939 0.227234 0.115301 -0.291347 -0.183800 -0.468823 -0.221874
1.797895 0.071813 -0.811035 -0.011748 -0.413874 -0.030925 0.045720 0.187236 0.134904 -0.270472 0.056851 0.030833 0.028367 0.118988 0.025427 -0.189785 -0.114672 0.011829 0.037100 -0.053107 -0.023726 -0.030182 0.059772 0.094123 0.026098 -0.035824
0.665719 0.066215 -0.310068 0.987942 -0.605525 -0.934939 -0.415304 -0.707764 0.352963 0.332738 0.480605 -0.132864 -0.569884 -0.065908 -0.366215 -0.168702 -0.051609 -0.903706 -0.631617 -0.258589 -0.636417 0.632148 0.291918 0.084672 -0.086303 -0.111112
1.936468 0.709491 -0.386804 0.403723 -0.404038 -0.341186 0.344088 0.095706 0.158585 -0.224043 0.091690 -0.057163 -0.035703 0.103471 0.005996 -0.177476 -0.025527 0.018498 0.012677 -0.180510 0.061770 -0.151542 0.017310 -0.013321 -0.008456 -0.038662
1.130227 -0.318874 0.172087 1.383005 0.045010 -0.331254 0.526289 0.085529 -0.039136 -0.047992 -0.029462 -0.095709 0.000394 -0.102652 0.076378 -0.045821 -0.303585 0.109877 -0.025447 -0.096280 0.110022 -0.233416 0.061293 0.220101 0.140797 -0.108567
0.343245 -0.705608 -1.654717 -0.718343 0.074124 0.404754 0.195618 0.751602 -0.187887 -0.756074 0.548036 0.299915 -0.078526 -0.152056 0.210928 0.366137 -0.025925 -0.389552 0.236362 0.138232 0.131788 -0.057382 0.168707 -0.124710 -0.237299 -0.486219
2.367626 0.449001 -0.508413 0.256637 -0.369288 -0.205069 0.139420 0.061350 0.217536 -0.166816 0.026470 -0.071677 -0.058035 0.095437 0.096188 -0.192234 -0.074966 0.044167 0.025949 -0.098209 0.019200 -0.096307 0.115074 0.019963 0.001335 -0.017288
2.252990 0.457279 -0.581663 0.074594 -0.173160 -0.175009 0.134776 0.004328 0.148016 -0.155715 -0.082079 -0.043144 -0.055874 0.132427 0.050117 -0.123708 -0.146263 -0.014484 0.037994 -0.082884 -0.000193 -0.064046 0.110793 -0.011800 -0.001501 -0.015176
1.833506 1.079257 -0.078629 0.379820 -0.447967 -0.482978 0.532823 0.249489 0.154603 -0.107214 0.043752 0.030890 -0.211218 0.216155 -0.032461 -0.144529 -0.007840 0.143564 -0.007041 -0.050866 -0.031415 -0.036752 0.126078 -0.073780 -0.105618 0.026277
-8.948269 -5.388985 5.735743 6.618363 3.068541 -0.057725 5.240649 1.239543 -0.533799 -1.862611 0.798916 -0.322119 -0.672861 -1.468592 -0.043740 1.230599 0.478739 0.947132 0.828828 -0.214184 -0.284411 -0.699288 -2.222762 -0.685949 0.974394 1.139104
1.208964 0.004918 -0.981843 -0.063390 -0.452795 0.043241 0.265469 0.261598 0.247803 -0.281052 0.094151 -0.056642 0.183537 0.089474 -0.089708 -0.090907 -0.188369 0.137059 -0.008184 -0.052744 -0.093481 0.011315 -0.021144 -0.089879 0.023784 -0.000779
1.876185 0.291305 -0.260077 0.320235 -0.304887 -0.194857 0.208882 0.106957 0.207021 -0.177796 0.055905 -0.031223 -0.012384 0.027312 0.139948 -0.175959 -0.091544 0.045432 0.011113 -0.031956 0.036219 -0.046268 0.033397 -0.002212 -0.012487 -0.005035
-1.130783 -0.207635 -0.658822 1.240872 1.436118 -0.615386 0.016027 1.316548 0.469423 0.313846 0.520034 -0.381773 -0.079360 0.006714 0.021919 0.120441 0.400047 0.243021 -0.441894 0.636718 -0.289731 0.023720 0.032530 0.243622 0.196980 -0.294261
1.435719 0.204343 0.663496 1.627563 0.476338 1.030556 1.271266 0.781427 -0.960850 -0.508204 0.123999 -0.123713 -0.244694 0.531080 -0.253903 -0.572357 0.063386 0.191769 0.039544 -0.179114 0.061819 0.044503 0.094492 -0.056206 0.129648 0.099879
-6.515687 0.784923 0.413659 -0.180706 -0.102083 -0.768393 0.125005 0.190406 0.391987 0.048883 -0.456602 -1.132608 -0.225423 -0.910464 -0.046801 -0.121343 -0.317127 -0.756396 -0.625159 1.004563 0.189962 -0.123988 -0.117103 0.316705 -0.326634 -0.253673
-9.611949 -5.240513 2.804666 3.591533 3.217971 1.301577 -0.322243 -2.964418 2.557039 2.691822 0.527219 -0.075111 1.256981 -4.436315 -0.431183 2.915917 0.565327 -0.956135 -0.272420 1.344101 0.069569 0.246122 -0.785897 0.845834 0.118338 0.809719
2.074314 0.293867 -0.555925 -0.310641 0.084130 -0.165799 0.061680 -0.336345 -0.443458 -0.020749 -0.456194 -0.238500 0.342855 0.301129 -0.312524 0.018590 0.035807 0.344103 -0.051057 -0.032997 -0.103727 -0.139014 -0.088535 0.060031 0.096845 0.037389
-0.415252 1.356307 -1.848522 0.994227 -0.173768 -0.212647 -0.091943 -0.019566 -0.077826 -0.177413 -0.100759 -0.282957 -0.085851 0.222546 0.012469 0.025643 0.076129 -0.421112 0.355213 0.106334 0.185465 -0.066140 -0.037814 0.296481 0.009324 -0.183147
-3.627470 -3.028071 -4.426386 -2.529673 1.098906 2.225390 2.711400 0.579643 0.583352 0.206691 1.199609 1.576389 1.345544 -0.120542 -0.151793 -0.413231 -1.383158 0.394619 0.618686 0.676978 -0.859857 0.020373 -0.329629 -0.528905 0.075030 0.656561
1.169662 0.024619 0.660980 0.816469 0.339365 -0.113879 -0.031892 -0.585100 0.647365 0.516015 0.011288 -0.039323 0.026294 -0.736249 0.164256 0.486027 0.121873 -0.204003 -0.010971 0.070962 0.078568 0.067938 -0.242387 0.276754 -0.009167 0.142777
1.314662 0.055987 -0.569804 0.026353 -0.302077 -0.049275 0.119839 0.055750 0.290479 -0.304575 0.156818 0.034933 0.159771 -0.020640 0.067559 -0.063344 -0.112773 -0.201294 -0.056890 0.011048 -0.114142 -0.050448 -0.115610 0.095315 -0.046695 -0.029844
2.079173 0.599477 -0.180704 -0.082933 -0.229327 0.032249 0.022425 0.038324 0.186932 -0.077890 -0.044346 -0.079481 -0.188353 0.133070 0.157478 -0.173561 -0.200321 0.044883 -0.035040 -0.038656 0.067478 -0.019102 0.088011 -0.010383 -0.073054 -0.005071
1.248872 0.098923 0.408416 -0.577385 0.019044 0.801475 -0.644800 0.166926 -0.368515 0.564148 -0.013700 0.474671 -0.004371 0.445865 -0.439640 0.306839 -0.007772 0.044434 0.312043 -0.231131 -0.008603 -0.120373 -0.082276 0.076365 0.043352 -0.046908
0.793641 0.073707 0.801333 -0.277229 0.300421 0.823910 -0.729801 -0.336223 -0.213394 0.707126 -0.312476 0.533651 0.184449 0.182641 -0.377619 0.506893 0.264298 -0.045087 0.212418 -0.217222 -0.183828 -0.165216 0.104705 0.129025 0.108522 -0.042504
2.151035 0.743828 -0.179808 -0.063097 -0.312932 0.067352 -0.112288 0.026314 0.090702 -0.048220 -0.062425 0.032000 0.011408 0.164002 0.025305 -0.169965 -0.000715 -0.012949 0.082836 -0.113865 -0.010537 -0.055565 0.122693 0.058138 0.018429 -0.046527
1.260980 0.175308 -1.138937 -0.187122 0.082681 -0.065407 0.075598 0.678189 -0.063933 -0.060760 0.335424 0.108359 0.110605 -0.021314 0.426425 0.147084 0.169462 0.146230 -0.100433 0.119051 0.011419 0.096274 0.340902 -0.129693 0.233645 -0.261530
0.848123 1.228258 -0.332943 1.037165 -0.517245 -0.764739 0.567150 0.623628 0.317679 0.308169 -0.654404 -0.002712 -0.338582 0.083896 -0.407597 -0.241756 0.149728 0.099229 0.132862 0.539059 0.069942 0.044855 0.334272 0.460259 0.057373 -0.141614
2.374474 0.307191 -0.601878 0.139523 -0.361194 -0.213777 0.101299 0.089087 0.231716 -0.160955 0.053272 -0.077767 -0.077120 0.121828 0.094245 -0.177220 -0.039192 0.037294 0.002707 -0.097290 0.009508 -0.098565 0.125214 0.024157 0.011170 -0.011341
2.387784 0.610734 -0.535325 0.151918 -0.417062 -0.266419 0.122553 0.137693 0.241881 -0.180486 0.045131 -0.076658 -0.080820 0.107411 0.105719 -0.221142 -0.072959 0.028448 0.036421 -0.110697 -0.035754 -0.109915 0.104819 0.039709 0.025814 -0.001346
1.298513 -0.064566 0.386400 0.138068 -0.200270 -0.031061 0.218323 0.127299 0.133215 -0.071639 0.143851 0.008698 0.070875 -0.266528 0.106340 0.065819 -0.095670 -0.111379 0.048337 0.105701 0.039387 -0.043762 -0.182850 0.092417 -0.054777 0.117220
2.089606 0.381233 -0.437119 -0.038233 -0.210361 0.151190 0.033989 -0.004674 0.071957 0.039701 -0.064952 0.094255 -0.049526 0.178497 0.013868 -0.082180 -0.063491 0.014977 0.067817 -0.100990 -0.051648 -0.145174 0.154744 -0.020444 0.032588 0.015686
1.740896 0.955662 0.038812 -0.214006 -0.403809 -0.009752 0.117731 0.083257 0.197812 -0.087642 -0.014275 0.085347 0.089954 0.166336 -0.235210 -0.000666 0.217954 -0.020206 0.231244 -0.207482 -0.158519 -0.155179 0.057982 0.071627 -0.055051 -0.011987
1.924904 -0.106219 0.028008 0.512183 -0.107819 -0.395941 -0.107473 -0.186111 0.349125 0.016190 -0.126669 -0.075815 0.123502 -0.053747 0.230250 -0.079047 0.034373 0.177502 0.217579 0.011600 0.170797 -0.226761 0.151588 0.064738 0.104482 -0.014414
1.083011 -0.735185 0.560898 1.358248 0.751583 -0.695346 -0.090842 -0.593230 1.143079 0.727404 0.066254 -0.060766 0.097482 -1.001329 0.412464 0.753235 0.094853 -0.085250 -0.267040 0.370724 0.012967 -0.334347 -0.069494 0.236494 -0.030161 0.048807
1.958048 0.230881 -0.384857 -0.418494 -0.096652 -0.238747 0.235521 -0.199364 -0.108372 0.101411 -0.170112 -0.309681 -0.177347 0.206965 0.021686 -0.266910 -0.103039 0.072697 -0.096535 0.035096 0.007975 -0.105470 -0.116944 -0.124437 -0.134607 -0.060462
0.778502 2.075089 3.941150 -2.298562 1.468920 4.607618 -3.183435 -1.004010 -2.317183 2.834885 -1.382625 2.060905 0.785348 1.400872 -1.806739 1.265226 1.332019 -0.072441 0.922252 -0.804040 -0.611801 -0.597567 0.779238 0.177544 0.340788 -0.179806
1.754927 -0.405109 -0.159137 0.376879 -0.213141 -0.636122 -0.103161 -0.081584 0.505098 -0.102797 -0.170233 0.076814 0.146551 -0.065231 0.335894 0.047193 -0.104033 0.347278 0.217342 0.086440 0.295779 -0.275553 -0.017785 0.081186 -0.028052 0.018184
0.151206 -1.612858 0.347732 0.629757 0.235751 -0.691988 -0.492646 -0.387252 0.898321 -0.071630 -0.558253 0.384047 0.402053 -0.401482 0.455453 0.516903 -0.069699 0.427660 0.209789 0.137542 0.223803 -0.237761 -0.172644 0.124235 0.112789 -0.105821
-1.375114 -1.849574 1.223795 1.106116 -0.146106 -0.650987 -1.120291 -1.797310 2.151755 0.518754 0.665490 -0.244797 -0.124660 -0.216282 -0.748452 -0.401990 -0.100277 -1.132681 -0.682433 -1.496084 -1.560131 2.513628 0.496992 -0.743130 0.123600 -0.984636
2.020903 0.351446 -0.198987 -0.205839 -0.448416 -0.017951 -0.236230 0.300262 0.017188 0.079449 0.139712 -0.087940 -0.180534 0.333938 -0.161534 0.054250 -0.015072 0.012870 0.161189 -0.102789 -0.045824 -0.272180 0.300921 -0.002896 0.119930 -0.002880
2.099783 0.472810 -0.566822 0.146899 -0.472217 -0.132193 0.002929 -0.017149 0.089192 -0.181989 0.101762 -0.026285 -0.113193 0.083221 0.035768 -0.206882 -0.022993 -0.075056 0.026217 -0.024307 0.005444 -0.037448 0.128606 0.059055 0.023253 -0.003327
2.203505 0.790623 -0.414185 0.163795 -0.399396 -0.163302 0.017647 0.027206 0.121922 -0.108894 0.005231 -0.018275 0.027262 0.125364 0.067154 -0.223407 -0.011876 -0.009779 0.050752 -0.079202 -0.001554 -0.092491 0.165815 0.058139 0.021451 -0.048034
1.987501 0.059606 -0.663648 0.062378 -0.053387 -0.309610 -0.136586 -0.047061 0.327587 -0.426387 0.160283 0.039628 -0.141085 0.365453 -0.128259 -0.275214 -0.190443 0.052865 0.095861 -0.164513 0.057598 -0.034268 0.296145 0.061361 0.009098 -0.025238
-0.598306 -3.528468 -1.373408 -2.953976 -2.545619 -0.283647 1.828709 1.609043 -3.039862 0.616171 -0.275871 0.095307 0.373913 -2.512189 1.487603 1.378332 0.632456 1.625853 0.231070 0.125123 0.581364 0.546193 0.380521 -0.709019 0.381489 -1.525003
0.220729 1.920714 0.419457 -0.636288 -0.126777 -0.013509 0.194034 -0.025555 0.080366 0.104195 -0.333012 0.021565 -0.651865 0.051718 -0.225879 -0.159013 -0.288245 0.198492 -0.167496 0.220083 -0.149652 0.346931 -0.349991 -0.252332 -0.305642 0.071892
1.287030 0.481430 -0.820020 0.273694 -0.246959 0.211225 0.314322 0.017688 0.176886 -0.334350 0.070056 -0.241828 -0.047035 0.002737 -0.018604 -0.238196 -0.089683 0.022418 -0.065457 -0.028776 0.065976 0.044597 0.019804 0.001311 0.027237 0.144188
1.045411 -0.673392 -1.110302 -0.997721 -0.475636 0.421768 1.169994 0.437436 0.007923 0.282316 0.092075 0.483492 0.518232 -0.565668 0.598073 -0.318039 -0.302155 0.595712 0.069243 -0.055803 -0.437315 0.295296 0.110024 -0.127032 -0.112035 -0.622662
0.918350 -1.692326 0.330503 0.427283 -0.289502 -0.984476 -0.338310 -0.433779 0.704234 0.179313 -0.069333 -0.011515 -0.047353 -0.277451 0.151073 0.118777 -0.029131 0.066244 0.015445 -0.009564 -0.023103 -0.171485 -0.109148 0.138196 -0.060937 -0.028896
1.788999 0.505322 -0.665746 0.076791 0.163347 0.011131 0.091555 0.099267 0.079820 0.092154 -0.083037 -0.099709 -0.338303 0.456282 -0.029287 0.161784 -0.232156 0.004241 0.018442 -0.178371 -0.031374 0.045911 -0.126704 -0.045029 -0.012805 -0.060289
1.142138 0.259674 -0.607123 0.565127 -0.076998 -0.255771 0.049351 -0.121791 0.500051 0.143684 -0.067350 -0.118386 -0.128889 -0.162849 0.078848 0.186586 -0.093557 -0.018400 -0.007483 0.057429 0.047032 -0.046462 -0.045194 0.097897 -0.010302 0.046387
1.687251 1.119780 0.733170 -0.543557 0.129750 1.296459 -0.923974 -0.328434 -0.596692 0.766832 -0.383734 0.706662 0.309858 0.529454 -0.580777 0.326934 0.505677 -0.008374 0.468746 -0.406748 -0.185433 -0.090173 0.207178 0.199204 0.238391 -0.069577
-1.365543 0.325044 0.365085 -0.636165 -0.314576 -0.118990 0.242771 0.138593 0.122782 -0.347038 0.115269 -0.131254 -0.000853 -0.572565 0.470514 -0.028459 -0.707851 -0.268991 -0.706493 0.511325 0.263407 -0.109000 -0.211344 -0.376380 -0.383226 0.081945
1.111756 -0.392639 -0.070800 0.312399 -0.186394 -0.379029 -0.067838 -0.175680 0.325820 -0.147579 -0.115124 0.145819 0.267386 -0.237372 0.313208 0.180382 -0.007725 0.096168 0.107276 0.069530 0.082254 -0.162216 -0.012390 0.134687 0.019368 -0.000982
1.517295 -0.152243 -0.337846 0.106385 -0.333809 -0.294828 0.177976 0.155586 0.217263 -0.047553 -0.054080 0.150686 0.070780 -0.049325 -0.018168 0.033823 -0.135371 -0.025422 -0.012806 0.038398 -0.101065 -0.187093 0.030136 0.067723 -0.038047 -0.067686
2.382658 0.343272 -0.399242 0.209650 -0.344801 -0.225824 0.117953 0.080989 0.256145 -0.162456 0.015704 -0.072181 -0.071708 0.096013 0.124650 -0.184563 -0.090061 0.051939 0.017452 -0.094446 0.018529 -0.103909 0.105230 0.023883 -0.008250 -0.028169
1.756932 0.175887 -0.045580 0.403293 -0.098109 0.095124 -0.020003 -0.088216 0.418698 -0.043932 -0.093172 0.123592 0.154202 -0.126276 0.046134 -0.007123 0.052184 0.048816 0.059763 -0.046901 -0.088884 -0.028154 0.049408 0.163202 0.002911 -0.002297
2.460183 0.519458 -0.492114 0.101994 -0.373757 -0.136540 0.091734 0.103044 0.276582 -0.203361 0.032433 -0.135157 -0.081831 0.092012 0.141634 -0.235444 -0.085140 0.056073 -0.028541 -0.099898 0.029328 -0.086136 0.143232 -0.018529 -0.048346 -0.009227
0.571825 0.597119 -0.994785 -0.059127 0.495403 -0.318971 0.074352 0.286781 -0.055778 -0.301412 -0.034071 0.106922 0.230230 0.103599 0.437848 -0.037317 -0.081850 0.068519 -0.143821 0.608841 0.008595 0.052264 0.246414 -0.115346 0.121025 -0.015992
1.474585 0.317924 -0.367007 0.018415 -0.150272 -0.187575 0.176156 0.156888 0.328965 -0.194752 -0.008894 -0.059687 -0.029405 0.028796 0.122261 -0.152892 -0.216727 0.009887 -0.054215 0.054678 0.036200 -0.127614 0.095437 0.009466 -0.039481 -0.043932
2.071999 1.031891 0.257603 -0.502061 -0.205647 0.191955 -0.049231 0.019330 0.212922 -0.012711 -0.068702 -0.204432 -0.532493 0.204188 0.298935 -0.098698 -0.532713 0.098515 -0.260653 -0.202327 0.191146 -0.042780 -0.133008 -0.185811 -0.293356 -0.027770
1.156768 1.259361 -0.547862 0.606841 -0.466634 -0.959211 0.366436 0.163313 0.058025 0.354718 0.027223 0.031797 0.641070 0.308009 -0.150287 -0.260238 -0.247801 -0.146595 -0.431610 -0.300052 0.373509 -0.363116 -0.105487 -0.074551 0.120771 -0.583394
1.280983 1.498285 -0.331164 0.301542 -0.639559 -0.784012 0.349875 0.064051 0.098883 0.149245 0.028990 0.146096 0.333992 0.260374 -0.200031 -0.061201 -0.004709 -0.004364 -0.055137 -0.187022 0.137766 -0.154095 0.077277 0.009413 -0.111365 -0.136055
0.774435 0.586899 -1.455045 0.124051 -0.166510 0.428139 0.596068 -0.727593 0.081180 -0.472363 0.034792 -0.063452 -0.066530 0.218970 -0.175213 -0.278975 -0.041526 -0.307994 0.198110 0.057972 -0.155392 0.089772 -0.365233 -0.082965 -0.005829 -0.156041
1.423385 0.444090 -0.549963 0.076690 0.029636 -0.142395 0.204934 0.336597 0.404008 -0.146622 0.133130 -0.235638 -0.069084 0.258670 0.176884 -0.004674 -0.010643 0.033027 0.006289 0.097274 -0.054311 -0.018783 0.253980 0.097982 0.018688 0.003268
-0.565882 0.827111 2.431363 -0.977318 0.036636 1.088415 0.065462 -0.089212 0.582212 -1.017728 0.169364 -0.824704 0.052681 -1.018958 0.827499 -0.856721 -0.800956 -0.320565 -0.620541 0.836977 0.575575 0.274394 -0.404554 -0.470046 -0.657554 0.143294
2.359033 0.443737 -0.350298 0.075442 -0.331609 -0.072530 0.033038 0.058532 0.203248 -0.100572 0.002073 -0.018535 -0.026261 0.079942 0.095295 -0.213573 -0.082105 -0.006989 -0.009900 -0.036448 -0.022591 -0.148670 0.197860 0.009819 -0.038224 -0.032989
0.637456 0.816708 -2.118114 0.666461 0.152562 1.393708 -0.330099 -0.185660 0.435486 -0.405976 -0.594072 -0.524404 -0.685593 0.283714 0.076350 -0.418927 1.031723 -0.727793 -0.136165 -0.599555 0.904461 0.109546 -0.016573 0.004707 0.425296 0.763813
-15.207717 10.003859 -5.065061 0.884569 8.636060 5.069305 -8.845061 1.338738 -5.639765 0.872931 1.201908 -1.637399 1.455152 0.043382 -0.725359 1.313886 4.291093 -0.762863 0.678671 -4.429006 -0.783339 0.115750 -0.630336 -1.346644 -1.682655 -1.528640
1.903501 0.382906 -0.929953 0.202985 -0.173711 -0.136058 0.143026 0.079454 0.148659 -0.155041 0.022122 -0.171952 0.008144 0.183827 0.061586 -0.191469 -0.108865 -0.072214 0.033940 -0.000663 -0.063538 -0.057200 0.081730 0.054157 0.005585 -0.068697
2.348235 0.458818 -0.491257 0.127365 -0.361795 -0.224060 0.093879 0.091260 0.242409 -0.176992 0.047645 -0.083825 -0.085944 0.113788 0.087974 -0.216743 -0.107484 0.008459 0.002377 -0.081621 0.004646 -0.099833 0.135481 0.017861 -0.020186 -0.027729
0.823576 -1.105989 -1.486329 -0.910550 -0.166674 0.478690 1.186746 0.462602 0.527957 0.459251 0.685960 0.959637 0.588415 -0.213413 0.050206 -0.602313 -1.067786 0.279232 0.717882 0.207475 -0.517939 -0.273502 -0.093662 -0.129516 -0.247757 -0.045135
-1.655575 -4.040166 1.250549 -0.952248 -0.564345 -0.377980 -0.677534 -1.155784 -0.849357 1.091620 -0.639828 0.139944 -0.134469 0.234135 0.075136 0.410534 1.418989 1.029736 -0.447917 -0.492727 0.041118 -0.009349 -0.349689 0.647518 0.036466 0.008478
2.216010 0.142147 -0.558824 -0.050528 -0.638317 -0.204889 0.152688 0.094909 0.096764 0.020223 0.249750 -0.167052 -0.226673 0.073271 0.066584 -0.183253 0.013564 0.168996 0.008133 -0.197699 0.144276 -0.074548 0.317704 0.009435 0.121706 0.037838
1.068187 0.297477 -0.226015 -0.184448 -0.534542 -0.426387 0.167020 0.212808 0.116898 -0.363956 -0.048125 0.018914 -0.000403 -0.025538 0.089637 0.005013 -0.056706 -0.084051 -0.169736 0.044414 0.058173 -0.191720 0.038333 -0.032870 -0.109636 0.000998
1.758925 0.271021 -0.453266 0.341933 -0.346863 -0.300255 -0.084801 0.061334 0.187364 -0.056555 -0.022370 0.037660 -0.065298 0.028442 0.202690 -0.100386 -0.208694 -0.046695 0.014776 0.012699 -0.076752 -0.123787 0.120813 0.174863 0.054973 -0.071102
1.360864 -0.038185 -0.276228 0.038020 -0.164584 0.176300 -0.190867 -0.011299 0.148741 -0.058895 -0.093366 0.143630 0.090051 0.100554 -0.017974 0.026443 -0.020515 -0.020625 0.079708 -0.070848 -0.048901 -0.046245 0.059437 0.076159 0.051393 -0.036462
0.493950 1.235910 -0.403791 -0.123127 -0.114439 0.411357 -0.065591 0.012988 -0.052177 0.027373 -0.049367 0.046380 -0.041921 0.204141 -0.136747 0.023098 0.023712 -0.051025 0.056759 -0.114548 -0.051386 -0.167172 0.025543 -0.033889 0.016457 0.056166
2.416108 0.448032 -0.452480 0.116110 -0.382846 -0.161993 0.048960 0.093568 0.226771 -0.139184 0.006762 -0.028498 -0.038043 0.139223 0.081291 -0.179577 -0.065935 0.023451 0.041362 -0.113263 -0.006465 -0.084056 0.121072 0.045759 0.001142 -0.043645
1.905422 0.611840 -0.697682 0.037217 -0.318877 -0.164210 0.284176 0.127129 0.330694 -0.279551 0.131553 -0.118608 -0.045548 0.110978 0.045405 -0.121055 -0.025589 0.028607 0.031704 -0.137775 -0.037541 -0.109495 0.069781 0.010292 0.048783 0.052301
0.980465 -0.412320 -0.127868 1.114479 -0.104970 -0.540082 0.048959 -0.368259 0.357803 0.201882 -0.062875 -0.044353 -0.030481 -0.388693 0.111772 0.133398 -0.183985 0.026008 -0.031088 0.115862 0.103316 -0.134131 0.016411 0.120857 0.061753 -0.102238
1.382000 -0.404386 -0.319022 -0.316273 -0.648637 -0.455650 -0.075023 0.071147 0.013430 -0.274477 0.128824 -0.213035 -0.182777 0.165399 0.155974 -0.220810 0.037580 0.082888 -0.078611 -0.014804 0.116437 -0.124322 0.084870 -0.059788 -0.030217 0.035827
2.114357 0.101225 0.092326 0.574731 -0.018261 -0.138986 0.023538 -0.034822 0.309460 0.228023 -0.115171 -0.027072 -0.198723 0.047769 0.063398 0.152703 -0.104507 0.042199 -0.032084 -0.201970 -0.048876 -0.143918 -0.007157 0.062311 -0.064548 -0.043617
0.675139 -1.121014 0.956451 1.620201 0.518650 -0.703339 0.542843 -0.061593 0.445843 -0.223059 -0.191744 0.007598 -0.024344 -0.237321 0.387379 0.205118 -0.001527 0.383471 0.141840 -0.015875 0.336758 -0.325492 -0.093038 0.075997 0.176333 0.041458
0.767615 0.839334 -0.181547 -0.078444 0.383317 0.425412 -0.395015 -0.041936 0.071485 -0.105474 0.131946 -0.164928 -0.074504 0.198687 0.045399 0.093211 0.035195 -0.087047 -0.062478 0.072500 0.088487 -0.069102 0.140059 -0.007336 -0.109459 -0.221173
1.398830 -0.220737 0.600218 0.178123 -0.039655 -0.055875 -0.343932 -0.285735 0.432642 0.214637 -0.093621 0.012315 0.008776 -0.251063 0.084375 0.184682 -0.027130 -0.134301 -0.051844 0.024590 0.016396 -0.028422 -0.116709 0.157430 -0.098594 0.065053
2.026189 -0.112484 -0.116148 0.764533 -0.012570 -0.354516 0.136863 -0.192706 0.598291 0.184896 0.008625 -0.094287 -0.050662 -0.391266 0.209936 0.183202 -0.055189 -0.072663 -0.033560 0.045578 0.009875 -0.150693 -0.005563 0.164380 -0.029418 0.038244
2.130731 0.500589 -0.703424 0.162580 -0.298799 -0.127890 0.107636 0.068811 0.237305 -0.190097 0.058931 -0.094214 -0.043971 0.158107 0.086765 -0.197764 -0.096517 0.023718 0.004423 -0.054771 0.001042 -0.074623 0.131132 0.048659 0.016437 -0.005305
1.183751 0.528829 0.426086 -0.819623 0.547467 1.877439 -1.267940 -0.184008 -1.051827 1.179412 -0.547797 1.185907 0.474216 0.976297 -1.052395 0.931846 0.753043 0.036107 0.682975 -0.594786 -0.395803 -0.246146 0.307686 0.295797 0.395211 -0.130705
-3.220052 1.487857 2.494956 -0.239523 0.491836 1.568423 -0.219332 -2.025866 0.277193 0.164989 0.973423 0.409652 2.142657 -1.690324 0.286813 0.251427 0.831454 -0.494697 1.163648 0.052373 0.876642 1.944260 -1.247484 0.987600 0.647239 0.636895
1.835149 -0.398704 0.182571 0.400559 -0.069339 -0.693767 -0.256233 -0.366003 0.673916 -0.175814 -0.421488 -0.023720 0.149544 -0.101755 0.511601 -0.001147 0.037482 0.465518 0.123496 0.032496 0.320874 -0.295959 0.023471 0.050871 -0.028616 -0.040001
0.291551 2.689121 2.520974 -1.805085 0.345904 1.727474 -1.058919 -0.425678 -0.638974 0.954806 -0.379374 0.649209 0.300401 0.545234 -0.681659 0.487702 0.535006 -0.102330 0.380200 -0.686836 -0.148845 -0.148795 -0.100864 -0.016117 0.062441 0.039336
1.853290 0.390101 -0.690938 -0.025949 -0.241495 -0.072049 0.221153 0.158469 0.317439 -0.249037 0.151839 -0.076148 -0.034495 0.067524 0.091478 -0.156450 -0.139553 0.033535 -0.041212 -0.022728 -0.024295 -0.110304 0.098802 -0.002550 -0.011381 0.036643
2.154947 0.515540 -0.014432 0.088479 -0.236902 0.047769 0.121410 0.086381 0.064713 -0.095793 0.016453 -0.069999 -0.088200 0.087222 0.062968 -0.209494 -0.062521 -0.002471 -0.003925 -0.071531 0.022879 -0.118244 0.114138 -0.014921 -0.037169 -0.018938
2.262206 0.450059 -0.340618 -0.030760 -0.380326 -0.108351 0.051613 0.111030 0.227154 -0.199382 0.014714 -0.050891 -0.055524 0.092339 0.125005 -0.205538 -0.111780 0.003266 -0.019476 -0.066364 0.005983 -0.089114 0.110647 0.008552 -0.041084 -0.038974
1.770731 0.761615 0.021385 -0.264061 -0.110045 0.212172 0.003167 -0.007667 0.263505 -0.199666 0.018492 -0.269160 -0.255947 0.048249 0.317447 -0.330264 -0.399704 -0.002473 -0.280798 0.094847 0.197968 -0.012961 0.054676 -0.130375 -0.264325 -0.020297
1.914191 -0.411024 0.847885 1.541808 0.270108 0.041385 0.751565 0.355134 -0.323915 -0.366176 -0.086439 -0.085603 -0.215263 0.517158 -0.032515 -0.480139 -0.001063 0.429264 0.045131 -0.301928 -0.008884 -0.025513 0.075521 -0.015633 0.019281 -0.103322
2.031645 0.461934 -0.593184 0.118015 -0.505890 0.184141 -0.102125 0.185602 0.129004 -0.095160 -0.074034 -0.041603 0.001774 -0.049298 -0.115629 -0.192042 -0.067219 0.068546 0.084020 -0.098760 -0.025040 -0.080018 0.082588 -0.008836 0.032505 0.070463
1.443230 -0.831424 0.056999 0.130033 -0.463489 -0.790012 -0.489845 -0.135224 0.261921 -0.276203 -0.171218 -0.121439 -0.063054 0.244468 0.047975 -0.082749 0.054377 0.191735 -0.010472 -0.049164 0.035797 -0.178175 -0.081469 0.117113 -0.031446 0.062813
2.472027 0.572598 -0.500753 0.132188 -0.381758 -0.182214 0.092573 0.075270 0.231584 -0.188452 0.038719 -0.089759 -0.063701 0.132112 0.124350 -0.216619 -0.041633 0.004710 0.023057 -0.115634 0.030612 -0.065858 0.120321 0.013485 -0.015722 -0.000914
1.398717 -0.123547 0.776476 -0.264445 0.032417 0.432658 -0.882901 -0.388687 -0.000366 0.589119 -0.328703 0.368387 0.011200 0.357741 -0.312647 0.309662 0.162520 0.093497 0.082803 -0.335918 -0.229243 -0.307822 0.281136 -0.048098 0.005975 -0.062822
2.417216 0.285455 -0.432404 0.123849 -0.408116 -0.237548 0.091652 0.196041 0.156342 -0.205821 0.033989 0.048278 -0.081389 0.108090 0.122664 -0.153631 -0.106783 -0.067276 -0.020682 -0.080399 0.015613 -0.140022 0.139111 0.082987 -0.017159 0.009233
