27862.032995 5929.953792 8309.409571 -2001.692114 21064.755879 14922.564119 -864.632398 3449.797537 -2063.362498 -284.318180 -2085.041449 22663.178944 -7736.774988 20717.922402 -875.378829 17072.944938 -7676.937580 5822.866094 14191.827466 802.957647 -4008.775982 1005.232117 -1434.618838 -3191.781396 3376.414322 -1816.984782 -896.567020
-1401.703479 962.668580 21771.581483 9197.266731 14734.709443 -5097.181660 11647.420328 4700.069075 -3275.580242 -1441.703740 3031.221457 -1651.875879 -1991.446354 -3980.784938 2311.280494 -4745.085050 3568.621154 54.973224 -3043.476851 -974.589552 -140.468802 -1004.043765 656.803730 574.725056 646.002033 -114.889808 -597.564263
-44064.003377 533.373213 7850.491037 -702.913261 19290.131439 22093.395677 -6165.263615 4295.949736 -5927.401691 -266.101286 -2787.929880 12224.235866 516.942259 8795.431219 -257.093451 1791.287681 -2134.699891 529.695664 3976.479442 490.306469 -1328.285835 1634.588247 2112.283773 -1335.847385 -1190.092432 -145.206947 506.706510
-116303.474116 -20647.347296 16627.700222 -5927.223787 40067.331228 27706.960049 -8332.166881 1552.091497 15651.883500 3401.772780 6019.950408 -6069.138512 11610.690512 -11269.328939 -16937.430092 -13166.196797 15138.918036 1908.357779 -2390.764393 -3411.544747 743.608864 -4363.050017 -3221.611114 5756.293250 13807.358643 -4717.139935 -4244.485920
-80931.691272 28343.646046 4303.748668 71.881698 -18912.168124 -4925.276869 -34894.755388 16155.124009 17484.858717 253.303375 -14593.446530 2854.351206 36205.414688 6231.380707 -12335.599221 3411.854041 14978.185498 -2392.736001 -17158.778996 23088.355172 17757.410788 -5681.751571 -312.851712 -3799.679723 7719.226828 -1625.374159 9044.472582
48029.320313 8671.489242 4009.934116 -781.351650 -14791.164092 -13044.379499 5385.856208 5986.365688 -4187.660813 -2574.106926 -3193.801184 -3800.627705 -2894.884483 -1574.260115 533.963660 304.876129 1207.017810 811.574545 44.278549 744.411612 1701.307242 162.701003 -1598.459624 -987.095362 123.125308 -34.609943 -559.452808
-68621.784056 -2538.781427 -34436.086779 -22387.425251 -26278.450314 1765.839495 -26615.152322 4008.729035 5261.542730 3937.956548 -464.149910 -7233.664080 17508.799118 4081.239157 -4927.423642 -4080.015081 -366.813281 -4620.799381 378.388096 1678.966443 -48.978574 24.484725 462.642320 -1777.372748 2618.750255 -54.982864 2772.198788
38821.027862 12931.264290 -2193.639864 -503.129595 -11367.703990 -12549.641739 -189.954843 2495.975816 -1020.892171 -3302.132199 -6610.024091 -4146.170910 -4311.222457 6316.951928 -7.325583 3696.077988 -2934.086430 1345.919448 8607.693668 4051.780405 2592.238994 3040.790238 -898.882085 2867.743487 -3356.745099 704.755987 -2507.461018
-31820.223695 -6042.244233 -33025.946745 -3152.671405 -39946.395858 -18455.627804 -25156.371676 11304.866161 16093.922247 30420.551330 -23797.512079 2476.135143 13732.406760 1392.835553 -34763.758350 -1946.241344 -12151.991781 -15461.268782 -7018.127824 -12826.790224 12795.664358 -4234.176528 2763.513418 -4587.777401 826.780321 3089.655165 7163.579319
21140.585222 7182.381683 7395.786592 570.817827 -5109.578201 -5011.584054 6113.267339 1208.860537 -7970.644020 -3610.537928 -1221.174705 -4194.130663 -1509.095022 -1238.593960 3635.753444 -2976.899443 968.442220 -444.399102 -418.204525 -121.081831 -1212.079733 974.301228 613.119100 -609.898925 -1462.511492 877.223904 1883.863932
-46167.146351 29456.967052 4994.862990 3822.720308 -24181.553540 -21276.407944 -7608.979864 30171.900250 9553.585171 -4349.196004 3050.692116 -3175.398004 9131.838946 -1585.582297 -5763.298946 -4764.159756 207.834882 -7524.301679 2769.180596 2921.080085 5436.787634 808.738357 -5245.582262 -8946.505414 2848.265157 1002.755676 -2393.147362
-127203.358009 -40757.441891 72219.450503 42340.165848 50521.546554 -14987.441225 42851.603061 -78526.144199 29109.400117 11101.931971 29221.824156 -6257.997716 3621.057587 -33754.305899 36955.479239 10308.732909 3307.522653 3117.868925 13122.675677 13768.546466 -15694.415224 -7050.621429 -9846.848963 -12815.931680 12619.317904 -33.928394 3473.654490
-136784.048548 -44062.465328 26626.866529 3126.588673 64937.462392 24287.211916 4798.211867 -61834.393929 30114.815330 22505.845183 25467.044758 -314.024096 11412.392263 -8389.272850 6207.602586 -37302.902045 20983.475352 -19554.575088 7201.133702 11545.205516 -1604.126557 329.319700 9953.545232 8448.437982 5351.001259 1932.977147 -14247.142925
-46325.898830 -17397.677445 3677.606360 11089.775164 58903.258169 38644.096453 -2089.875389 -13752.196165 -3074.066346 9443.040962 14263.001438 13843.141087 13565.879012 -8601.749693 3521.375992 -4447.687562 20584.101434 -5465.887364 -10443.565290 3871.084197 -4611.367527 -12742.658858 -3124.766688 16517.108706 31175.798922 -10415.122070 -8110.508545
49399.820487 5067.013298 4108.377912 -2063.905405 -4242.693344 -838.071171 3056.320298 -388.165468 -6124.815317 -5229.470420 -3564.017339 -2690.917448 -3823.899130 147.536197 2652.113166 -1823.087625 1357.336731 1090.450495 -2212.645627 180.960637 -227.067683 281.370277 -932.722035 926.299766 -1356.943145 168.634378 746.677379
21939.363292 -3586.487244 -24328.228200 18445.837486 -6609.204177 -18542.176125 8298.413304 11386.695987 681.727281 1638.966988 3698.133409 -8545.764661 -6924.239456 5000.179247 -4601.160214 801.456010 -477.407344 1116.989338 -2862.063878 -1165.163924 1296.281389 1722.519522 -1498.622549 1088.379566 -12.479734 -3733.235365 -1785.332706
-148870.929002 -2339.612044 53716.606438 55195.746077 48696.989663 -37169.497863 29783.760364 54321.767430 15857.670212 25124.809895 28033.996666 59967.068644 12929.266149 16900.629891 -20552.199642 40988.072304 -9303.199472 -4838.731593 8881.519498 1336.787386 -10413.611706 -23042.753556 -8131.493728 13359.372589 -8152.949910 -734.816751 -5000.967641
-18215.370812 1295.231920 22780.050143 3961.827817 42320.905390 25787.933419 -2376.838719 7085.062562 -6727.392219 -5461.456653 -5984.937209 8901.275195 -901.251682 8276.735871 -2896.210117 -11509.727864 6025.656158 -1807.573683 -3619.164310 -387.179784 1836.440981 370.885796 2344.232855 7267.437323 -6296.757230 129.720536 -863.122128
18332.637015 -2765.881500 3936.882122 8282.859643 22442.617083 5198.883847 5042.581311 -2450.999697 -1810.158833 2047.715886 -475.694943 395.051100 -4575.032449 11955.577486 2523.832253 2122.401133 246.403369 1655.490862 5493.417582 1129.493141 1997.814946 -1740.877444 452.474523 129.263833 -332.533734 464.583606 1448.889217
-9303.508383 8820.581887 -13539.011063 -11622.025464 -22478.194421 -227.699565 -11653.473122 4711.886408 -5750.287947 -930.507945 -1232.131863 -1213.664622 5409.163753 -2783.090941 1980.998588 -663.168123 1283.255008 2002.630338 2128.332908 -282.540293 169.511887 1044.265129 -1989.046266 -1040.262844 -454.542236 -358.347924 -21.342560
26428.531991 1222.375148 -16959.340075 -13963.978953 -3020.217787 1645.503982 -4138.266370 2840.071470 8757.024527 -4845.200834 2471.680954 -25.053784 -5913.185316 5722.508141 -3382.307735 -975.829713 -19.010258 7589.418709 3401.945765 -3265.597194 -10012.293923 -4613.275360 -7329.789620 1351.158868 2634.562417 -3767.864578 500.905651
2612.645713 -3387.221903 -7921.049354 -15026.357134 -4892.884267 3581.124664 -2797.717260 1589.781931 -1404.504995 1461.736264 -4780.576743 4492.213086 -1319.177316 -8757.209832 -9379.582299 -5385.028690 -4045.712747 3022.061194 -2303.881532 -2379.032039 -5541.030380 2142.237692 -1843.973790 -331.145285 -471.474859 -2410.497290 -711.830787
53831.284616 2974.560330 -383.201907 -3951.928306 -3015.741962 -2882.469549 3514.056967 626.673670 -8735.414644 -1317.816229 -4269.728744 3461.640296 -7666.259838 10734.673152 2576.787528 3153.623333 -2812.570650 2769.324075 2881.054701 -901.977563 -867.184570 537.746947 -73.267287 -399.101983 -1635.039387 -15.727188 699.812013
47079.462674 8016.038283 -1436.362561 -5625.406233 -15586.563749 -12722.818622 3078.812081 3753.746180 -3109.721121 -971.362858 -8427.550104 -3434.066238 98.952181 -2440.453890 -705.263809 -1274.562412 578.093776 1289.034386 833.256645 -1041.251098 -2499.770837 1529.893901 -1503.170720 -2045.895143 -1124.258365 -41.166694 2667.219594
48860.286624 2370.449200 6802.049675 -1698.411406 1680.754306 -131.366309 6034.147451 -2103.991903 -5732.836931 -4576.207866 -2831.048950 -3048.983178 -3298.286293 -830.980784 2768.728428 -4687.228528 3696.755935 -303.145721 -2864.682673 420.696283 -58.765302 -533.641273 -912.120838 2421.235960 -388.242312 -301.096972 142.832403
25729.934349 8015.263168 -2814.315895 2496.286874 -13359.566572 -18865.982157 4621.559481 15475.832252 2715.116597 -3125.696809 2706.002456 -5654.012306 -5412.111309 3163.639323 -3141.597134 -3555.631239 1393.537501 3450.769468 -3954.552128 -2728.932867 235.975071 -3489.733578 -665.321260 -3181.325008 6312.040250 -2250.104871 -121.095269
45377.691976 3450.722517 1139.251925 -3911.842775 -9318.910441 -7622.251559 4964.548475 698.212875 -3421.718834 -2767.490578 -2078.264749 -3616.712519 -3859.471163 -290.325974 1381.749722 161.454673 76.440476 911.401205 -664.591786 -850.294709 -450.945109 757.202280 -1247.558262 -308.156577 -690.606301 329.781444 992.362156
45248.052388 -1302.926044 -2476.017623 -4706.991636 -9639.474026 -3476.208913 4738.063954 -5583.696502 -4522.448291 -2107.949494 -3255.629583 -4461.122782 -4571.589435 -2998.226402 1984.630017 -2849.834267 177.823524 1113.228911 -822.145413 -1213.970402 -1903.482327 984.065286 -1800.382233 -1274.464064 -775.491030 74.931724 741.776857
18446.227871 -238.762653 5042.706627 -3476.176618 3540.070859 4476.119057 1684.139021 -1737.427525 -3069.817770 -3937.735234 -2679.302449 -3182.107513 -2897.962316 929.249764 2107.750748 73.682587 -1109.603883 -1382.001639 -56.389039 1590.930261 710.097490 2361.394669 1181.534636 -373.537093 -2972.034795 900.794745 1600.370274
54463.970146 3754.930238 4450.512603 -2670.114348 889.709809 3.385743 3776.925858 -71.450886 -5570.552608 -4830.503892 -4096.067928 -2982.356905 -4456.802626 1698.534726 1835.668066 -2128.892393 1666.534607 639.956333 -1832.181043 53.757488 229.647634 506.848264 -917.718040 1292.619523 -1812.905312 421.728518 899.422971
11908.450497 4392.599730 -4914.045313 -6681.724708 -22725.706966 -10899.761519 201.714912 2160.045454 3145.453290 -1409.821013 -1706.667556 2878.133230 934.955233 -1057.444296 -2593.969577 -1966.529447 1145.534017 -1746.405293 -4517.807712 -250.115898 7.590994 -975.015093 -1749.710118 1064.670437 -1044.378794 1282.056500 1865.848885
49962.251708 4587.720775 -942.878855 -3597.360484 -10002.121260 -8233.781144 4259.475544 925.950774 -5202.004155 -2333.223857 -2340.615492 -3990.698218 -4086.967439 1868.143968 2199.257541 -8.671321 133.215472 1150.073986 344.405351 -354.295634 -192.825091 -221.587330 -370.547765 -452.004706 -750.179258 948.321279 1100.434939
-66218.455940 7820.414836 16302.205533 6765.115346 23312.257654 9795.770949 -3705.465108 8301.780364 -165.183860 -411.352100 2190.895865 9408.882051 3990.422112 -300.114360 -3648.553128 -12514.601170 7465.370957 7609.194702 5747.671045 -5575.423561 -7799.894277 -3193.563763 -180.122952 3990.028525 1074.468603 -2534.262520 -1890.795840
31197.813633 12567.359007 -597.460782 -4389.143780 -10959.441341 -1078.961954 -4146.072308 1860.545697 -6484.216138 -3057.493208 -5652.352868 2770.675536 -220.288828 3439.704584 2981.475592 1277.943184 -218.315834 3681.199397 2951.185911 714.880584 -451.945428 908.181829 -1252.234742 -480.639044 -15.551168 22.154969 -1221.451991
18227.796771 3276.175717 13348.471048 -1539.858853 28311.009468 21383.667251 -4009.939494 5166.767714 -6605.856835 -8786.305051 -6653.090775 435.330547 -2147.950671 5993.908867 -588.337074 -6946.054432 4296.820596 -2001.501874 -5373.698354 2043.418775 3309.704746 2227.557007 1844.339042 6217.546338 -8341.631759 1661.120325 1420.928512
-34855.512932 11769.014701 -7585.425667 -8243.593021 -27756.325791 6832.075738 -12082.753834 4262.485654 1725.105133 -2522.920562 -5869.026558 8056.584830 5292.451695 -1227.944818 538.533761 -15.213655 -3559.353479 -9205.148712 -292.208920 -1042.968896 -461.504860 3344.885968 2773.197853 -453.457704 -139.981457 4523.808007 3272.149874
-52693.976412 14672.129108 -2435.698770 -6659.676724 -23446.190808 11866.551195 -29512.602764 6929.438869 8151.160482 -3636.296677 -14519.334918 6345.048655 13174.717352 16.317062 -3484.368439 -1391.117894 -2801.839607 -5434.195644 -4410.436903 4133.122727 4550.746592 7.698312 2747.535896 -590.262549 7.260776 1570.157732 -1044.534782
-53981.198364 -15959.848603 -11814.726039 -12507.853517 7731.672124 16428.043259 -12817.363691 -93.716274 15014.433081 -2018.813886 610.383581 -3184.029324 4313.924405 -4804.454542 -1485.175529 5111.876767 -525.289610 -3847.213767 -4036.388600 3670.145709 5216.758117 2766.243623 2234.377916 3920.155848 -4961.030425 1195.728574 2419.887635
12304.870595 -31002.433103 -20377.755410 -32869.060130 -18086.427043 33459.720685 50197.916341 6715.374337 13781.057757 11956.327861 -8300.810003 -1716.617461 23097.480463 4336.702440 -1453.046501 -11124.377747 -10032.865643 25390.778204 -4630.723701 2964.905141 -5971.604675 18117.992081 19711.794349 -12517.152321 -19554.388396 -29665.835210 -31082.541333
-49089.682367 -24689.779954 6527.018997 -4425.118007 44804.818688 40283.651104 -6953.013766 -18709.795261 -5947.222651 -4917.367066 -9590.372136 11679.517388 -3776.196708 12682.519586 -240.561922 -35648.486898 10470.433869 -7887.428006 -4694.681379 80.352952 1633.802434 3742.166166 8681.340283 13250.793018 -26123.512795 6700.093392 -5701.077761
38171.267446 2095.244595 -2565.312820 1082.288371 -5534.535716 -6972.171583 1760.751952 551.535454 2347.076007 -1239.361607 -657.164788 -6915.329528 -3931.724862 -352.212164 1034.213286 6207.105728 -2505.638350 -23.282181 680.514687 1130.154887 3063.133090 1080.698610 629.288502 -736.283824 -1385.589084 2797.044185 1027.372003
-77989.801639 -14042.204404 17064.704532 6285.653809 38153.186632 31850.173095 -2999.556051 -17033.131901 4953.664676 6785.413138 2442.976839 2002.222970 3334.017419 -887.326877 -5805.677451 -2611.495848 -1345.063574 -5612.081281 8291.516488 1061.092866 1971.171761 1421.235721 4739.003532 -4370.591954 560.605284 2419.767950 -10965.072378
-22476.703239 2320.069808 -14569.811290 -11889.193313 -27539.466429 7820.230690 -25523.034298 -17375.049255 398.165373 1901.889793 -7030.281519 8991.750909 8903.572158 -7237.037737 13712.122523 8231.892683 -4106.574963 -2862.246738 -8909.721960 -8213.274106 217.751712 2622.002370 -10228.062925 -11848.945832 -2537.783631 -4941.877201 289.165236
-54363.810651 -5466.923554 30941.236503 11482.477105 36458.791845 1977.377656 1452.637166 -10118.490002 35495.940898 -10080.693654 15574.244631 2641.096932 995.548314 -2284.841138 -2449.576808 -789.855587 5609.051449 1589.893316 3498.462349 7446.524115 3235.903524 599.553851 2544.479855 6131.322580 -1580.433520 1678.897353 -7859.449327
-43436.675652 -34222.031011 -64528.237170 52579.880722 6219.673306 -23372.243564 8539.644358 76.701753 8387.465078 13776.349441 4256.579344 -15423.622290 145.184629 -817.282835 -9283.964369 8123.306307 -3826.931896 3204.343168 -1756.890527 -12326.670435 2634.642320 -8206.276874 3177.023734 -6009.418627 -944.972448 313.251740 4287.349775
-29177.795189 249.292411 17363.320758 4113.595014 24499.848811 6252.147572 3186.509757 -10154.730927 18438.742714 -6727.849711 17793.794953 -2108.967476 4121.026561 -10651.317121 3634.746878 3660.927722 4797.763527 -4076.490702 1817.262492 8539.292550 5719.489309 5301.382048 -1211.556615 371.379468 -4794.610446 3764.776063 -948.653722
36010.589404 648.286069 -4773.566983 -7523.807965 -7572.561958 1409.856480 1760.291296 892.679714 -6873.326310 -1756.575083 -2245.035043 2749.572791 -4592.272882 5594.281732 640.936677 2357.354216 -1434.983421 2044.641170 1713.355134 -961.054524 -925.056358 515.183268 -230.960523 -622.290825 -1296.016656 130.095999 160.142217
24309.771807 -6428.189455 13718.910137 3486.300239 19063.588860 10111.906503 4544.827155 -16596.482031 832.544516 -3892.949121 -3146.120361 -9393.230070 -4656.330408 -3693.466161 6936.898667 -7682.364676 2793.221863 -320.736802 2091.660171 3016.499466 -89.799268 2164.872602 -1313.195003 -4001.756743 -2383.981503 1829.181325 481.947773
1647.434578 10473.353374 206.470652 -3698.262316 -20696.530366 -2822.720375 -7250.997293 -1769.306498 -4524.435604 -5214.463329 -4993.352820 -3163.085219 5515.914161 1107.043708 1070.926601 -6558.474540 395.261981 -3863.510978 -395.818592 1179.909497 -1273.212570 1990.070727 949.459781 -2943.608993 -722.245998 1294.733907 3982.011081
18496.925137 -5272.954985 14290.828440 1838.044989 24526.418016 18475.564918 -825.373030 -8931.939803 -2570.669874 -5871.438297 -5857.029325 -2095.125275 -2782.208996 -64.142272 4741.257473 -6833.555850 4088.257872 -149.253910 -3184.433682 1323.929485 693.138978 166.237916 -495.079885 979.145353 -1144.089603 -265.417886 764.698699
3218.194110 -1223.854952 -3532.981387 12091.680841 -1279.951565 -16855.203686 11319.659015 5074.253417 2296.725196 3277.680484 9338.562609 -6051.807474 -3025.128961 -2113.087196 -1220.090217 4555.614545 254.938544 5660.164215 -241.674299 -6882.380736 451.017889 -3923.098940 1849.895692 -314.627392 -1445.751174 1381.488929 2389.880769
-625.397847 478.698648 3257.778636 -4255.926905 -7371.653466 2616.019383 1314.331959 -5207.982013 -4235.958330 -1477.166492 -3627.115819 -826.337693 1739.792972 -4142.541414 2648.473808 -4120.451589 -529.068673 -5577.859193 -3850.760280 -611.830925 -710.145392 965.646806 223.524594 -1308.892772 319.538178 382.071021 3380.431005
38091.090658 5642.372688 5189.761014 -267.177633 -1587.886349 -5935.379857 5843.587123 267.903044 1140.477402 -4789.350612 6131.194913 -1549.278434 -1250.797452 -5001.635512 3556.187208 1951.112840 3696.692645 416.101460 -880.211277 2675.812380 -1141.719227 1181.839733 -3030.905856 1029.321588 -3400.624667 2189.918254 1384.850474
49501.485129 6703.952684 1460.334596 -2458.838947 -10150.592853 -6321.178970 4301.821708 284.730919 -5381.275834 -3464.605267 -2488.053589 -2107.823105 -3833.154414 1212.167008 2632.974878 741.119384 -186.218874 1713.342760 232.877669 211.998062 -812.375941 645.739637 -827.003937 -457.112100 -366.877094 437.616799 89.814442
10720.139655 -9772.047703 -21175.868626 -9403.833526 -1287.462504 9074.195446 -9288.335727 -1940.219180 699.982333 6986.472378 -4413.406193 2525.002614 -2665.173071 5197.877602 -7924.550353 1238.585280 -3954.181289 -322.613677 -488.036266 -6516.806469 1747.012715 439.504909 645.925833 -136.896729 -6530.521977 2778.158690 2371.311455
21262.930800 -8185.463338 -7261.470372 4587.163256 -7111.915297 -13457.754386 8828.255828 -4103.568103 -2137.698591 5847.590052 4379.976364 -5955.950058 -4689.934588 23.605755 2125.676447 3428.541299 -716.293498 3681.555429 -2143.550352 -5263.871106 908.732034 -4756.654216 1254.962123 -392.265418 -170.043789 679.869767 2607.493553
-73193.702257 -29349.190024 -84625.109070 -1766.768993 -50670.907172 8586.418614 -26284.298266 5139.426436 -24173.616780 23097.195889 34013.549360 -9062.271661 1488.361635 11400.054539 -2531.638077 -1409.512349 4954.180933 3870.266260 -2875.064917 -28311.693108 8615.512910 -23993.804798 8452.979202 -8132.458331 -4920.898329 9868.165096 6021.702640
43519.949750 -462.498653 10573.486866 220.607714 8325.903975 2100.307541 6713.597091 -4397.231697 -6102.554161 -3000.889052 -3608.887021 -2719.939622 -4901.854573 745.261077 4413.937732 -1169.813094 1350.031628 1356.135412 -1117.545930 394.330450 -1121.764373 -711.285678 -1118.918256 95.495424 2463.062012 -977.308558 760.221468
-94196.410532 -30911.345381 -55460.029083 -37398.319437 -46358.356266 -4940.915380 -26621.586927 11498.747258 24295.408751 28914.844238 -20133.036420 10404.073978 4629.920548 -22607.123907 -28231.580015 -3259.767471 -18029.818788 465.562091 -13068.468183 -15854.759280 353.443842 423.074882 -7367.583927 -6465.672389 -6002.085409 -2933.342424 1407.105276
23966.248431 6460.646650 -4692.695179 -7104.362418 -11746.344774 6736.090329 -7597.164996 2368.971121 -7323.024505 -2916.894979 -840.369878 10941.073052 -4322.525290 6612.259939 -398.430519 3795.332276 -6765.738273 1564.282557 5204.090815 -978.100914 -2429.481957 592.258648 -1186.592616 -696.178146 1316.497677 746.734726 -1455.393337
5287.427402 2667.729752 13606.394614 3552.573579 14879.575671 7563.306489 3584.181533 3637.462327 -8825.238833 -2996.480818 -2684.982760 -9266.927177 -2384.508959 -426.532829 4669.436675 5849.491411 -4104.082190 -2630.235715 -10.110574 2995.547258 3120.713247 3081.831444 2503.926846 -3212.571808 -1827.252929 2308.288678 3862.994132
43702.899592 5993.219122 5863.135715 -1697.293570 -812.792026 -1336.426144 3966.066820 93.286951 -2348.137537 -5216.685782 -2023.043345 -3691.977650 -3782.453271 481.469640 2097.635508 734.679930 81.143087 -711.032029 -562.361779 2078.248828 1388.800774 1522.651564 -424.092813 409.533772 -1914.603978 1061.212382 1028.171536
-55167.392992 -22434.557383 41232.199936 3644.225447 108907.543355 75557.911658 -9908.307405 -19094.924696 -6511.030980 -13213.720420 -11258.771082 4783.826700 5263.515867 4415.674773 -2997.634032 -43678.180173 20847.436434 -11194.991224 -20480.444744 -76.778105 5508.535578 -214.266795 6253.751990 23341.757643 -6102.048309 -2735.466089 -2763.993700
17478.765178 4722.178938 10005.425150 4632.354937 -9268.607961 -13906.488175 12544.005511 -1868.488778 -10552.868965 -56.758400 -340.805933 -4722.260879 -3441.574456 -3633.810933 7785.523981 184.298388 -321.451644 3279.897476 -839.621174 -993.123477 -3989.247917 -2872.632549 145.839886 -868.095209 7725.490509 -3264.396497 1297.509873
40447.333279 7409.929540 2595.845137 -3036.634903 -4660.139514 -4031.883009 2518.631768 3229.185731 -5654.889373 -4299.867478 -3159.998915 -4880.592721 -2682.445330 703.602896 1333.740532 -3208.892917 1368.665534 -331.766708 -342.756268 544.399421 -410.685638 305.063375 -1106.638207 423.862145 -1111.429127 104.882037 73.961645
5055.036930 -3049.695566 -4019.427284 -9119.437315 -35005.376381 -2246.118016 -12236.623115 2049.677987 20214.838536 -6470.709447 -10975.221935 1790.071470 2337.097220 -617.743221 1085.822251 3994.016688 -4641.432641 -12632.488125 -6766.496009 1080.167702 6043.928255 1661.758815 5266.450711 1989.024675 -3698.302164 2566.822755 2018.357034
-148862.829484 70716.835081 0.985221 16484.042911 21504.448754 -12717.444314 402.278858 18820.295856 3459.799675 9120.380994 -7360.331174 19566.333383 24733.858930 34892.310138 -19057.122389 -7295.636448 -1234.776210 -6325.046814 19597.322645 20676.848806 4455.016831 1253.662702 -12140.140290 -24703.401938 5024.346859 -3736.461898 20818.039543
41895.792180 5048.353747 -502.163457 -1349.123104 -9363.069625 -13660.566049 5473.214269 6151.502899 -1959.624042 -2461.319526 -364.415752 -7357.111406 -4598.188884 2553.791778 -320.248426 -446.080118 -170.175247 948.300103 425.762132 -673.205022 -91.502268 -1529.578327 129.316211 599.562628 351.153437 115.690605 -99.216297
7388.906943 -11596.362884 -37240.207747 38130.645441 9841.462934 -4722.183691 4794.723693 957.038017 -3790.457858 -1858.017148 -2338.916156 -7034.529645 -4483.939886 1282.456160 866.176179 1911.908798 -835.466038 1654.400991 -3888.332074 -2001.554039 1659.869729 402.353126 299.074785 597.123141 -2599.294525 639.014266 565.558661
-35451.711241 -18123.530271 39056.910806 20611.485404 61197.492542 10824.739205 23935.765679 -40037.361660 27282.679336 -543.634129 47129.247790 -8338.081297 6712.969843 -41951.442758 29690.167258 14882.705987 14329.865495 4238.091390 16825.524311 18526.524958 -13812.904303 6739.162418 -18285.075536 -17643.796833 -8933.892506 9706.491774 7352.234328
-224108.987612 -1254.958758 2895.628535 37505.950958 -7497.208785 -45485.457039 4687.146653 45940.537293 28606.861440 12427.897346 32934.343215 -705.888196 15077.638173 -5178.872662 -12499.760204 16489.894278 -3767.880494 -11247.349549 -10731.472666 -5670.528454 7092.613968 -7102.538944 17347.719287 8321.428943 4396.004711 2938.982033 -2442.741727
-38083.659899 1006.631146 22094.797327 11599.610935 19750.189463 -11289.067595 13574.961327 19009.274241 6681.996931 -283.830076 15930.059581 -4608.934223 -4034.569536 -5791.968525 -922.892668 8598.775925 -836.788734 2678.303187 2530.934093 -761.622008 1434.267655 -211.370741 2341.097706 -979.821768 3706.585750 -384.280742 -1884.523165
32878.351874 4624.178243 1562.327585 -3318.253524 -16979.380671 -8446.635826 4971.253459 -2912.659912 -3923.255165 -3530.606063 -1932.675996 -4579.974922 -2527.813013 -2266.066656 3142.597253 487.081312 -1131.451241 -390.043640 -437.863646 444.489474 -260.498855 278.102846 396.907486 -795.798565 1518.421769 -204.157274 442.264142
-100906.304343 9212.746297 -12400.341025 -15368.277931 -53610.447314 -27392.815505 -25967.348168 53177.633824 24762.108826 1366.203572 -8904.410790 6391.483293 8569.619222 -1351.472283 -32009.150334 -6935.088318 3649.942607 6063.681310 -12646.961286 -9173.084276 8175.741655 3673.955584 1150.209862 -4966.138186 23522.511946 -3992.479508 -1120.472616
-19859.077397 -5598.340218 3635.118744 -7982.252793 18790.306005 30263.244533 -12459.168524 1744.349717 1425.616809 -2654.197294 -7368.342822 3728.595628 681.928200 563.042826 2882.994133 12134.230591 -4613.020250 -2754.716415 -897.840782 3354.354144 1532.894509 1282.096679 -1407.910932 -2398.049914 7341.387557 -762.127404 2936.695059
-48409.997560 3344.167670 -9306.357222 -5470.979758 24193.187308 16214.092719 -11131.589604 9827.598170 12947.339159 4172.388330 9908.714835 22332.559533 -1898.355902 22804.471932 -7521.002875 42085.992082 -19916.215199 3224.389170 26331.515293 9832.687136 4680.986377 5258.071090 3543.960639 -10109.640927 6712.398067 1587.445874 -862.131358
36200.917394 2913.544572 -925.797169 -4743.770319 -53.292389 3729.142992 722.445391 993.457282 -4163.721850 -595.937862 -1301.178068 10494.503405 -6506.406536 10561.667141 1413.025181 10000.828233 -4952.996343 3560.009236 6734.995321 950.092136 -2960.656599 925.176447 -1239.721797 -2216.331340 2823.810302 -884.658244 -401.823245
-5835.866065 10972.456760 -1008.441899 -4643.859322 -26814.488227 -8135.121195 -9301.442301 5200.743740 10030.367717 -6115.342161 -2309.673713 -2354.321916 6293.603295 -754.898836 -2180.691456 4374.868587 -1158.273282 -8023.807250 -1519.951263 4393.299233 4259.464845 2591.431126 3196.889488 515.700547 -1314.632770 3171.188888 922.675965
33961.231171 8090.649894 4695.936983 236.043618 -6201.067391 -9786.151424 7788.273265 3352.329179 -5414.530854 -1662.262067 560.486873 -2294.422588 -2139.977869 39.880781 1453.448945 1140.162581 -89.211295 -1434.730908 153.661259 912.812334 454.110602 1114.816246 63.552720 -468.627408 -231.158394 1056.921982 1343.578066
49947.029632 3283.755829 -4495.129225 -5454.783982 -15226.292562 -8116.808301 6261.300800 1578.703026 -8927.303895 -3339.497896 714.066669 -4917.148971 -4774.915661 814.189240 4642.830384 -89.821126 1812.845821 1663.887732 374.454039 1388.043831 -1015.049715 664.855955 -774.104058 -103.714341 -413.863996 -453.337442 -70.989399
-117399.458274 2769.460197 -12161.859375 69538.939459 -186.635936 -40458.019293 18375.620384 44256.279681 -2370.094242 14760.252822 32442.096614 13033.452124 18424.727504 -28290.278516 -6807.735633 28224.025440 -876.999179 -19935.139631 -1794.429702 7575.848127 -8675.684635 -9335.567504 5813.530684 26124.718297 -17147.396603 10020.047743 -14964.125957
47003.932133 3860.077975 6380.936135 -1264.323304 -3530.247492 -3016.913284 3452.109071 -2281.538913 -2799.067110 -5692.307335 -2359.556061 -3517.360954 -3950.386153 885.174047 4693.109502 4002.890648 -830.388870 882.225372 -428.264760 1357.214545 -1011.862809 1084.898005 -43.679478 -678.496364 1269.281390 -77.244679 1802.645250
28431.434486 -7550.217415 -20157.817371 37119.795452 6753.219483 -7337.599767 12337.372873 -12852.116973 -1656.584107 -5114.410041 -4625.074905 -8886.286921 -5472.774087 -1979.072063 4931.816720 -3047.498921 -5.656106 621.574380 1439.498452 2071.759971 -964.611867 1722.225271 -1575.350627 -5249.821745 -86.376693 883.866661 509.456218
-13773.167197 -24588.505707 -37751.056221 -40706.871583 -16456.630059 20571.580116 -12029.588293 -4707.926096 -6969.968737 10238.736934 -8915.147729 18006.869202 -4597.566141 -568.736624 -21465.454630 1003.064587 -11708.030174 6706.477759 -2791.285995 -16726.845358 -10549.879110 5760.397405 -2444.382391 1774.067567 -5606.136902 -2481.512735 361.231973
28112.799467 -6284.219777 -1223.381590 -13257.255104 9105.578644 17266.738680 -3715.104845 2090.655191 -7866.118104 -7821.589121 -6942.140273 -369.327675 -207.388816 5239.837490 -414.092912 -8709.066484 7319.313288 -711.935165 -5808.520589 -1705.498307 1867.125967 1534.464783 298.384831 8582.178897 -6021.388251 -1163.893610 1719.230905
50597.177721 3514.210841 1368.083612 -2644.014511 -9554.383140 -9087.128268 6544.597574 -1065.901425 -5872.052597 -2209.491097 -2216.937584 -3917.353868 -4581.455433 -391.243041 2076.842615 -751.333341 48.172665 1438.657277 -862.392805 -1252.573537 -965.606142 314.251109 -884.710333 -354.235782 -789.097340 348.415300 1019.483551
-87239.202583 10891.556076 -14867.853806 -11614.930831 -35331.289320 10229.772159 -15624.021134 -6268.247916 -262.705661 340.942611 3634.296316 -7538.154638 7741.033251 -6536.551700 166.086207 -8340.100831 910.184445 -6544.270747 8531.051013 5338.047126 -2032.755614 1326.891598 -4379.454178 -9157.295389 5272.162964 2285.982277 1154.558381
-104730.910188 -355.781778 30351.608027 10629.569664 46730.611988 15213.254820 -1467.941274 24734.038967 23598.653380 -6809.569422 22340.416761 13358.442250 -3568.020315 2083.762479 -8240.929311 6119.762519 -1672.504895 1816.998148 -842.998424 2136.488298 7556.272738 581.856062 2064.187479 105.900104 5982.811222 -2560.086913 -9778.318626
9009.056396 -13244.111545 -1569.720106 -11388.936286 8266.694057 11559.725108 838.321874 -5976.627030 -3924.818260 573.769440 -4558.721524 3336.807282 -6136.678219 694.931452 -2617.980841 -5508.578628 567.668822 4137.177989 -374.682989 -1461.728598 -2144.720079 437.162860 -3694.241966 1743.427457 -1575.611410 -3458.233708 -2808.883591
47490.978965 1192.664826 -880.234576 3806.388837 10963.893264 5364.662548 1519.227734 30.974110 -4591.376993 -3729.043232 -3734.206204 2071.301729 -6106.544050 6291.847203 1605.366610 1112.912450 1289.297793 4050.135656 -231.933456 -1136.554246 -1393.335486 -712.149664 -2380.567576 537.048311 -527.157315 -317.019959 2488.924864
13363.074295 -5764.143497 -11639.735868 -10446.555841 -20739.093471 -8388.810954 8675.143412 7931.214202 -149.090554 -2973.422944 9034.041262 -3868.264247 -11930.706115 -9814.271457 -11485.892444 -1192.535046 -9768.018621 4907.536495 -1434.436048 -7528.493378 -1407.216815 3257.309762 1614.275085 3321.267650 -569.943520 2004.893820 -401.657182
-3466.654013 -2181.119618 17802.965576 3313.452731 16860.876948 3838.966302 1922.778264 -7435.602212 6024.311596 -5319.514974 -2031.544416 -3902.785179 -1974.654558 633.581241 -146.154879 -5656.353858 2365.410233 -3285.543933 -3071.427504 4256.875956 5665.614968 1498.698228 4188.715909 7439.717022 -6648.359775 1981.895991 -2916.158610
47782.113168 7775.213212 4355.541608 -2316.463398 9363.889141 7551.943255 1707.684006 3378.306068 -6885.117188 -1388.515933 -2920.778811 13986.884510 -7131.065048 15811.851117 647.251943 12376.439188 -5795.957206 2663.950213 9361.916375 2094.377515 -1967.265284 1950.534996 -138.154962 -1651.001185 1024.357591 -213.385490 -1352.528905
40740.807939 4505.279127 5403.270634 -780.742571 268.357957 -1465.070043 4032.094579 -237.822336 -3736.389291 -3674.577431 -1897.280390 -2226.900882 -3295.074218 644.405005 2573.302934 800.689700 655.330475 904.521545 440.136846 1416.586290 -287.165872 229.428383 -843.428858 -128.896930 1051.506631 8.471434 391.509305
40203.995411 419.843771 135.729762 -6151.374119 -9616.279251 -5771.799741 4472.849243 -3098.798977 -4310.900895 -1910.635800 -2576.451244 -3139.767565 -3698.097509 -1745.819049 -370.472520 -3876.090686 911.249416 288.645711 -1190.118934 -3203.657879 -1789.733318 1985.404688 -2142.031861 1454.583904 -1628.821642 -55.253188 491.604157
14152.215078 -924.098478 18887.378842 7992.561986 6349.232241 -11396.464027 17220.900766 -4071.349199 -1372.043973 50.022675 11505.061189 -3907.222686 -1409.310423 -10623.959664 7004.929213 10436.622011 -427.691508 -1674.619684 79.797035 4233.778062 1011.521711 1691.666318 180.834805 2503.664885 -4998.813515 3336.952947 -1751.757629
30041.885789 3952.950487 -12724.307479 6976.809960 -7278.293149 -7125.101801 -4077.746149 1537.106517 -2915.795772 10988.758049 4642.350972 -8388.197756 -6656.025154 6272.432514 3307.721274 -1102.841072 1396.017291 4746.050012 -3240.844401 200.669710 -973.111563 -4082.760673 2427.974924 -1576.061407 -1470.864414 3242.954955 608.745540
-74374.016480 -37232.610966 9296.322351 483.081150 92401.521219 42988.312858 -10322.699968 -10502.066596 7505.545301 2233.959874 215.178742 -25765.801448 -13489.206288 6910.366420 1791.489184 -21285.575563 3616.361463 -1390.111019 -4478.840142 -4151.722014 2184.868042 -4712.533962 1558.978550 10359.724028 -10799.242219 2948.056192 -3406.922683
-3143.552297 2699.383103 -29491.164931 1402.175217 -23795.198928 -10826.832061 -3768.187550 8342.384722 -7297.051812 6300.630109 48.176336 -5518.143532 1254.484312 -2019.100040 567.605206 -1855.519554 -1759.448256 1233.987199 -1021.753137 -1962.701999 -2934.320240 -190.690179 328.918191 -1942.980811 800.473872 1604.180343 460.498886
-68294.054251 -12170.040721 -18680.785702 -12697.324730 -13901.333541 33365.598502 -20772.605628 -1654.866179 -4929.352957 -2999.765785 890.672454 3406.881176 4182.344819 -10371.470786 -1322.472120 -1168.866726 -2499.493972 -4390.783924 -6314.683029 -1843.910450 668.301499 1196.022623 2917.471878 3083.485359 -1628.782444 1575.338948 -1855.371958
41889.048355 4103.750126 9379.033120 2560.126873 -5725.161641 -10226.910378 10286.458347 -6157.560221 -5714.051751 -696.306752 -4056.928777 -7812.456437 -3696.629270 -1364.492609 3566.193085 -420.140829 -1743.308552 -2001.835923 870.437386 1805.424759 1019.922640 514.619912 468.009678 -2593.304847 2901.415130 70.161255 344.080128
51408.279629 3083.094672 -2913.669695 -4395.712328 -12317.789673 -7983.778339 3946.626133 121.895330 -3374.260623 -2325.747737 -2704.691636 -2850.471376 -3966.053859 1088.514662 950.486984 2499.245259 -389.674977 626.017771 80.207037 -1318.808328 268.544595 1434.759170 -2385.567048 -261.743336 331.022765 767.265946 85.765730
1577.284112 -2481.798305 15093.023473 3574.288458 18317.495846 8481.813819 3566.925251 -6741.374546 -436.898040 -1363.025681 -2600.113581 4386.219893 -2278.791376 282.236409 2240.444462 -816.812489 3342.276331 3032.858571 -1779.336907 398.604797 -1449.183967 -623.575315 -401.673316 912.643401 -78.092053 -1154.107163 910.088531
43088.715674 2383.354229 7731.964355 -963.061221 3736.534529 2110.321707 2691.918003 -2526.353882 -4109.000514 -5537.447433 -3932.997006 -3853.369423 -2807.986824 -83.260779 2130.308008 -5785.033071 2901.499286 -481.214920 -3266.397009 933.286616 752.125277 41.315479 -376.329061 2336.154347 -1509.911843 -127.611455 -194.100756
17530.662560 9268.781795 -3851.294718 -8385.404761 -20059.475255 -9807.890539 2956.209497 4445.011681 934.224865 -8935.729363 687.461004 -5189.189690 3280.912698 5009.818817 234.976276 -1841.844700 934.891429 -5767.780474 305.345754 958.718410 -1643.101236 1002.304698 2705.210834 3459.232197 993.303953 493.498999 5105.488760
19025.850456 6380.036160 -7000.677435 -9530.564823 -27927.160493 -1438.992308 -6380.188791 636.125608 1163.201865 -2807.376357 -5832.785460 15.696864 794.938792 -6548.669595 59.578328 593.287981 -3710.319907 -3294.116668 -4055.995411 -367.787319 -147.959762 1680.588761 -450.003300 -2602.359755 -742.222001 1476.982307 1182.952704
-39837.852842 -4369.794664 -15779.760925 -18955.928046 -16440.617125 17871.452258 -24241.521412 -15584.180780 -4982.575898 -1923.833429 -2793.919925 -1930.877275 7932.871915 -9791.554782 4252.671056 -7433.562343 2271.445205 -72.427353 192.186863 2230.229445 1354.997170 3295.432721 -3710.303344 -1148.035722 1010.504887 -521.919818 -1871.472764
41660.567232 4210.806437 3927.856594 -1569.616720 -2992.208428 -3932.610843 5290.117891 1287.743321 -6028.759930 -2816.556730 -1822.174614 -732.531659 -4317.085034 2371.880967 1904.197182 281.701438 279.362896 981.414507 243.954538 -141.107546 -664.938873 568.918293 -870.359716 -343.865552 -304.565216 107.817708 720.876009
51032.376741 6395.599554 7121.789443 231.441045 151.301881 -5086.026727 6071.716811 4273.315683 -2980.530726 -6003.052624 -895.594483 -3282.766275 -5729.914932 2053.334687 1648.509966 2240.013799 -14.688561 2049.696940 354.268755 197.502545 105.099259 831.374553 -16.707972 830.689752 -1398.860365 258.352867 511.238605
-69153.798871 -40080.505829 34830.756256 11850.295877 45510.634845 7506.469274 15209.652423 -19832.357351 5761.208697 10590.712468 3506.025322 6421.716761 -7606.239528 -15183.717607 5382.260245 14123.773632 -6288.329925 13042.038975 -15745.373708 -11300.029149 -6819.135035 -9580.378192 3289.327127 11354.995032 2315.057874 -6672.446819 2235.297107
40950.188520 3520.326229 7186.768086 140.527163 2460.322848 -2489.090225 6135.338264 -877.265555 -2812.660180 -3994.430373 119.418416 -1253.410621 -4725.914888 1049.365787 2910.095288 1075.846824 801.865957 1691.002581 544.394855 687.947135 -707.030494 386.715801 -1007.346053 -92.603529 472.376845 -3.115079 230.914669
45123.947793 2615.277423 9143.226800 761.710367 -1051.144633 -4401.886530 7509.892405 -3880.105948 -2881.210153 -3900.291513 -2590.192038 -3991.074771 -4474.145069 -1402.678877 5101.788672 -434.584288 1035.641634 902.976559 -233.157799 648.788888 -542.595766 190.106874 -1160.735072 -648.230056 -1093.105254 -144.700185 634.584612
28491.946879 3880.467533 12519.251458 3505.243782 -9934.672532 -21459.614811 12831.696105 5907.717660 21.644144 -2478.923700 6398.994399 1770.816871 -3171.954768 -3190.089860 1341.327655 9804.329723 405.459813 4018.246548 -6936.250520 -698.291773 556.159217 -2507.484428 2064.258904 8917.921018 -4326.421462 -266.864817 24.700024
20266.035295 -11191.797315 7920.969110 -3285.019113 683.238840 665.537097 9815.671525 -23700.367830 178.800747 -3440.511386 -856.029998 -9759.903150 -5650.455593 -6048.707342 6078.588082 -5526.364651 -1086.681043 2464.842435 5330.629438 834.647290 -2918.909424 4097.765040 -4247.166916 -6480.478582 -2304.930464 600.325831 514.753338
27279.011296 -5289.925090 -1400.100431 -9316.778811 11900.838261 19953.817508 -3409.095575 -4970.936334 -6298.410317 -2363.588665 -4521.056113 5900.603412 -3146.080195 3083.054188 -939.987066 -2801.225207 1432.930495 656.648543 -1489.293840 -1249.615392 -2088.018445 1130.414072 -1058.468203 2074.458384 -1275.088516 -502.436471 -199.597157
36073.041736 2842.827310 -11108.462083 -8876.640665 -13164.068177 -9134.665680 3230.284258 -162.565114 -11942.824739 -66.717396 1471.931238 -7927.861599 -2693.284538 1637.690978 -1564.011838 -1033.340511 2100.422456 5943.491755 -2.335606 -807.221222 -3683.097587 3121.928384 -1038.357715 547.168231 -492.965341 -219.295220 428.340616
-34479.872741 11888.410399 24951.659379 14556.717869 307.791365 -22675.521971 9643.540596 23971.638750 3638.087521 983.557357 9575.992560 1193.133751 3406.893678 -4141.042468 -1963.665936 5714.390947 584.733656 -10471.056687 -2771.913492 -666.264921 5218.594502 -429.450320 3993.125250 -48.386445 3010.290951 311.147390 -6131.395373
19642.407155 -143.501140 -13071.649826 12451.303401 6815.878034 -6913.259796 1023.739321 2229.679376 -2841.016120 6824.176743 -910.802725 -928.683989 -5002.624713 8853.186477 2647.889805 2404.085854 1175.235312 4941.575935 2793.868160 -456.894238 -1305.419183 -675.848808 138.017569 589.187712 -97.191147 -455.215047 1408.083654
-8174.260322 -2302.946587 2239.692746 -5230.228765 -19849.084213 -2668.952995 -13731.739586 -1846.884315 18448.597175 -10308.125689 -6108.365873 -4010.567511 5655.478768 3901.469418 -1207.458683 6956.998285 1747.914115 -12969.012638 -3034.225467 5586.810188 13208.488579 850.325649 4517.340435 4829.345488 1930.892271 4033.692705 -2175.701217
40031.011587 -400.626274 12260.204238 1566.959821 6102.588959 1709.756202 6033.927796 -3760.623368 -5381.943171 -5494.555153 -4416.985683 -6142.897140 -6601.158773 -498.285883 5622.915508 -2075.561044 375.834720 3001.919920 -904.927184 -140.331355 -329.492735 599.240052 -591.922417 -1820.872875 -2344.557782 76.767902 1736.477064
43257.391049 7848.976469 -2124.244600 -5190.988138 -15210.485322 -10378.311872 3861.503938 2340.387490 -5997.623785 -2419.814778 -2768.380834 -5105.831806 -1248.335991 163.605677 979.935769 -287.848663 1143.535801 2047.564315 1035.526147 -313.077866 -423.833377 748.722029 -1172.405782 -702.052601 -793.306310 -331.039819 876.080133
17270.847277 572.042724 11198.563089 830.452461 15043.749065 6622.602670 1336.677189 1554.296728 721.139294 -3671.737197 1150.038518 -2460.768881 -2699.847662 -1970.340266 1958.126300 2588.482707 1900.618273 1172.622706 -126.893484 1281.951494 1307.384669 472.089363 -142.029048 755.675768 -961.625709 880.346122 -335.826147
37779.292963 5228.675326 7366.819942 537.035698 -5806.174574 -8074.525926 5892.382819 762.507556 -3762.051940 -3299.594057 -640.913654 -3767.405688 -3308.839931 -2029.073416 3433.718277 359.503157 736.746479 1292.560676 -2757.224911 -47.779222 374.847068 -111.484356 189.418763 995.983412 -208.058627 105.796839 208.914417
32370.734574 3083.889516 3221.871231 -2277.451393 -5223.031285 -4204.486329 4695.487684 -4852.982957 -4122.278061 -1407.443942 -1212.714610 -2763.672970 -959.862616 -148.951579 1072.298505 -4620.064666 1595.765083 -2954.490904 -609.248964 660.466317 659.554145 877.316133 238.207400 603.614254 -1162.611086 1137.591188 -738.365794
14124.391383 -6942.209594 19853.734527 8829.941869 18322.050914 370.409339 11278.552858 -9805.071993 2800.098432 -981.837670 10346.483908 -13202.832090 -1649.693628 -15977.208852 12452.619499 11802.380961 907.103933 5559.325259 489.268020 2407.925921 -1048.531350 -1114.054075 -2437.833399 -7680.604714 8701.681543 -2148.380157 2157.187675
-44823.082668 910.139705 -10928.540604 -639.425548 -1832.261057 -5179.120228 -809.542537 14830.614374 4053.613744 1695.106924 12749.297671 -6468.848050 664.458352 -3326.871094 -3257.905433 2927.298107 -411.580740 -5807.220311 -906.695452 2008.700510 5520.322799 5410.467188 3706.906319 -680.038254 -355.638677 3084.123186 -1784.520247
40291.441459 1332.190646 -14466.680540 -6530.569041 -18033.392576 -11513.204944 -259.549844 5263.713745 -5650.950771 6189.611325 -3041.849746 -9534.899280 42.802495 3225.496342 1438.651623 -1282.304152 1781.181275 3770.849097 4169.102501 -6944.504156 1297.191597 -4833.109495 -485.332518 -602.512466 -2220.498692 1087.061117 3751.238706
1784.687973 16062.329365 53.832334 -3088.698305 -14210.186388 -2594.681951 -1748.715904 -2684.854757 -7587.999151 -4062.343490 -3515.976429 -7898.049659 408.928906 -7436.649732 1557.629186 -4655.962390 -1260.893966 7391.475524 5150.348018 2511.147049 -4555.401678 1764.023864 3860.290704 -175.556011 -842.181315 1454.413447 2189.054465
28883.937824 -2082.007674 17065.407316 4272.540045 12394.370538 2205.599313 9191.982460 -8176.185700 -3687.455849 -2849.120911 -1875.187212 -920.883727 -4966.267722 1027.193585 4791.102416 887.082409 -21.646645 874.523569 126.706713 1572.134766 -694.479862 -631.059134 224.485720 -6.525176 1420.640197 -921.607605 -71.723340
33630.397492 -12143.306335 -16886.602911 6830.445270 382.276011 -7831.012338 8354.800594 -6685.614264 -4791.123449 -1531.770886 -2747.831534 -2783.411482 -5468.440268 2569.661730 5106.980877 -4409.167831 2477.773129 -2439.885271 -3798.577030 1951.712649 -539.742453 2772.632544 -2141.109909 4155.789780 1439.637684 -2942.551822 -366.566340
30338.307291 5381.323935 6094.472042 -4.214996 -14992.855638 -12537.771820 6857.591204 2628.808545 -2780.135663 -3212.099901 505.277720 -2698.028180 -2282.288105 -3127.609586 2022.437589 2326.460655 -1229.139297 -330.325819 -2092.371615 4.264809 339.384986 -241.761610 847.031292 387.726617 174.717243 -587.976604 -109.896966
-77773.009586 -15674.289847 -39906.698382 -32532.963406 -40630.280939 -17515.684589 -28711.221573 7189.342204 27636.455105 14459.824515 -3900.415309 -9886.076788 5214.828754 168.129879 -20596.762288 10039.261641 -18427.108452 -15185.731754 -5097.044448 -5344.120146 14352.313045 9391.358046 11204.898964 2515.786488 -13586.967283 8178.540005 -3327.118958
38921.037601 10336.695652 3335.665579 -3211.911858 -2444.333424 -2092.144082 2556.948826 2185.304800 -7463.933089 -1541.156173 -4461.170436 3453.028768 -2907.144995 5056.695694 2756.580466 7586.401892 -5816.898303 3464.548699 557.162459 4221.311226 796.603299 909.833161 -2568.129825 -3773.755362 -862.435665 -501.206427 2449.565712
49893.276712 6624.802220 3215.948405 -2052.789754 -10156.276741 -7547.889368 5465.183472 184.495085 -5645.127908 -4280.041842 -2756.489190 -4237.336634 -3506.444210 -376.972700 3011.813281 -598.034022 515.514634 822.478881 -116.646350 -101.497969 -903.086832 860.760788 -529.062889 -138.165009 -507.004671 658.091317 1016.064595
38829.112834 3858.087449 5694.875335 -616.410200 -12545.465151 -13542.279686 11355.266244 2487.860789 -5352.610226 -1693.497900 3811.174030 1505.184375 -3707.404771 -7978.159019 898.952831 2461.704715 -1192.282459 6108.456890 -2519.200762 191.466234 -3323.655109 -1069.278490 246.528596 1933.469752 -5010.746821 -933.527270 258.297354
59110.295393 2129.367102 -10436.533880 9186.213509 -6919.114604 -7157.687773 7895.023649 -947.605054 -5917.817763 -4633.277854 -3924.421884 1340.814896 -6572.051574 4207.868274 437.883671 3910.642010 -2120.365338 1513.410202 973.112257 -921.564976 -2072.436715 1660.487651 -734.706495 -420.028665 350.505151 259.520104 142.498686
40619.514968 -136.104913 13634.262156 2731.390919 7335.837150 -2244.202062 8885.079081 -7278.032581 -2646.898830 -4487.350016 -1211.777518 -3500.193456 -4194.431974 -1657.318323 4219.616939 -3558.395303 3209.821284 644.942638 -2630.246946 807.831972 -299.940438 -671.291439 -376.668138 3060.295652 -435.928417 -167.670754 91.002651
52323.719205 2403.961497 3998.155881 -2437.738544 -7148.460564 -10681.865059 8332.325781 -1087.751732 -6779.266010 -2379.702992 -3250.944805 -3174.023782 -4738.014543 1084.299246 3831.216213 -1260.887601 688.797012 2289.489136 -982.240526 -339.431664 -1303.571212 -746.139320 -988.198543 -112.034716 604.933656 -424.611908 716.023102
24961.262679 7637.018613 12455.894497 2620.741888 6832.677407 -1437.288430 6498.906208 -1877.433553 -4980.601856 -974.345316 -4638.732307 6130.255965 -3352.323959 3268.786971 4489.018341 3272.564048 3343.629862 5371.575364 -228.939892 -1820.453049 -2782.979577 -1708.008214 538.662601 571.400457 2263.713299 -2118.256184 505.774920
28854.601441 -709.965080 14559.003549 -641.487092 39789.667005 27851.460894 -3817.614676 1456.128542 -2877.426928 -8684.809991 -3312.335913 5652.581484 -1152.664633 4681.444675 -1132.185850 -7324.338494 9766.270703 -581.942658 -3997.656972 1297.035322 1056.744612 -1320.218929 -110.075427 10687.915309 -46.631238 -1616.739054 -3010.886599
37213.074716 -3159.787818 -10716.709265 -14051.775230 -18008.884565 -4465.293697 2860.770719 -612.593865 -8243.713563 47.880875 -2622.861737 -2132.161528 -2369.727875 -696.135366 -702.473546 7.316932 -500.994102 2534.681393 -2322.270263 -898.255051 -961.819472 1546.703664 -872.870953 -1238.674752 -1611.076300 -224.764409 193.758375
36625.703559 975.014944 1985.194340 -4594.394284 -7993.898594 -3930.354294 708.720406 -315.355418 4930.158526 -4184.127224 -5505.073845 -820.062558 -4143.738746 2552.048623 -1314.481450 3008.001778 -3310.203491 -2179.646002 -489.158228 2996.872644 2877.608712 1503.307546 1093.803320 -159.840902 -2227.672807 1030.871453 -520.283382
4785.469806 -6049.019978 18024.520403 6134.233500 16515.935863 2154.274961 8837.419065 -9269.770556 21.919955 -1454.505492 1119.468972 -9693.112960 -2884.834629 -7095.350553 6848.426977 239.518928 197.193826 -508.104621 -148.730043 1911.581680 1114.689755 676.921816 62.726825 -3197.768719 1877.328390 269.912901 1076.932105
-70801.870203 -3997.367970 -37984.844275 -31723.565591 -67569.629421 2692.938178 -27784.013509 13253.817723 5289.424298 8807.443591 -8304.199307 14873.022110 8452.880022 -18197.732356 -11622.589611 1417.527320 -7885.141384 2000.974118 -16085.614682 -17035.007162 1642.352608 2798.396030 681.378722 -4889.471876 -1178.695453 1034.390469 422.474065
-81068.695083 -13926.567401 -48909.252677 -40544.356929 -54692.005098 26920.255734 -44551.005216 -1093.158361 20645.515994 8652.913416 -22910.230574 28724.921613 7442.121615 -7284.564733 -16113.653038 2476.883070 -16021.582510 -6819.594492 -8393.796139 -14653.742544 -3425.376118 5087.698267 -1128.440299 -2358.113463 -5540.917035 729.483730 3096.518827
49194.230212 6328.695039 6722.474591 113.330016 -7308.810352 -12752.570562 9281.823831 3668.139857 -2879.432303 -4792.007335 449.288069 -6090.777650 -4782.699469 -808.852220 1642.462172 -17.990479 237.541712 835.382874 -352.191888 -457.251064 627.356492 823.788662 -239.845361 -666.986478 472.414828 332.914235 -131.656857
50928.651721 6276.492255 2536.582468 -2785.316037 -11973.197620 -8360.611820 5406.923039 -121.863879 -4508.753426 -3995.892514 -2778.883509 -3616.674129 -3616.276987 -297.780676 2296.424566 126.388657 -140.371746 415.969042 -553.330982 226.463236 -331.656090 860.278472 -478.386001 -271.065047 -802.138081 445.828202 645.048547
32188.752889 6131.024155 4427.281894 1863.160181 -9978.262118 -19224.469086 11189.621689 12850.746500 -5662.989264 4.488475 6561.060051 -3668.009472 -5232.548744 -1723.049213 540.323309 3736.239776 -1072.493002 -2560.650091 -3126.310195 -1024.887050 3634.492455 3708.673515 2820.348787 1948.508204 -3047.562742 3568.537769 -937.783694
-18163.424641 -17124.667343 -21074.737536 -18341.943258 -4139.982472 7259.159986 -11644.857784 1636.115521 4044.158591 5279.566501 -202.551034 -3684.907368 -4363.827992 1234.716026 -2792.393666 -1571.915315 -379.546539 -367.729520 -5585.001775 -1023.790419 1216.407841 849.027480 1842.586049 4128.333777 -5357.459056 8.575213 1526.112621
37904.347786 2083.447826 -2208.910353 658.299359 -5916.608623 -7345.398488 1767.372179 473.789079 2330.874105 -1019.477490 -717.061114 -7047.837788 -3929.091400 -337.538701 953.354547 5836.219086 -2423.457198 -82.225124 514.516004 974.913890 3072.049751 1055.023956 641.114709 -551.817642 -1494.003305 2757.718900 945.688096
27860.314266 5869.897758 8328.187282 -2094.911743 21468.680519 15403.220976 -1039.863957 3874.284955 -2390.541328 -612.098229 -2421.721503 22660.982656 -7615.132600 20658.119570 -1137.281920 16037.513729 -7051.590318 5608.332763 13221.546430 652.673121 -3775.717153 851.214186 -1251.307520 -2320.024594 2854.726472 -1882.421126 -1019.907353
-1408.914114 976.738735 21763.947169 9188.008909 14695.275010 -5141.387685 11585.198321 4756.586018 -3268.859986 -1463.274508 3056.432133 -1607.545648 -1972.148711 -3981.344521 2246.195004 -4877.140777 3662.301650 104.937430 -3147.673863 -988.738841 -104.631865 -1055.522767 636.420271 501.463185 758.423887 -160.714649 -538.580670
-44065.485508 531.907906 7852.725453 -704.213052 19292.471143 22097.561950 -6167.369974 4298.268264 -5929.023070 -266.326601 -2787.092746 12216.406406 517.068669 8791.100372 -258.573255 1783.778702 -2131.192469 530.040467 3972.528399 490.857047 -1328.521104 1634.604098 2113.742478 -1333.475713 -1189.215433 -146.249355 506.098158
-116305.465282 -20724.297478 16626.134809 -5852.688990 39918.943051 27652.039446 -8328.837530 1394.948802 15765.058354 3477.833942 6066.139316 -6188.626787 11778.474595 -11244.852933 -16781.929644 -13150.904097 15121.528720 1944.741696 -2114.020658 -3293.563157 510.107798 -4289.863145 -3231.132531 5448.071038 13722.986083 -4749.366236 -4252.664141
-80930.700495 28344.815552 4301.576422 71.756905 -18912.263838 -4926.357734 -34898.578617 16149.897337 17495.268585 251.118004 -14586.881588 2854.505349 36210.855459 6230.782510 -12330.377487 3408.414870 14981.382285 -2391.608933 -17153.610838 23089.575204 17746.169008 -5684.114168 -326.265796 -3801.062649 7712.385845 -1618.986837 9040.432988
48029.785333 8680.819079 3998.014136 -791.370457 -14799.019019 -13028.165454 5384.118111 5955.886295 -4191.933028 -2568.590763 -3229.367376 -3793.623030 -2892.412282 -1581.494669 594.928357 362.486075 1274.210822 821.566657 2.511697 757.182223 1737.939091 94.078741 -1688.859287 -1036.008798 62.940465 -62.680351 -584.806317
19889.017148 -6951.597241 -25443.597813 15262.968267 14568.839487 10817.356843 -2703.588181 724.386554 -6641.554823 888.427893 -5469.281317 12631.782739 -7235.853280 14983.746931 -1525.945133 1969.809189 -447.519426 4158.260922 530.753617 -736.361140 -2268.977207 870.483489 462.676027 3313.231604 -1625.131875 -1209.809345 -2377.462836
-68632.927427 -2545.670277 -34407.478724 -22429.670639 -26283.271230 1765.553721 -26600.321585 4022.753664 5243.488747 3948.008782 -471.310334 -7240.351882 17493.087935 4094.851224 -4937.257298 -4081.841214 -349.154296 -4622.365721 366.122677 1670.100467 -57.497244 4.335596 451.920665 -1775.561731 2600.358908 -24.060921 2751.858240
-31238.308026 -23316.073294 -40588.182502 -27803.529560 -12486.654616 3379.191622 -19039.233852 -24993.145705 -3124.940193 21204.162647 10801.492988 -5153.966447 12576.772727 2907.841012 17440.036469 1432.775519 -10293.379057 6472.916295 -8394.874890 -20975.647816 9013.722587 -3277.597229 -10498.775017 -6513.169859 -4106.984900 2154.334720 -2303.282701
38808.843304 12917.980168 -2188.377745 -559.048076 -11359.491035 -12491.898657 -272.837711 2527.787585 -1106.057293 -3293.395038 -6725.628468 -4192.580330 -4166.714661 6186.061517 -63.432926 3589.098414 -2782.038301 1335.909455 8426.977877 4068.329286 2629.319050 2953.864709 -737.829570 3061.554354 -3270.144379 707.040529 -2499.982446
-31786.528493 -5814.981136 -32759.714958 -4098.819955 -39876.672820 -18360.949191 -25446.389191 11014.306138 15918.440539 30802.466753 -23310.641546 2281.176904 13371.978091 1115.041203 -34348.403737 -2035.867695 -12338.664218 -15064.863847 -7082.317805 -13464.566872 12453.734861 -4049.058015 2795.119676 -4408.985218 688.268550 3380.779015 7032.370196
21137.631554 7160.895606 7421.611305 573.756480 -5262.669243 -5131.890940 6089.752521 1245.606654 -7972.197419 -3576.156592 -1324.091282 -4101.000082 -1439.318244 -1136.541768 3636.535862 -2879.773875 832.118658 -339.574769 -319.528665 -139.154171 -1279.566294 928.943771 614.563712 -513.937254 -1457.958205 896.774844 1878.301001
-46181.905749 29467.182299 5000.308335 3833.810262 -24231.074683 -21337.756986 -7649.166032 30244.799950 9553.508167 -4351.209509 3010.957261 -3186.152523 9210.225617 -1523.791748 -5770.843298 -4764.131677 191.769398 -7541.386672 2777.404938 2933.028896 5355.583622 736.958494 -5307.549061 -8912.568334 2824.067914 1019.632434 -2405.712555
52940.498780 -341.945322 -10756.039322 4593.468571 500.109330 -4209.507251 5685.667080 -1418.636076 -6748.268597 -2897.749944 -2224.552480 4172.103220 -4926.829779 10427.904702 1602.714526 4662.898517 -2166.008379 2274.593878 6530.713524 -2858.747681 3527.823890 -4705.248180 322.585782 -838.467354 -1760.170932 1464.183669 2008.030078
50407.046829 4697.165784 -2917.025536 -85.963473 -7080.005798 -6535.569278 4538.105909 347.894282 -5760.321100 -1651.087084 -2147.699384 -1358.449426 -5287.209654 4339.095864 2309.411124 2147.942019 -869.780743 1805.976491 1385.079564 76.306873 -892.928436 413.467516 -517.124904 -716.987330 -631.213050 484.149754 984.960653
-103440.569850 -2128.832007 31763.199402 43037.200035 44143.601210 61.316067 11639.361683 -1744.953045 -10295.814116 6536.272686 -9970.371004 -4290.993427 9270.488750 -4130.029796 8129.295919 -9686.136951 389.647748 8141.677774 -748.199156 -2276.468377 -8676.929869 -11055.137703 947.549978 -4519.253438 26756.633692 -8938.469105 -801.917377
-97787.403208 -6822.935523 13132.464817 14795.979221 8870.344180 1828.756414 -7489.135773 -13719.846354 18412.622562 3956.095488 11980.916864 -12471.479615 1559.755929 -11324.921722 7657.550361 4279.677990 -10725.042190 -11652.320564 4830.999530 8997.395243 5611.233968 1138.322772 1905.244979 -1705.519310 -1322.000297 3034.021098 -8541.107601
-11970.795215 9821.942921 15477.791344 -4783.571942 68852.545838 60315.798079 -16609.837698 2294.690113 1657.544676 -6556.956228 2224.999440 59302.443500 -12696.747944 56500.787669 -2533.992145 39926.442530 -19159.507458 4969.935533 32414.684863 9110.401020 -5061.203508 7497.341881 4137.968093 -4582.967407 3700.197292 -1873.207478 -1453.101954
822.587096 -17559.266604 12143.784419 -4529.453244 46964.427450 30199.110622 -544.142396 -5363.139531 -6940.647410 -5034.173008 -6391.642350 -218.870157 -1744.500776 6013.351679 -173.747469 -15384.254255 9245.414246 -756.596414 -7115.857809 -3770.306696 3260.953368 877.995128 -1621.819466 10320.734102 -5009.878278 -2347.084224 1059.447605
-127272.430992 -40780.491502 72282.191046 42377.264092 50406.302042 -15152.000358 42890.580718 -78570.711880 29085.813358 11088.740862 29286.060746 -6160.946218 3594.971887 -33746.684363 36953.604966 10441.474401 3284.651153 3124.277411 13040.654658 13789.328837 -15748.709251 -7110.894848 -9881.203191 -12728.415089 12475.414184 -30.115995 3480.133496
-136972.157132 -44155.935904 26802.840568 3193.021412 64702.624809 23856.467835 4908.995658 -62028.454629 30159.404176 22386.410971 25349.576201 -304.640322 11010.603622 -8104.792406 6040.108315 -37432.898922 20903.372932 -19459.244485 7197.881084 11470.580198 -1411.190444 357.304263 10074.703829 8392.891690 5019.362325 2088.663744 -14264.907247
-46327.571989 -17395.140847 3684.130641 11083.412779 58900.487267 38633.213131 -2091.974706 -13753.269146 -3070.871614 9455.299198 14274.144659 13840.080066 13567.910079 -8598.401793 3521.821011 -4448.001830 20583.670522 -5463.847478 -10439.205925 3871.873768 -4609.216834 -12748.374247 -3124.266042 16518.316048 31167.957189 -10413.440196 -8111.996349
-57975.156965 15409.320000 14138.850455 8964.985838 -9997.485940 -8671.289871 -3995.441517 -4056.887697 4569.657844 -3506.375333 10953.108431 -3850.196723 6694.318045 -14202.016918 6879.568213 -1301.882186 1797.200243 5512.689804 4543.802480 2692.757809 -1841.426336 -1100.367209 -1580.912328 -3265.106468 5827.287265 -356.076858 -2817.702857
-10310.548991 34595.792408 3402.654207 3794.612888 -17299.113207 -27297.641851 -464.574982 46336.604913 1999.906044 -949.719620 -5979.654913 -13747.656976 9533.634451 7277.868846 -16765.053600 -19018.113226 557.022825 -13891.812273 18453.941091 10284.385891 -5984.102789 -5414.159686 -10464.305233 -11069.672890 8697.091722 -873.119687 -3176.291561
50316.495494 4734.279029 868.369136 -809.666260 -4617.185286 -6172.467872 3940.609474 -1352.394778 -3510.301091 -1991.458699 -1498.908847 -4194.285976 -4923.219635 2737.764043 2647.444657 225.862004 -139.146607 642.980356 -147.258182 1582.650034 906.883372 829.133637 -357.330090 48.362222 -2081.248163 1003.085283 100.707964
11764.248639 -5760.612425 -6149.252160 -3297.126963 -20239.530592 -4426.878673 2940.632531 6253.702119 -17175.644909 4089.025638 -4149.040075 458.960210 -2031.128321 -832.761635 1694.663736 -1057.417167 3536.732712 1893.563567 1398.469912 -4160.892123 -4908.684710 -1182.647395 -2423.787164 -1908.465112 -183.501573 -1003.304649 1687.361603
40904.616010 9069.617892 8.415774 -2723.395061 -20218.696284 -5144.821984 4046.591280 1251.535492 -11427.352816 -5044.806880 3021.018868 -4363.654026 -2661.117559 -2517.013597 2041.040929 -556.315531 1402.553768 5244.460864 189.576456 -77.897264 -2113.656237 247.553275 -1512.715470 -673.043379 311.985119 -967.137125 -420.593072
38926.134956 7436.724651 5683.968791 -731.181918 -7044.779366 -6597.436497 1054.874908 1244.981169 -204.904644 -3978.645343 -4620.748612 -6683.728042 -1490.967826 -1140.186669 468.771276 471.432121 587.435678 -163.519100 510.922357 3779.122537 3158.921012 441.283772 -189.209114 796.110240 -657.320359 608.597898 -1582.265830
33878.169393 -1129.268369 7419.668707 -1868.054662 8692.715127 5637.684376 1453.765856 -4500.963255 -4603.630424 -5613.859655 -5888.806947 -2964.901805 -4616.214621 1978.930916 1285.331553 -7859.152086 2546.440108 289.393396 -3863.970168 -1002.624063 -126.038493 1290.715267 -56.119531 3256.015906 -5572.228353 988.361366 880.032682
18374.380536 -2737.984444 3950.665161 8126.176728 22389.054044 5178.169011 4937.679412 -2384.289497 -1806.386925 2176.122823 -457.259379 425.296046 -4568.098420 12023.172392 2624.459402 2066.925064 300.084658 1700.825907 5560.810211 1172.434607 1837.912556 -1580.084504 214.404759 156.897704 -238.817344 330.856369 1514.906543
33742.429271 1355.013498 -12345.827294 981.196511 3866.621080 -1277.480879 -6165.701586 2612.984289 -1930.793937 19171.945511 4835.745696 10459.627938 -14890.238007 24101.575939 4488.827797 11343.310737 -5639.890256 4665.532933 8730.745184 1149.083104 -2660.683277 -2690.671382 4106.535557 -3625.217780 -226.307670 2271.315740 18.185174
20372.305077 -4050.031868 -13604.375276 3858.897612 -12837.995127 -11231.926671 2803.507593 -720.562293 -1678.034141 5837.079092 -449.834296 4611.964126 647.543443 2323.122276 -6666.079215 -6374.181881 4410.902702 -1520.403569 -6072.155186 -4532.746322 -1086.599593 -5268.354060 -1643.085299 3674.464953 2943.185538 -1067.954672 -458.224667
26547.802784 12048.512743 11364.996147 2968.860137 119.221576 -15809.594520 12851.156184 14028.664717 3196.046869 -10529.395066 4749.877738 -14913.240042 -11160.188882 2756.282608 -2128.528563 -366.067814 -6891.713051 -5752.528192 4906.012771 146.543142 1673.420856 3050.763291 91.015465 1461.815839 -7036.936455 4242.423254 -8388.623615
48099.862955 4976.415762 5133.912882 -846.405320 -3916.049685 -5323.049833 5979.611290 1219.661384 -6459.432796 -3715.226709 -2951.825453 -4195.350935 -4193.594769 507.358113 2432.148099 -1540.951078 855.658233 110.736142 -1572.083102 121.224614 243.316267 867.604333 -287.537178 628.791946 -1824.397298 604.274378 729.371624
-109517.921837 58448.515808 -64197.380263 -6220.020741 -70062.797732 33888.663404 -93927.262926 -31470.474010 -34637.749454 -5740.131163 -19334.155215 20517.549439 40124.167483 -18037.882593 12627.747253 344.617299 -7577.750166 33112.165109 26389.494030 -7959.760730 -4881.989395 10625.755405 13790.950514 4694.242358 -2575.968177 -10681.249781 23673.955800
41519.824397 3432.556611 -3230.682329 -1421.430121 -2712.991996 -1646.784377 3801.831791 1351.766911 -4663.214655 -1954.977926 -796.059247 -463.133478 -4093.004885 3779.376782 788.715928 5307.121320 -1431.375605 2056.950669 3037.562716 1052.103047 731.539785 1225.377122 -931.501224 -1068.561659 460.117986 -142.630440 408.221807
2621.339723 -3387.163595 -7906.000173 -14826.351546 -4985.917711 3819.790232 -2871.119621 1476.503331 -1547.411142 1436.450413 -4645.836273 4228.569533 -1507.053584 -8728.256933 -9241.303671 -5201.054080 -3922.744989 3049.462907 -2354.689461 -2492.283319 -5518.884811 1987.527183 -1780.919127 -266.689405 -233.654102 -2283.120802 -627.147459
44792.320813 4434.803563 6477.402762 -1774.202048 5343.523823 4028.829758 2159.325496 -662.301121 -4696.125565 -4741.183007 -4052.249840 3485.503765 -5509.523686 7153.871825 2345.074993 1500.449814 -664.673875 1429.279809 1599.105443 1492.407836 -671.182998 966.539352 -518.151367 340.642547 -471.302582 31.569528 508.038788
28236.171143 1270.580069 2911.890442 -3511.184604 -5238.619349 -5441.497313 4406.120688 -1951.302144 -1906.567377 -1851.029881 -934.239180 -4473.465693 -2414.422766 -3361.325098 1052.075746 239.350820 -455.971580 1181.047862 -1239.452908 -604.265377 -414.075814 1113.003819 -1231.981987 -376.272375 -420.737533 337.126541 508.177520
49918.480055 7105.845603 -2395.931360 -923.234613 -12647.916598 -10061.227677 3677.799132 2081.882573 -5221.575629 -2337.883797 -3014.700893 -4319.947740 -3096.496528 984.772135 2319.667700 32.097745 535.022710 1608.028691 718.659866 13.336236 -963.127305 277.976361 -667.207633 -448.686910 -730.001110 555.357132 779.066945
46380.590272 3446.668789 -5852.344426 8793.509224 -5640.977997 -9201.856959 5984.787396 873.910878 -4325.000282 -3268.306703 -3684.665159 -3844.176284 -3850.829974 1794.400037 1576.774506 -808.088950 623.314701 20.937243 -1595.222882 435.401455 572.678835 657.559194 -233.389625 117.979481 -1078.500986 567.482292 619.519685
41978.782286 2823.904432 1942.285181 -2241.679896 -7215.875855 -5593.868691 4195.677764 -267.397760 -5830.682937 -1517.168674 -2107.386318 -1280.768719 -4277.584435 -158.316998 3031.815552 -308.027934 496.118283 941.856928 -1103.501131 -363.795933 -1912.699921 803.823881 -723.164098 459.845009 26.105227 -22.295929 484.494845
42713.441229 5437.662120 -2823.126633 -1323.529030 -15557.334615 -11650.386423 4593.813228 1766.973566 -3069.391120 -4307.042116 322.797366 -3402.109323 -5117.105155 342.768782 2216.214404 -1573.863174 781.325957 2991.502578 -2212.761942 -1204.434733 212.934909 738.197809 -773.352023 -965.897016 -224.864439 -74.999125 827.166136
22155.754691 -7538.878135 -32948.455659 -20627.732587 -24321.698682 -8061.797360 -6351.837766 1385.847441 -11237.559480 9921.123257 4442.841804 -9479.474988 -4068.879252 7083.084821 6580.252405 -1866.429895 1366.308987 -1901.106910 1908.331694 -3365.823860 3928.388926 -3232.227856 -2092.118156 -1036.566019 -3301.918462 120.217292 4201.505920
45325.415493 801.628708 117.062597 -5284.133619 -15089.978622 -7131.649820 7089.790515 -1521.505943 -4442.088260 -2632.155987 815.050202 -1080.301685 -5359.888102 -3441.642573 279.192768 -446.014767 -536.356240 1390.767373 -2233.779969 -378.524889 -1708.911747 458.894711 -923.284500 514.949863 -1143.936499 20.989153 13.516161
49528.501806 4999.491799 1734.099152 -3877.624913 -6170.423672 -2313.231021 3424.782864 717.447889 -4694.058882 -3382.202306 -3387.926307 1392.887717 -4767.020089 3617.885395 1098.198661 2082.611977 -835.064923 1212.074804 1137.342859 -418.271732 -873.046325 869.270561 -646.703963 -225.836019 -939.121378 366.007305 536.257639
-9586.304675 2127.345366 -7034.244117 -12547.010505 -17073.011152 25181.455513 -22239.291124 -178.230266 310.029516 -7230.604243 -9003.401762 7911.638058 584.713832 -11366.506093 5898.882494 -2122.632322 -6103.108298 -7001.902254 -10912.136652 -6423.377533 -2001.810815 947.680067 -1503.045226 -3140.827642 -2651.516192 -2296.486589 2272.669383
-43719.539323 20230.346955 8550.476487 4374.458367 9423.607781 5458.574952 8368.642976 17816.748151 -24464.570834 9582.378662 13943.902205 38391.223062 312.339151 9750.617899 5199.622180 17799.280763 -4394.218299 7507.769116 18839.015093 -5524.867112 -13687.391490 2758.945795 -1980.710018 -5904.022469 6012.862039 -208.627245 2034.526149
33905.874270 -646.652969 -14120.591073 -12112.395553 -10359.206678 -6482.953754 4412.081745 10164.946641 -3401.845711 -3168.731916 4841.890066 -2831.398880 -3184.575648 -423.074213 2590.649416 -2578.718945 717.001901 2102.170141 5081.796481 -6300.775977 2501.871464 1103.068913 -1914.128474 -3029.969535 -2013.627041 73.429090 2350.041016
28266.073442 -127.919135 7940.425093 -743.250246 5140.018580 2053.574372 4141.030296 -9010.574260 3051.902165 -433.580910 -1204.557106 -1755.488878 1343.193632 -3562.964560 -636.811501 -7193.479495 3789.082381 -5436.732443 894.816806 2707.427340 -813.637116 -807.187835 -442.566674 680.360564 5465.056450 -637.181721 -3882.358298
48221.748057 2420.838567 7827.043278 -489.072443 1490.880721 -1378.516407 6090.652426 -3530.128340 -6026.629074 -4393.261677 -4488.808475 -1129.432327 -4648.558691 2930.311714 2564.746047 -6360.120839 2993.318115 -229.280250 -1535.030117 316.086126 -271.434520 259.910619 451.216751 2357.641669 -2941.007258 165.433539 -1155.132006
-45567.415108 6524.569642 -12805.137562 -16441.097281 -26187.965778 1479.073860 -1714.047804 14506.047645 -4466.732181 -4497.490836 1305.008251 -3255.861162 10488.373805 -8087.003790 -5335.850936 -4842.616474 3607.432252 3858.299611 4833.770828 265.431658 -2762.638916 1312.316176 719.045604 -4232.716662 971.772443 -2386.374281 -912.083067
37412.328004 3330.279701 1474.058242 -2196.726186 -10896.335132 -9178.272787 6202.679511 -1242.949362 -4477.075756 -1785.309472 -2076.661256 -4646.659101 -2987.199044 -1297.625430 3027.282827 570.892074 -686.564785 -238.739164 -48.587309 14.562104 300.030335 919.002666 0.764943 -853.906047 -587.479131 705.998879 769.063574
-177305.418899 -31121.713528 35103.977920 15071.038414 24154.945562 -10456.044415 18279.856070 -17135.487491 12442.936731 9919.530860 13400.568238 399.876343 272.669495 -8479.300454 -487.192240 -4499.880429 -3849.764084 2593.281052 -2765.378614 -3712.665010 -3985.836800 -5258.551643 6133.556290 4277.166839 4766.419383 -4704.918317 -2999.061539
32386.149815 2228.794149 -6607.721202 -10303.511896 -15554.042110 -7101.252954 3822.455148 2277.729106 -2721.852943 -2617.472107 -1248.415926 -6751.735429 -1750.582340 -1725.525849 -3245.819647 742.294632 -1742.598742 -18.704220 883.868106 85.394011 123.201473 2590.019200 331.462865 -327.167660 -2483.793008 657.675633 -561.787241
19506.566361 -1940.989800 -7581.798020 -4393.062257 184.909736 1655.390087 -1448.247360 835.028346 -1675.093385 2494.673493 -1143.161965 1876.252874 -3804.442847 5194.998934 -1713.452725 3260.676973 -2034.213499 1771.107384 2269.693446 -1875.283422 -473.573434 179.784802 34.319486 -664.413080 -1322.717011 785.583683 1140.503819
54439.520183 3767.196667 4464.826500 -2641.344192 812.910181 -48.430107 3807.480025 -69.142270 -5610.676492 -4767.026911 -4087.322295 -2939.592357 -4423.116444 1690.843202 1830.994761 -2110.474853 1673.626218 606.132901 -1848.376504 36.856410 231.098509 464.255177 -898.947589 1310.360052 -1629.784048 403.696799 852.283011
38150.135404 1491.025657 9345.923789 1090.677808 -4666.294104 -11430.485375 8426.808434 -8540.923634 1312.007902 -4255.323693 1130.781197 -4903.142450 -2931.860344 -5076.261231 5522.226704 1981.168478 -1291.820642 446.476318 -834.872174 -1263.740759 -4164.801665 2685.468403 104.941522 -3635.683872 -1166.068985 1096.457019 1188.059935
47486.373747 3570.953976 2317.825004 1499.882865 -2672.766908 -6403.931268 5733.262870 -2667.666835 -5161.623536 -2873.880752 -3964.310753 -3758.997887 -4679.957577 2525.694416 3085.879107 -2344.523139 867.117916 591.868683 -1110.817055 346.415204 170.023291 -561.159356 57.019462 -91.112606 -1651.344248 595.250636 1516.471631
47230.961104 5883.429231 5950.021431 -1142.955159 -6550.993688 -7258.120238 4084.326227 -2050.893296 -1388.806291 -5887.820072 -2132.632006 -5967.992789 -2635.721386 688.063415 3035.088055 3658.465065 -579.723726 728.258737 -2164.394323 2838.130761 1049.547295 719.171100 1239.781742 258.390433 198.447778 237.688769 1077.948098
10551.815453 17200.856871 -77848.717233 52996.828487 -21353.266112 -5240.944736 -3693.900416 -4353.604259 -13485.743948 -14961.487075 -8983.886053 -934.666645 5776.706927 -2354.937722 1082.665804 -578.020807 -2645.508097 3290.737208 -4814.869717 -3683.904161 -4806.070280 3734.672998 534.872344 2857.897373 51.853831 1372.323053 2939.221082
