3.390022 0.222511 -0.184263 -0.283263 -0.408833 -0.473676 -0.536968 -0.615553 -0.637564 -0.621679 -0.606586 -0.508990 -0.558807 -0.491896 -0.420933 -0.429411 3.923603 0.237753 -0.117254 -0.278373 -0.379662 -0.428259 -0.479658 -0.618720 -0.662989 -0.662494 -0.638059 -0.531809 -0.499018 -0.515205 -0.480899 -0.450758 2.033765 1.036828 -0.118568 -0.371093 -0.474928 -0.505433 -0.560543 -0.619592 -0.612550 -0.637042 -0.640254 -0.466935 -0.561329 -0.616570 -0.481192 -0.330432
-0.285581 0.571387 0.325812 0.470152 0.516282 -0.047989 -0.394775 -0.594952 -0.722759 -0.727936 -0.749970 -0.603804 -0.675345 -0.677893 -0.558295 -0.455298 -0.444262 0.146603 0.332990 0.469579 0.749474 0.223664 -0.182186 -0.472449 -0.646776 -0.726329 -0.752659 -0.636522 -0.680091 -0.699384 -0.603725 -0.472122 -0.478637 -0.000717 0.120542 0.141933 0.259242 0.070450 -0.181846 -0.323357 -0.435340 -0.514454 -0.584038 -0.459887 -0.532944 -0.543583 -0.501136 -0.308533
2.592594 1.681982 0.687413 0.527873 0.688031 0.564748 0.549285 0.380198 0.339417 0.273777 0.228270 0.048781 0.034216 -0.125678 -0.232666 -0.373893 0.656604 0.695731 0.615872 0.723413 0.873810 0.840620 0.851991 0.805288 0.732080 0.682921 0.676057 0.347479 0.119891 -0.173512 -0.175721 -0.229499 0.901176 1.284043 0.585750 0.474811 0.506432 0.572925 0.646364 0.653841 0.591478 0.560899 0.609810 0.324050 0.190453 0.098762 0.047198 0.120131
-0.472999 1.271527 2.052654 1.209794 1.887841 1.794588 1.701022 1.425126 1.265015 1.055075 1.336266 1.689144 2.514870 2.944907 1.497128 -0.460325 -0.357870 2.488227 2.260815 2.013175 2.343778 2.022205 1.708440 1.167332 0.712147 0.771503 1.467600 0.812716 1.015770 0.688403 -0.167659 -0.513725 -0.354084 2.746095 1.815867 1.627354 2.127928 1.939595 1.367881 0.933103 0.905499 1.384953 2.203124 1.456284 1.152759 -0.458906 -0.599219 -0.359942
-0.441462 0.042998 -0.191694 0.603519 0.855724 1.421041 2.480613 3.473169 2.044332 1.201610 0.551894 0.083626 -0.069635 -0.185683 -0.186932 -0.331212 -0.474654 0.213743 0.078123 0.734164 0.866149 0.988642 1.738968 3.968286 2.909752 1.237677 0.457884 -0.170583 -0.422082 -0.591667 -0.498911 -0.505980 -0.392882 0.850851 0.150838 0.655015 1.633319 3.537544 2.705736 0.605838 -0.262399 -0.353215 -0.583337 -0.480726 -0.511655 -0.694119 -0.600858 -0.358699
-0.487866 -0.796797 -0.803688 -0.636104 -0.678440 -0.741753 -0.776172 -0.616430 -0.569122 -0.506297 -0.703242 -0.602163 -0.682413 -0.663252 -0.595463 -0.494342 -0.520524 -0.707721 -0.775432 -0.715678 -0.549887 -0.545594 -0.527204 -0.633619 -0.834654 -0.824895 -0.755508 -0.649172 -0.692836 -0.737350 -0.662050 -0.514350 -0.532391 -0.860094 -0.841021 -0.803044 -0.598609 -0.500613 -0.564802 -0.740615 -0.708027 -0.701461 -0.712932 -0.542326 -0.684333 -0.697255 -0.606869 -0.359942
-0.381768 -0.269826 0.059972 -0.059688 0.529113 1.521431 2.406148 2.092934 2.095510 1.611174 1.710929 1.357738 2.051979 2.498476 1.356049 0.558245 -0.226594 -0.019485 0.133930 -0.004146 0.503943 1.131252 1.490709 1.834546 2.582347 2.181708 1.787859 1.448961 2.004129 1.897132 1.219452 0.218392 -0.298029 0.060740 0.249299 0.278572 0.881232 1.445090 1.540626 1.672056 1.581229 1.497718 2.076331 1.703141 2.623422 2.970353 1.813233 -0.088765
0.050511 -0.682147 -0.780490 -0.779196 -0.919729 -0.296148 -0.269739 -0.227737 -0.211999 -0.484601 -0.683076 -0.652158 -0.740048 -0.195169 -0.396046 -0.199853 0.190171 -0.609145 -0.758411 -0.849175 -0.733901 -0.383522 0.365036 -0.311278 -0.607960 -0.783472 -0.859701 -0.715116 -0.746924 -0.258449 -0.440929 -0.191394 0.058898 -0.734626 -0.714505 -0.200421 -0.582773 -0.638528 -0.609269 -0.538262 -0.673459 -0.748531 -0.819935 -0.596417 -0.645625 0.035468 -0.243498 0.034243
-0.483811 -0.765746 -0.801989 -0.556725 -0.520112 -0.357890 0.184147 0.919493 0.974087 1.493122 2.167089 1.750501 2.355015 2.759530 3.386908 3.142003 -0.462835 -0.686186 -0.790221 -0.702517 -0.286353 0.421187 1.758969 0.907769 1.220754 1.748142 1.893538 1.398596 1.770056 2.459734 2.329518 0.281484 -0.441721 -0.813162 -0.690664 0.100498 2.034647 2.558174 1.715104 1.270357 0.844590 0.453236 0.041344 -0.270032 -0.480259 -0.550996 -0.559330 -0.358078
-0.333336 0.090843 -0.179538 -0.170187 -0.188634 -0.239564 -0.315729 -0.408233 -0.581585 -0.605657 -0.712420 -0.622489 -0.730624 -0.725938 -0.595140 -0.493914 -0.513629 -0.447822 -0.292988 -0.272966 -0.222461 -0.232755 -0.249909 -0.259492 -0.335298 -0.377203 -0.357445 -0.404490 -0.502127 -0.621333 -0.586399 -0.469873 -0.514194 -0.481279 -0.361360 -0.426209 -0.391240 -0.348857 -0.274174 -0.205516 -0.207841 -0.237643 -0.262853 -0.304815 -0.413812 -0.450353 -0.477913 -0.329966
-0.485388 -0.773732 -0.556268 0.089975 1.595889 2.166072 1.222793 0.884253 1.176041 0.755996 -0.026512 -0.457859 -0.695644 -0.741197 -0.606614 -0.491881 -0.518272 -0.681545 -0.465820 0.253858 1.425852 1.739084 1.716423 1.014247 0.945326 0.541125 0.005681 -0.372396 -0.609216 -0.705741 -0.642494 -0.505230 -0.520678 -0.707911 -0.277780 0.410501 1.183500 1.509043 1.571306 0.882890 0.140852 -0.184322 -0.490694 -0.515970 -0.673366 -0.672736 -0.585831 -0.356525
-0.487866 -0.764999 4.528390 4.323597 1.913061 0.859967 0.453891 0.173053 0.037967 -0.221572 -0.464731 -0.510884 -0.580556 -0.580977 -0.524035 -0.491026 -0.520524 -0.643798 6.214628 3.588370 1.526286 0.583421 0.277487 0.113363 0.091291 0.124872 0.052883 -0.089529 -0.368460 -0.510261 -0.470606 -0.470623 -0.531972 -0.760683 3.993199 3.474136 1.780349 1.069407 0.611859 0.315437 0.076195 -0.086481 -0.146393 -0.154648 -0.215759 -0.337451 -0.416714 -0.319250
-0.487528 1.967337 4.141681 2.289030 2.236058 1.486116 1.726173 0.962886 0.862741 0.907761 0.994007 1.095391 1.692577 1.319400 2.102006 -0.210443 -0.507016 4.340314 3.264713 2.005096 1.383564 1.002127 0.982524 0.924031 1.202538 1.482713 1.669667 1.045100 1.083847 1.531070 2.382182 -0.512601 -0.532077 -0.377561 5.007513 3.092702 1.805605 1.378295 0.978428 0.822954 0.809814 0.871896 1.235192 1.338448 2.156569 3.076983 4.768827 -0.282751
-0.487866 -0.773583 2.979005 1.727281 1.037060 0.489753 0.255378 0.315591 0.380482 0.271106 0.393628 0.225530 0.329459 0.309619 0.814681 0.774432 0.871458 4.268656 1.067511 0.820100 0.455909 0.122157 0.057476 0.058216 0.176170 0.058063 -0.175572 -0.143526 -0.066155 0.027266 0.773436 0.961628 0.899189 3.771305 0.621592 0.580500 0.308946 0.092323 0.115712 0.291127 0.337012 0.364580 0.586518 0.439434 0.605266 0.930702 2.074695 1.140384
-0.334012 -0.193318 -0.575059 -0.650508 -0.851516 -0.846508 -0.819109 -0.707948 -0.668924 -0.598202 -0.596155 -0.565803 -0.705794 -0.720577 -0.586252 -0.448879 -0.407117 -0.216265 -0.520956 -0.687141 -0.820392 -0.820802 -0.777919 -0.694036 -0.667948 -0.661538 -0.691332 -0.639919 -0.713041 -0.740175 -0.630143 -0.462127 -0.354607 -0.198299 -0.627939 -0.799008 -0.834412 -0.805546 -0.758409 -0.700657 -0.603596 -0.567775 -0.588941 -0.503864 -0.619820 -0.639949 -0.549221 -0.311173
-0.415332 -0.757684 -0.691683 -0.426565 -0.001915 0.062480 -0.286716 -0.465914 -0.541030 -0.249833 -0.211757 0.145993 -0.430306 -0.284043 1.037369 1.839641 -0.428926 -0.656979 -0.572298 -0.267363 0.181191 -0.047103 -0.378600 -0.568842 -0.714011 -0.578372 -0.757614 -0.451810 0.273452 1.736262 0.089144 2.104031 -0.460440 -0.792871 -0.637700 -0.323603 -0.037188 -0.219098 -0.453055 -0.592718 -0.606511 -0.269534 0.051327 0.554052 0.197119 -0.051775 1.860225 2.465982
3.847755 1.112913 0.607948 5.618102 2.951299 3.448607 0.720402 -0.406567 -0.384840 -0.390249 -0.542473 -0.478817 -0.466555 -0.343223 -0.088839 1.777277 5.406057 0.651920 0.302018 5.249501 3.872352 3.843116 2.467603 -0.153287 -0.168687 -0.444861 -0.568680 -0.475353 -0.486118 -0.354865 -0.056841 1.457619 3.173048 0.434154 0.595297 3.893135 3.650595 3.755354 2.809615 -0.076449 -0.454081 -0.603748 -0.752511 -0.620168 -0.717449 -0.699536 -0.607415 -0.359942
1.277852 2.680316 0.546053 0.391036 0.481106 0.219533 -0.078142 -0.307509 -0.464110 -0.544906 -0.614374 -0.555829 -0.672808 -0.679130 -0.587706 -0.491133 0.332985 1.820040 0.531549 0.502481 0.532288 0.480621 0.297313 -0.020008 -0.263294 -0.389948 -0.474151 -0.496787 -0.555905 -0.627337 -0.571989 -0.465126 0.229780 2.005033 0.514118 0.393456 0.315881 0.190322 0.051682 -0.097312 -0.238660 -0.347092 -0.436755 -0.386029 -0.499183 -0.517638 -0.491847 -0.329811
0.795678 0.544516 0.179674 -0.099745 -0.275652 -0.349478 -0.465108 -0.596180 -0.743087 -0.770661 -0.786268 -0.645466 -0.699450 -0.546128 -0.015957 1.093738 0.988524 0.338495 0.179412 -0.092102 -0.233722 -0.238085 -0.348510 -0.476809 -0.689024 -0.813955 -0.805189 -0.689582 -0.696099 0.229633 1.003992 -0.012363 0.610238 0.581447 0.146358 -0.091592 -0.303912 -0.413057 -0.593605 -0.737520 -0.755713 -0.749679 -0.629571 0.162850 0.165508 0.604255 0.328605 -0.069817
-0.254269 -0.386416 -0.424410 -0.242312 -0.050734 0.296829 0.609109 0.815526 0.994823 0.780029 0.473178 0.207224 0.317497 0.401792 0.081490 -0.324901 -0.201548 -0.331796 -0.369107 -0.239738 -0.023738 0.379599 0.669087 0.835269 0.742380 0.650419 0.378346 0.184318 0.232575 0.199084 -0.097497 -0.331946 -0.246995 -0.350409 -0.379761 -0.371878 -0.223173 0.158933 0.535773 0.770178 0.884675 0.806202 0.727496 0.523252 0.739881 0.702902 0.189814 -0.133340
-0.487753 -0.796423 -0.814729 -0.790078 -0.688912 0.701009 0.256186 -0.108429 -0.135692 0.017646 0.323396 0.341049 0.542055 0.766980 0.533815 0.147266 -0.096161 0.275995 -0.100568 -0.396430 -0.623124 -0.661475 -0.722127 -0.675684 -0.551311 -0.369024 0.013486 0.474096 0.858012 0.804067 0.469802 -0.079203 1.470399 0.230806 -0.515344 -0.700327 -0.659294 -0.523413 -0.384260 -0.104915 -0.067385 0.018503 0.181972 0.146760 0.160777 0.127842 0.165498 -0.155705
-0.347303 -0.075309 -0.154324 -0.237475 -0.085172 0.015102 0.065218 -0.057761 0.048386 0.410521 1.191630 1.145007 0.788181 -0.043196 -0.397015 -0.441926 0.060442 0.195674 -0.222839 -0.360596 -0.291409 -0.154101 -0.108059 -0.236144 -0.258430 -0.162544 0.151005 0.763873 1.980970 1.440305 0.096006 -0.317953 0.020727 0.173071 -0.185773 -0.283458 -0.151565 0.029050 0.219085 0.408701 0.759629 0.832607 0.471283 -0.127526 -0.425639 -0.549855 -0.563428 -0.358854
0.003318 0.110847 -0.667583 -0.724630 -0.920835 -0.921186 -0.894292 -0.802711 -0.799985 -0.738284 -0.726467 -0.560879 -0.535789 -0.321984 -0.092071 -0.219107 1.258534 -0.431548 -0.666554 -0.806761 -0.898609 -0.908016 -0.875117 -0.814414 -0.769040 -0.753413 -0.730606 -0.554649 -0.426900 -0.245382 -0.224954 -0.476620 0.745458 -0.547043 -0.768269 -0.876718 -0.900761 -0.870178 -0.866474 -0.820353 -0.687828 -0.608340 -0.539205 -0.319219 -0.144796 0.106460 -0.047879 -0.147784
-0.487416 -0.789333 -0.798061 -0.768209 -0.899450 -0.760006 -0.528076 -0.500541 -0.671274 -0.671080 -0.530791 -0.269495 0.087864 -0.109800 -0.441294 -0.455405 -0.516865 -0.697387 -0.758858 -0.836992 -0.809360 -0.585648 -0.466850 -0.628168 -0.722308 -0.692128 -0.489637 -0.200451 -0.156769 -0.627514 -0.628771 -0.509728 -0.520992 -0.830753 -0.820540 -0.865953 -0.742403 -0.437340 -0.243205 -0.311422 -0.557263 -0.722764 -0.802247 -0.609595 -0.669065 -0.655915 -0.597853 -0.359942
-0.487641 -0.157565 -0.344679 -0.524763 -0.762655 -0.832303 -0.886657 -0.818402 -0.822663 -0.727825 -0.674592 -0.608349 -0.786809 -0.769035 -0.615179 -0.493593 -0.514192 0.107804 -0.425639 -0.693396 -0.815795 -0.875472 -0.883188 -0.861838 -0.865745 -0.835623 -0.766287 -0.606069 -0.617143 -0.599613 -0.512463 -0.477744 -0.530299 -0.074582 -0.511344 -0.733744 -0.807133 -0.810304 -0.818686 -0.797103 -0.735306 -0.685260 -0.655315 -0.464637 -0.469292 -0.495115 -0.564794 -0.358854
-0.487866 -0.796200 -0.812499 -0.707545 0.024411 0.272942 -0.240456 -0.391752 -0.472078 -0.466687 -0.407016 -0.331988 -0.297637 -0.183621 0.017334 -0.001102 -0.519117 -0.697387 -0.634912 0.033512 0.274423 -0.318919 -0.511677 -0.564572 -0.615781 -0.623619 -0.576113 -0.484723 -0.465913 -0.370935 -0.096811 0.133436 -0.531763 -0.854839 -0.840915 -0.675657 0.010608 0.130818 -0.287023 -0.484425 -0.502705 -0.487666 -0.435704 -0.295009 -0.233608 0.055425 0.351282 0.076333
-0.377375 -0.570184 -0.633344 -0.612448 -0.717672 -0.707470 -0.720840 -0.650004 -0.630720 -0.554475 -0.503672 -0.383119 -0.324824 -0.326933 -0.392329 -0.437220 -0.422453 -0.521151 -0.583738 -0.656519 -0.727925 -0.720748 -0.743093 -0.715204 -0.697417 -0.618203 -0.491867 -0.399570 -0.356026 -0.307717 -0.329597 -0.395287 -0.345822 -0.564779 -0.625539 -0.705205 -0.700097 -0.656509 -0.648106 -0.628963 -0.578087 -0.553360 -0.494022 -0.351858 -0.372954 -0.415285 -0.474361 -0.349225
-0.487753 -0.471956 -0.445537 -0.666331 -0.862873 -0.844604 -0.804737 -0.657718 -0.558294 -0.384574 -0.208419 -0.162435 -0.162069 -0.291260 -0.357261 -0.319873 -0.520524 -0.450236 -0.370000 -0.759395 -0.877925 -0.884839 -0.850028 -0.758813 -0.682158 -0.516237 -0.314950 -0.164609 -0.068331 -0.100229 -0.232331 -0.212383 -0.532181 -0.606894 -0.457900 -0.808595 -0.817710 -0.748638 -0.658357 -0.514659 -0.351525 -0.215064 -0.168634 -0.194182 -0.283282 -0.353987 -0.339942 -0.160054
0.083061 0.421954 -0.085104 -0.250985 -0.343644 -0.339240 -0.298393 -0.338629 -0.365431 -0.365993 -0.280320 -0.272903 -0.327361 -0.421375 -0.486866 -0.480222 -0.443559 -0.183840 -0.149008 -0.303001 -0.376674 -0.375043 -0.308859 -0.275119 -0.242503 -0.108800 -0.073362 -0.030731 -0.028076 -0.111354 -0.217921 -0.305459 0.016439 0.229200 0.014135 -0.234959 -0.366042 -0.415837 -0.427862 -0.425991 -0.359438 -0.301807 -0.254097 -0.205521 -0.232962 -0.259617 -0.368629 -0.327947
-0.370955 -0.070682 -0.589126 -0.711803 -0.909479 -0.913964 -0.934893 -0.847944 -0.859131 -0.773999 -0.754838 -0.579943 -0.598317 -0.582420 -0.456647 -0.401492 -0.372222 -0.078766 -0.548692 -0.784153 -0.897997 -0.886454 -0.884591 -0.844667 -0.840090 -0.824364 -0.771490 -0.636874 -0.672319 -0.646232 -0.528589 -0.466625 -0.162391 -0.039547 -0.583669 -0.836573 -0.894115 -0.885688 -0.886037 -0.872157 -0.813082 -0.782846 -0.775978 -0.556729 -0.594446 -0.535030 -0.557417 -0.358544
-0.471309 -0.757162 -0.716738 -0.149212 -0.140406 0.074701 0.050128 0.126767 0.228889 0.188103 0.204350 0.058376 -0.068548 -0.234760 -0.329304 -0.426095 -0.466634 -0.479753 -0.363192 -0.456305 -0.566281 -0.529766 -0.330352 -0.005199 -0.025728 0.128270 0.514007 0.373365 0.361424 0.218332 0.030476 -0.119931 -0.514299 -0.806958 -0.664102 -0.271684 -0.063832 0.336579 0.122498 0.060309 0.068490 0.053965 0.036441 -0.065773 -0.171461 -0.298962 -0.441849 -0.334004
-0.473224 -0.568020 -0.687914 -0.705127 -0.825485 -0.771196 -0.719672 -0.665170 -0.660957 -0.637701 -0.568062 -0.475282 -0.458761 -0.377659 -0.269188 -0.255370 -0.039880 -0.544232 -0.685194 -0.781677 -0.801316 -0.756845 -0.738619 -0.718838 -0.701899 -0.695314 -0.633847 -0.555118 -0.524353 -0.453223 -0.142613 -0.388666 -0.345717 -0.650761 -0.725013 -0.806128 -0.795748 -0.749317 -0.723615 -0.665738 -0.626189 -0.551830 -0.529048 -0.315848 -0.246080 0.121570 -0.324642 -0.340372
1.226717 1.401329 0.767993 0.834927 1.298776 1.355966 1.285671 0.703670 0.349632 0.094530 -0.007180 -0.097669 0.038022 0.140738 -0.092071 -0.245529 1.302856 1.390156 1.123876 1.459312 1.723707 1.546244 1.173850 0.575525 0.065350 -0.142257 -0.229589 -0.359161 -0.495444 -0.541516 -0.480041 -0.308708 -0.408883 0.751877 0.725493 0.817894 0.945211 1.064217 1.199611 1.351333 1.196094 0.874958 0.598251 0.121477 -0.111034 -0.226545 -0.296228 -0.263182
0.165957 -0.263183 -0.572405 -0.600778 -0.652630 -0.499865 -0.262283 -0.046014 0.012326 -0.181517 -0.440810 -0.486266 -0.600492 -0.604278 -0.542296 -0.481291 0.335377 -0.250238 -0.544953 -0.624269 -0.568962 -0.355096 -0.149377 -0.036724 -0.159913 -0.442524 -0.594821 -0.563902 -0.630199 -0.640581 -0.583140 -0.500982 0.312920 -0.425953 -0.644634 -0.708962 -0.635424 -0.462056 -0.267533 -0.047011 -0.071029 -0.282928 -0.423971 -0.383730 -0.462411 -0.430111 -0.432287 -0.331985
0.201098 1.969427 -0.143336 -0.207353 -0.288115 -0.323209 -0.381841 -0.459778 -0.619177 -0.657506 -0.686414 -0.601153 -0.680963 -0.677893 -0.586737 -0.493058 -0.436524 1.082856 -0.059774 -0.270425 -0.235561 -0.244787 -0.214995 -0.202983 -0.338159 -0.435514 -0.539565 -0.528178 -0.598336 -0.635107 -0.588801 -0.486865 0.313652 1.672493 0.120596 -0.204682 -0.387888 -0.466258 -0.556645 -0.604033 -0.654510 -0.678372 -0.708379 -0.558109 -0.622401 -0.602030 -0.553866 -0.357301
0.289964 -0.001414 -0.046141 0.137392 0.551679 0.810605 1.137729 1.051161 1.270940 1.022140 0.717669 0.080470 -0.185268 -0.403641 -0.452122 -0.421816 0.061005 -0.314965 -0.344664 -0.260652 0.006216 0.361752 0.752688 1.078297 1.302963 1.730298 2.311176 1.264249 0.200868 -0.274695 -0.373684 -0.347188 0.097488 -0.209759 -0.144117 0.165426 0.527122 0.740747 1.098115 1.428066 1.182246 0.793956 0.443438 -0.093815 -0.385211 -0.394757 -0.338576 -0.234138
0.679780 0.496372 -0.086271 -0.144849 0.086208 0.702517 1.510682 1.864838 2.108586 1.787973 1.454757 0.507446 -0.014175 -0.452305 -0.495593 -0.467706 -0.202955 0.192209 -0.023667 0.197892 0.474219 0.957067 1.397897 1.833728 2.064967 1.871032 1.255745 0.297817 -0.273183 -0.577010 -0.583654 -0.507104 -0.147750 0.352698 0.083633 0.520619 1.044330 1.363466 1.543586 1.483052 1.117381 0.585391 0.089680 -0.306501 -0.517461 -0.553847 -0.529823 -0.343944
-0.344149 0.624233 0.385689 0.487500 0.564953 0.796638 1.239770 1.232095 1.314150 1.305976 1.478121 0.974823 1.375223 1.531997 0.665845 0.199039 -0.374192 0.421724 0.444658 0.633307 0.416686 0.440729 0.718388 0.938568 1.131297 1.395511 1.986209 1.795664 1.946310 1.242176 0.485412 0.167793 0.261154 1.632641 1.043277 1.069753 0.723914 0.557107 0.576631 0.545371 0.414996 0.467140 0.742907 0.713414 1.226518 1.342681 0.820931 0.339589
-0.008733 0.135554 -0.224181 -0.328629 -0.445779 -0.504388 -0.526549 -0.515618 -0.379120 -0.050114 -0.230254 8.692090 -0.049155 -0.620774 -0.599019 -0.494342 0.430633 0.194560 -0.143650 -0.330821 -0.446082 -0.525486 -0.557469 -0.469814 -0.247367 -0.405987 -0.507106 7.985586 -0.301471 -0.697971 -0.654845 -0.514100 -0.489200 -0.101296 -0.131156 -0.357917 -0.487238 -0.521313 -0.538381 -0.431207 0.066512 -0.197844 -0.265480 10.705082 0.255395 -0.439234 -0.577362 -0.359631
0.449788 5.388543 0.910998 0.581966 0.438998 0.368491 0.467545 0.337506 0.481919 0.441897 0.600987 0.092337 0.018992 -0.192694 -0.399278 -0.425025 0.045527 2.833273 1.232809 0.321747 0.057161 0.078631 0.097302 0.143889 0.310832 0.524662 0.978848 0.943549 1.423454 0.982948 1.146545 0.927271 -0.006986 0.708449 1.968464 0.920163 0.425808 0.233513 0.268822 0.472263 0.789095 0.905573 1.293684 0.955061 1.378122 2.152098 1.047150 0.198875
-0.371969 -0.682072 -0.482164 -0.497796 -0.578517 -0.543830 -0.443999 -0.328548 -0.304855 -0.340959 -0.345963 -0.381352 -0.422513 -0.455605 -0.416408 -0.443959 -0.518695 -0.698624 -0.770131 -0.665966 -0.611250 -0.671004 -0.680019 -0.648155 -0.651163 -0.611511 -0.477867 -0.357287 -0.212101 0.128980 0.875162 0.998359 0.032126 -0.221510 -0.235377 -0.361730 -0.538791 -0.613256 -0.676548 -0.694380 -0.672418 -0.660641 -0.665822 -0.481186 -0.512085 -0.521630 -0.559057 -0.357767
1.050900 2.543721 2.056794 0.883237 0.872021 0.717040 0.404308 0.527908 0.673760 0.604788 0.559821 0.504542 0.647175 0.562631 0.639503 0.475664 1.519539 1.490959 1.145584 1.330766 1.806598 1.316904 0.872080 1.185230 0.949809 0.832045 1.037696 0.547887 0.200868 -0.099876 -0.355328 -0.390790 1.028449 0.705091 2.795352 1.260442 1.159573 0.825275 0.553386 0.641464 0.812730 0.901363 1.346048 0.514824 -0.080068 -0.219987 -0.186944 -0.266754
0.115724 -0.462103 0.029715 -0.059110 -0.366504 -0.354795 -0.076166 1.085788 2.138720 2.835971 0.566496 0.575747 1.107166 0.525721 -0.171741 -0.222317 0.255457 -0.415706 0.202348 -0.045518 -0.305811 -0.316012 0.010368 1.321416 1.959392 2.174273 0.374010 0.177056 0.459032 0.677101 0.258287 -0.209510 0.098534 -0.360336 0.201935 -0.084920 -0.251839 0.071253 1.378348 2.049356 1.192762 0.364835 0.697899 0.230272 0.063794 0.204251 0.019057 -0.200280
-0.106272 0.166381 0.656625 0.901689 1.392136 1.166058 1.127040 0.699725 0.557000 0.119787 -0.036525 -0.013082 -0.121652 -0.248576 -0.316376 -0.374963 1.529811 1.434462 1.673901 1.440027 1.082033 0.622990 0.128269 -0.014647 -0.053290 -0.265572 -0.341835 -0.467622 -0.551397 -0.757304 -0.652787 -0.513101 -0.075486 0.872675 1.995613 2.238724 1.270771 0.627671 -0.045483 -0.459938 -0.625981 -0.751593 -0.859164 -0.640241 -0.702611 -0.685566 -0.597853 -0.358854
-0.487641 -0.675429 0.426935 0.485082 0.421964 0.450470 0.335143 0.237309 0.045322 0.077506 0.337721 0.679020 1.704901 2.314335 3.122850 7.566290 -0.520524 -0.689528 0.317085 0.716898 2.308538 0.336073 0.043615 0.050675 0.153948 0.306923 0.701951 1.253473 1.989052 1.814313 2.286117 5.859317 -0.529672 -0.829950 0.565002 0.950888 0.485914 0.992355 0.743457 0.508065 0.502977 0.790384 1.351827 1.306270 2.087326 2.889953 3.451678 4.656985
-0.484487 -0.265198 0.376984 0.916408 1.204900 0.647521 0.366132 0.258874 0.222453 0.106880 -0.090485 -0.234271 -0.334611 -0.275176 -0.233635 -0.367475 0.128824 0.656251 0.938934 0.617149 0.215052 0.319195 0.356000 0.393185 0.275545 0.095238 -0.105821 -0.301182 -0.278002 -0.535336 -0.625168 -0.509977 -0.267911 1.097263 1.610892 1.215699 0.311431 -0.041081 -0.193251 -0.340595 -0.454498 -0.529889 -0.551989 -0.396908 -0.309947 -0.459477 -0.585558 -0.359476
0.708389 -0.209664 -0.546872 -0.576806 -0.670697 -0.639459 -0.599666 -0.479326 -0.374931 -0.249944 -0.097161 -0.070651 -0.087941 -0.189395 -0.298923 -0.412189 0.593850 -0.314717 -0.534852 -0.620294 -0.672384 -0.626993 -0.576066 -0.474720 -0.409496 -0.316130 -0.197501 -0.159924 -0.160499 -0.150379 -0.061129 -0.074830 -0.118886 -0.228809 -0.581536 -0.685637 -0.674378 -0.610846 -0.540980 -0.423251 -0.247822 -0.062882 0.203863 0.221538 0.295392 0.266119 -0.087495 -0.288342
-0.483248 0.850622 0.455175 -0.334885 -0.565981 -0.661124 -0.696587 -0.611783 -0.596397 -0.578063 -0.572374 -0.507475 -0.609010 -0.591287 -0.439678 -0.433690 -0.519539 0.117952 0.669892 -0.240389 -0.543834 -0.624813 -0.682212 -0.656696 -0.666517 -0.639233 -0.539565 -0.464811 -0.516582 -0.480947 -0.270414 -0.166657 -0.334841 0.258469 0.859797 -0.321865 -0.552084 -0.670968 -0.715313 -0.709674 -0.656176 -0.625688 -0.614160 -0.500033 -0.566060 -0.521345 -0.433653 -0.302320
-0.451599 0.150631 -0.247007 -0.354756 -0.211642 0.186043 0.484611 0.436038 0.279352 -0.002493 -0.280876 -0.278585 -0.413813 -0.487566 -0.544397 -0.493379 -0.520242 -0.517871 -0.258779 -0.387960 -0.344345 -0.148610 0.191518 0.403179 0.714913 0.768742 0.407585 -0.076879 -0.414155 -0.495957 -0.539910 -0.508103 -0.529044 -0.803382 -0.257672 -0.366159 -0.184392 0.322552 0.475135 0.301028 0.345133 0.383204 0.091081 -0.204908 -0.368223 -0.498251 -0.555505 -0.355748
-0.124518 1.209201 0.448115 -0.209141 -0.482355 -0.613111 -0.608649 -0.448119 -0.412217 -0.430638 -0.434413 -0.508738 -0.671358 -0.630466 -0.495916 -0.365443 -0.106151 0.779827 0.519662 -0.121942 -0.417353 -0.582660 -0.599225 -0.538770 -0.470437 -0.425105 -0.492982 -0.471370 -0.407938 -0.623099 -0.534764 -0.319452 -0.083747 1.191347 0.409897 -0.217354 -0.475968 -0.494372 -0.549570 -0.574242 -0.523424 -0.552595 -0.608205 -0.466782 -0.576382 -0.545579 -0.424364 -0.289119
-0.471535 -0.669756 -0.280396 0.243055 0.366877 0.089065 -0.163566 -0.339155 -0.505992 -0.554475 -0.415638 -0.178721 -0.058217 0.135995 0.788016 0.902261 -0.490835 -0.587239 -0.158327 0.534601 0.475981 0.058765 -0.211661 -0.416666 -0.647062 -0.655590 -0.547742 -0.362674 -0.186144 -0.020765 0.727976 1.388280 -0.312043 -0.575217 -0.218682 0.226652 0.111692 -0.115353 -0.177009 -0.114728 -0.095913 -0.130873 0.109994 0.291258 0.318402 0.022068 -0.074381 -0.211773
-0.434141 0.146675 0.293325 0.112580 0.059513 0.016371 0.008808 0.000447 0.034902 0.034336 -0.096604 -0.273282 -0.407651 -0.486123 -0.443072 -0.474873 -0.516443 -0.259025 0.008756 -0.302089 -0.440872 -0.379242 -0.179730 0.033050 0.235585 0.448931 0.684977 0.649321 0.569229 0.084127 -0.257891 -0.379171 -0.488677 -0.026044 -0.085713 -0.207542 -0.021179 0.121797 0.170936 0.276363 0.281100 0.207550 0.095984 -0.165680 -0.379620 -0.476583 -0.524086 -0.357457
-0.487866 -0.794781 -0.763185 -0.071411 -0.322553 -0.474073 -0.571282 -0.571196 -0.612537 -0.589968 -0.598102 -0.521615 -0.613360 -0.607165 -0.495593 -0.400208 -0.497589 -0.258901 -0.203251 -0.520090 -0.604126 -0.624813 -0.647035 -0.625988 -0.653356 -0.659945 -0.652183 -0.587094 -0.644187 -0.656120 -0.545057 -0.399035 -0.401772 -0.094946 -0.261192 -0.533748 -0.640337 -0.681287 -0.701958 -0.695883 -0.667316 -0.667784 -0.683686 -0.534970 -0.589715 -0.514502 -0.465072 -0.350623
-0.210343 -0.566452 -0.667795 -0.671220 -0.813170 -0.782148 -0.756501 -0.650705 -0.627655 -0.624015 -0.603109 -0.507602 -0.634203 -0.618918 -0.505289 -0.414221 -0.173267 -0.509579 -0.631062 -0.736201 -0.787603 -0.755957 -0.724846 -0.649337 -0.639814 -0.683524 -0.656519 -0.579129 -0.656310 -0.659299 -0.539910 -0.440389 -0.220536 -0.625214 -0.715092 -0.809717 -0.802105 -0.763405 -0.717190 -0.634355 -0.556222 -0.562800 -0.553390 -0.431998 -0.524988 -0.501102 -0.408517 -0.286944
0.709628 0.281329 -0.463001 -0.515616 -0.566866 -0.467248 -0.259589 -0.090809 0.184861 0.420757 0.774133 0.743786 1.189450 1.335278 1.254401 0.590015 0.675317 0.124078 -0.425304 -0.557748 -0.554560 -0.437626 -0.261927 -0.094052 0.058769 0.314145 0.603705 0.644284 0.942875 1.103379 1.401289 1.128041 0.034950 0.406856 0.045177 -0.243538 -0.230455 -0.150449 -0.003542 0.181243 0.347215 0.446092 0.677584 0.447555 0.621394 0.787864 0.380789 -0.194999
-0.468156 -0.705286 -0.183944 -0.082030 -0.368495 -0.564781 -0.616823 -0.525787 -0.477083 -0.366438 -0.200909 -0.048810 0.149667 0.496852 1.069851 0.548404 -0.489850 -0.662981 -0.202638 0.074624 -0.287042 -0.531462 -0.596857 -0.526778 -0.520315 -0.428185 -0.301198 -0.144346 -0.028386 0.205971 0.965223 0.965626 -0.414321 -0.769807 -0.435285 -0.141157 -0.257387 -0.412562 -0.431832 -0.373746 -0.227103 -0.061734 0.187401 0.361745 0.695583 0.829774 0.322868 0.001938
-0.431100 -0.422468 -0.302425 0.366329 1.353125 0.900917 1.089763 1.842221 2.638447 2.869907 2.628812 1.604556 1.862763 2.882015 6.847304 3.908230 -0.430614 -0.487055 -0.280376 0.359406 1.274627 1.128507 1.019456 1.574710 2.977655 3.410287 2.833131 1.350690 1.494795 1.949225 8.075235 3.303404 -0.408046 -0.826519 -0.557321 -0.298260 0.260109 0.804576 1.069096 2.048826 3.394142 4.821489 7.320363 3.743430 8.059650 4.810999 2.308837 2.653290
-0.441012 0.089500 0.012091 -0.424778 -0.736919 -0.868571 -0.928875 -0.862409 -0.887734 -0.801704 -0.748718 -0.580448 -0.628947 -0.606958 -0.492361 -0.485570 -0.227860 0.027049 -0.149566 -0.444643 -0.666945 -0.783897 -0.879416 -0.870106 -0.870608 -0.853148 -0.794534 -0.640036 -0.614500 -0.572419 -0.465803 -0.488614 0.218695 0.105702 -0.352026 -0.643193 -0.744426 -0.800109 -0.834351 -0.838829 -0.792467 -0.762563 -0.749183 -0.527462 -0.576167 -0.531038 -0.552226 -0.354350
-0.482572 -0.657291 -0.355030 0.018114 0.508170 0.902663 1.276599 1.705995 2.910274 4.315342 5.518891 4.387984 5.242556 4.256572 2.222724 0.979494 -0.516584 -0.541324 -0.128471 0.336798 0.833514 1.051952 1.382282 1.391735 1.571333 2.059881 3.694920 4.638036 6.166611 5.353797 3.193417 0.920275 -0.425197 -0.298806 0.180440 0.958513 1.857101 2.501080 2.936954 3.207071 2.953824 2.543859 2.188063 1.257235 1.259205 1.336693 0.941417 0.280415
1.094263 -0.110839 -0.580580 -0.540639 -0.532280 -0.363604 -0.296148 -0.217130 0.094457 0.379367 0.089475 -0.097164 -0.164787 -0.324046 -0.377300 -0.405877 1.399378 -0.163667 -0.526760 -0.555924 -0.481781 -0.312701 -0.241750 -0.188083 0.148131 0.224925 0.121272 -0.358341 -0.409182 -0.455696 -0.417942 -0.405907 0.744726 -0.230706 -0.535079 -0.638596 -0.543877 -0.396126 -0.266233 -0.145226 0.467056 0.526202 0.055179 -0.231417 -0.217049 -0.152987 -0.210713 -0.225440
0.085201 0.995875 0.414301 0.102697 -0.017696 -0.198614 -0.316268 -0.446716 -0.585569 -0.671302 -0.709222 -0.573630 -0.603936 -0.549015 -0.450506 -0.471557 -0.518976 -0.538168 -0.117980 0.087198 0.222176 0.196288 0.141077 0.061214 -0.046042 -0.148842 -0.226120 -0.348502 -0.455810 -0.520856 -0.406106 -0.202388 0.188994 0.943840 0.248018 -0.015283 -0.192021 -0.302700 -0.400069 -0.450921 -0.472406 -0.506673 -0.494898 -0.447168 -0.506924 -0.467745 -0.501956 -0.351865
-0.333674 -0.213695 -0.513324 -0.549996 -0.648058 -0.644141 -0.673862 -0.682790 -0.694667 -0.618229 -0.653871 -0.599638 -0.703619 -0.681398 -0.552477 -0.471450 -0.260222 -0.283653 -0.513422 -0.648896 -0.733058 -0.699914 -0.642298 -0.563936 -0.631517 -0.633285 -0.575742 -0.550315 -0.665325 -0.683138 -0.608357 -0.498608 -0.152560 -0.066115 -0.369733 -0.567613 -0.684030 -0.750986 -0.763101 -0.782871 -0.770810 -0.770855 -0.799620 -0.600860 -0.694440 -0.694689 -0.606869 -0.359942
-0.467029 6.178850 2.867318 0.857321 0.791936 0.395950 0.203549 -0.333545 -0.486686 -0.563487 -0.484619 -0.504445 -0.609554 -0.590668 -0.615502 -0.494663 -0.045367 5.701811 1.706994 1.173032 0.475904 -0.075770 -0.151219 -0.064707 0.111223 -0.126643 -0.246438 -0.237229 -0.278934 0.283845 -0.639406 -0.514350 -0.494951 5.004899 2.545200 1.316959 0.437078 0.112034 -0.027941 -0.104826 -0.022093 -0.189935 -0.384742 -0.324429 -0.275325 0.028340 -0.591569 -0.358544
-0.484375 -0.707898 0.386539 0.018639 -0.167175 -0.270276 -0.400255 -0.517459 -0.636747 -0.642708 -0.658321 -0.569338 -0.773578 -0.765942 -0.616148 -0.494663 -0.520524 -0.703637 -0.127188 0.182972 -0.108467 -0.213859 -0.267015 -0.387411 -0.522414 -0.584533 -0.628519 -0.542936 -0.554817 -0.579306 -0.475924 -0.452882 -0.532391 -0.860313 -0.792911 -0.239164 -0.345814 -0.338105 -0.244288 -0.100230 -0.106742 -0.156768 -0.224325 -0.247047 -0.278336 -0.156409 -0.095964 -0.082086
-0.351695 -0.200260 -0.562001 -0.621385 -0.648352 -0.457724 -0.578917 -0.548053 -0.624386 -0.595643 -0.649837 -0.531842 -0.552463 -0.483648 -0.474908 -0.451126 -0.453971 -0.268369 -0.526313 -0.666683 -0.633620 -0.405002 -0.539398 -0.519510 -0.609200 -0.610661 -0.688235 -0.577841 -0.574556 -0.537808 -0.507145 -0.458005 -0.434400 -0.276398 -0.576522 -0.740304 -0.659236 -0.530705 -0.627533 -0.541798 -0.520717 -0.507438 -0.570027 -0.423111 -0.426929 -0.316353 -0.367809 -0.336023
-0.484600 -0.713496 -0.721834 -0.598517 -0.584195 -0.290910 0.417333 0.871805 1.101266 1.233543 1.233630 0.106351 -0.491747 -0.204036 -0.382633 -0.456795 -0.519820 -0.644603 -0.682013 -0.628960 -0.607113 -0.634988 -0.440796 -0.137024 0.762407 1.686963 2.047535 1.311920 0.177243 -0.335088 -0.568902 -0.477994 -0.476859 -0.602880 -0.299168 0.342602 0.455399 0.302162 0.388654 0.122455 -0.317894 -0.676331 -0.684036 -0.455749 -0.264788 -0.355413 -0.498677 -0.354816
2.936457 1.200319 1.442996 1.207744 3.775753 5.689333 3.370599 1.301699 -0.191773 -0.555254 -0.725493 -0.583857 -0.639459 -0.522209 -0.259007 0.846209 3.068687 0.384410 0.685351 1.708456 0.917937 2.989632 5.302752 5.188878 2.652444 -0.012145 -0.624059 -0.598104 -0.622116 -0.598200 -0.389123 1.265219 2.116487 0.456562 0.708265 1.836881 2.265076 3.073255 5.000441 2.712814 0.051623 -0.222463 -0.312239 -0.298533 -0.283497 -0.200600 -0.320544 -0.331053
-0.437858 -0.681102 -0.718967 -0.679473 -0.615242 -0.392887 -0.468701 -0.620287 -0.711113 -0.688993 -0.645248 -0.494977 -0.422875 -0.196612 -0.046984 -0.143479 -0.431036 -0.603143 -0.660248 -0.588500 -0.373916 -0.435527 -0.660895 -0.720746 -0.761124 -0.752988 -0.692323 -0.532160 -0.436381 -0.249267 -0.122542 -0.268853 -0.447786 -0.731049 -0.719359 -0.637082 -0.439210 -0.516308 -0.691997 -0.725409 -0.668149 -0.618035 -0.529048 -0.325502 -0.164364 0.108170 -0.136400 -0.235536
-0.094333 0.177652 -0.071567 -0.108472 -0.168429 -0.221391 -0.311328 -0.323902 -0.246424 -0.258623 -0.226221 -0.180615 0.180297 0.671713 1.251492 2.920147 -0.502654 -0.409580 -0.023165 0.069411 0.110404 0.014997 -0.133675 -0.225241 -0.230868 -0.227972 -0.282367 -0.235941 0.123776 0.039097 0.215401 4.485411 -0.399471 0.051106 -0.052590 -0.091144 -0.239355 -0.275389 -0.326077 -0.250690 -0.136728 -0.140823 -0.048671 0.166680 0.343992 0.665838 1.270909 4.985628
-0.487866 -0.789706 1.015943 3.127553 1.461160 0.310797 -0.208299 -0.506502 -0.680876 -0.720704 -0.736897 -0.615419 -0.666464 -0.675006 -0.605483 -0.494663 -0.520102 -0.507166 3.817138 1.682395 0.728713 0.042534 -0.358599 -0.546765 -0.688452 -0.748102 -0.762818 -0.662174 -0.691126 -0.658239 -0.568558 -0.497734 -0.411288 1.583957 4.487582 0.372991 -0.389333 -0.638775 -0.744188 -0.799137 -0.788406 -0.772385 -0.791214 -0.585997 -0.640464 -0.581787 -0.577362 -0.359476
-0.441124 -0.408585 1.411465 3.799329 5.410725 4.707492 4.100787 3.089035 2.289292 1.498908 1.271458 0.737852 1.049532 1.448278 1.878510 1.758878 -0.504343 -0.525359 0.819899 3.890222 5.729041 4.497865 3.120181 2.557452 2.555262 2.720745 2.300522 1.615753 1.459980 1.229108 1.934450 3.232691 -0.391941 -0.391502 0.935162 4.480396 5.176846 4.026117 3.279051 2.621406 1.907745 1.473354 1.696129 1.238081 1.417044 1.914319 2.564562 0.984294
-0.073834 -0.075683 0.466588 0.992002 1.675311 0.978372 0.357329 -0.167163 -0.407313 -0.449553 -0.377115 -0.284140 -0.210279 -0.084231 -0.016118 -0.219535 -0.029890 -0.202404 0.352299 1.363929 2.019877 1.343715 0.532062 -0.181087 -0.506582 -0.525690 -0.457921 -0.355412 -0.296808 -0.308247 -0.206599 -0.323950 0.327980 0.533201 0.510598 1.041775 1.013930 0.372973 0.043163 -0.232479 -0.363706 -0.368140 -0.283343 -0.203835 -0.241349 -0.225974 -0.187217 -0.282285
-0.487078 -0.764477 -0.313095 -0.490068 -0.562146 -0.494468 -0.420286 -0.354847 -0.303323 -0.306912 -0.330665 -0.418469 -0.568050 -0.654179 -0.577202 -0.491667 -0.520524 -0.706112 -0.524583 -0.519308 -0.687016 -0.626751 -0.512993 -0.389592 -0.331960 -0.235619 -0.138405 -0.153716 -0.247693 -0.437684 -0.503715 -0.472122 -0.531031 -0.835497 -0.605644 -0.489846 -0.516309 -0.509696 -0.453199 -0.360574 -0.259067 -0.203711 -0.186672 -0.258846 -0.372954 -0.443511 -0.494032 -0.336800
-0.487866 -0.796871 -0.818604 -0.566293 2.615544 2.007511 2.837937 2.746015 2.952462 2.252390 2.728806 1.988482 2.958912 1.010713 -0.387966 -0.488672 -0.520524 -0.707968 -0.765610 1.989850 2.342016 2.279648 1.892397 1.455877 1.386793 1.377349 2.605295 1.137867 1.405736 3.091028 0.378197 -0.478119 -0.532391 -0.860532 -0.871157 0.234390 3.484955 3.585926 2.748399 1.990569 1.384965 1.294001 1.778789 0.621781 -0.132538 -0.400460 -0.533648 -0.359942
-0.087125 0.940864 0.890190 0.194482 0.051475 0.155013 0.339005 0.479518 0.744960 0.659753 0.577344 0.244215 0.177578 0.054338 -0.260623 -0.362340 0.226191 0.518320 0.196432 0.106353 0.154684 0.069102 0.159937 0.421622 0.596273 0.821849 1.220065 0.896698 0.715641 0.376729 -0.099212 -0.297339 2.569314 2.366258 0.460567 0.069436 0.034015 0.050677 0.136430 0.136246 -0.019595 -0.127939 -0.158477 -0.268346 -0.444777 -0.505379 -0.544303 -0.352953
3.604247 -0.242134 0.302402 0.546797 1.171642 0.984959 1.191534 0.920370 0.681319 0.537473 0.751325 0.597715 1.343868 0.855854 0.664229 0.494919 4.560569 -0.319606 0.263456 0.306697 0.939464 1.123096 1.421144 1.259365 0.962111 0.784249 0.636164 0.542968 1.223109 0.596932 0.579590 0.509490 4.992615 1.887812 0.999487 1.027422 0.819218 0.411715 0.028942 -0.104031 -0.078734 0.009701 0.191954 0.164688 1.067818 0.483085 0.133806 -0.079601
0.701518 -0.172642 -0.422870 -0.454479 -0.594888 -0.601445 -0.580264 -0.500541 -0.445110 -0.339290 -0.222187 -0.203719 -0.224416 -0.203623 -0.293913 -0.267886 1.606354 -0.190770 -0.420114 -0.538397 -0.612399 -0.597922 -0.577909 -0.544766 -0.490465 -0.397171 -0.356702 -0.320039 -0.311263 -0.296062 -0.303865 -0.286594 1.852844 -0.114069 -0.510597 -0.655528 -0.685417 -0.669979 -0.640743 -0.578308 -0.457830 -0.390718 -0.312414 -0.238159 -0.233823 -0.155268 -0.055802 -0.281664
-0.467818 -0.739323 -0.619596 -0.227487 -0.029274 0.349842 0.771333 0.814211 0.819939 0.487182 0.231469 -0.089968 -0.260483 -0.404672 -0.509491 -0.472306 -0.503780 -0.673996 -0.620793 -0.313882 -0.204305 0.033974 0.394774 0.580431 0.815910 1.081755 0.943415 0.186075 -0.242564 -0.543459 -0.577993 -0.493111 -0.397170 -0.596530 -0.194521 0.220821 0.422282 0.423146 0.401864 0.152866 -0.108095 -0.197971 -0.270909 -0.353390 -0.536600 -0.615430 -0.584738 -0.359786
-0.285243 -0.494423 -0.442617 -0.253666 -0.251464 -0.418124 -0.539663 -0.651670 -0.741963 -0.722818 -0.714646 -0.577670 -0.618435 -0.605515 -0.511915 -0.435508 -0.334373 -0.514777 -0.578660 -0.550711 -0.442021 -0.406456 -0.397197 -0.433837 -0.575248 -0.604501 -0.604484 -0.539071 -0.538652 -0.499842 -0.359102 -0.285470 -0.225870 -0.556239 -0.556040 -0.517320 -0.446955 -0.478677 -0.499905 -0.522261 -0.552369 -0.584868 -0.589292 -0.441499 -0.453379 -0.427260 -0.476547 -0.352487
-0.392242 -0.715960 -0.725603 -0.666909 -0.776003 -0.746277 -0.723804 -0.637907 -0.611617 -0.483043 -0.441923 -0.410642 -0.430125 -0.382815 -0.358231 -0.393469 -0.415277 -0.647202 -0.706679 -0.744671 -0.762246 -0.700075 -0.656071 -0.614813 -0.615685 -0.547039 -0.508221 -0.459657 -0.445862 -0.475473 -0.433553 -0.435516 -0.529462 -0.838271 -0.843582 -0.943216 -0.942836 -0.882227 -0.806847 -0.709497 -0.529984 -0.298618 -0.002613 0.135421 0.216473 0.418651 0.377237 0.017314
-0.487078 -0.793811 -0.276998 4.768171 2.622992 1.817285 1.812854 0.874786 0.582947 0.579531 0.222290 -0.103098 -0.421969 -0.317860 0.136758 3.661450 -0.519398 -0.703822 0.050388 2.195537 2.876515 5.325507 1.960032 1.198676 0.541340 0.985312 0.043344 -0.208298 -0.480212 -0.378881 0.172515 4.272022 -0.531031 -0.845862 0.449366 1.615299 4.121740 1.266208 1.185390 1.141555 1.316768 1.330101 0.425050 -0.250571 -0.236188 0.104179 1.110535 5.148552
-0.471985 -0.439487 -0.419526 -0.569815 -0.812285 -0.806987 -0.710510 -0.570407 -0.683226 -0.715252 -0.661937 -0.556334 -0.628585 -0.627373 -0.579626 -0.489421 -0.513489 -0.443367 -0.392992 -0.597882 -0.772741 -0.809093 -0.831343 -0.723290 -0.593273 -0.448366 -0.604484 -0.614268 -0.659108 -0.728697 -0.644896 -0.513226 0.401603 -0.203116 -0.555720 -0.610281 -0.811006 -0.822662 -0.820058 -0.818497 -0.790801 -0.797898 -0.846555 -0.636717 -0.717234 -0.698681 -0.607415 -0.359942
-0.483023 -0.076951 0.153027 -0.368319 -0.503077 -0.606762 -0.698564 -0.697692 -0.752996 -0.708131 -0.704771 -0.597239 -0.668639 -0.560769 -0.206324 2.503498 -0.519820 -0.676842 0.382881 -0.318573 -0.438191 -0.517249 -0.616682 -0.642341 -0.690455 -0.703174 -0.652059 -0.560271 -0.607195 -0.601909 -0.257891 3.017053 -0.531972 -0.828782 0.233671 -0.446281 -0.542490 -0.567779 -0.613745 -0.620741 -0.585375 -0.555657 -0.508032 -0.403344 -0.468217 -0.370523 0.193912 3.872809
1.273346 0.452109 -0.375255 -0.449117 -0.467607 -0.274244 -0.005384 0.252211 0.691228 1.341580 2.622137 2.935607 4.213648 3.296898 0.917298 -0.162306 1.703017 0.389237 -0.338693 -0.555142 -0.606577 -0.519753 -0.266138 0.089378 0.503097 1.163646 2.295938 2.948448 3.934528 3.227352 1.335073 0.048606 0.736255 0.425615 -0.299115 -0.331901 -0.170926 0.101777 0.614890 1.442387 2.164397 2.702164 3.060901 1.591741 1.104805 0.569472 -0.148148 -0.341615
-0.118549 1.204573 -0.396435 -0.535593 -0.692746 -0.669298 -0.369984 -0.165234 -0.345001 -0.250056 0.047058 -0.256870 0.091670 0.526339 -0.457293 -0.490170 -0.253327 0.909096 -0.307218 -0.564915 -0.637910 -0.648393 -0.610279 -0.466725 -0.299439 -0.145443 0.026371 0.106896 0.011714 0.234754 -0.393411 -0.508478 -0.474872 0.934205 -0.292128 -0.630746 -0.615023 -0.584524 -0.553613 -0.441639 -0.373910 -0.194527 0.374087 0.516510 0.919655 0.562059 -0.328740 -0.353884
-0.372645 -0.585262 -0.616942 -0.641992 -0.819954 -0.853730 -0.877675 -0.788860 -0.791813 -0.726935 -0.624665 -0.454703 -0.461661 -0.426530 -0.247856 -0.379135 -0.424142 -0.563477 -0.590212 -0.704341 -0.803538 -0.815876 -0.833887 -0.784342 -0.773045 -0.736631 -0.647103 -0.499716 -0.459229 -0.361929 -0.450193 -0.412903 -0.500076 -0.733093 -0.705331 -0.786841 -0.797192 -0.766927 -0.731267 -0.671396 -0.576213 -0.515730 -0.521167 -0.437361 -0.409081 -0.287557 -0.469170 -0.256814
-0.438308 -0.236909 0.854306 0.307715 1.255710 2.155041 2.117091 1.822234 2.221668 2.230471 1.862797 0.608572 0.337071 0.311887 0.234527 -0.337737 -0.481408 -0.384518 0.777766 0.356669 0.593269 1.594858 2.349965 2.375931 2.265338 2.195941 2.415121 0.913916 0.403855 0.347063 0.208196 -0.326573 -0.498925 -0.534708 0.657488 0.568558 0.762695 1.403629 1.690993 2.124321 2.084330 2.246128 3.226222 1.278688 0.915355 0.680093 0.563293 -0.270015
-0.285355 1.721169 1.031656 1.476423 3.283661 2.429705 1.203301 0.818068 0.939559 1.020026 1.148935 0.283858 0.189178 0.147542 -0.108555 -0.297196 0.403337 1.980435 1.156745 2.461816 3.391786 2.315906 1.285874 0.837450 0.665321 0.467306 -0.011912 -0.106630 -0.152261 -0.213420 -0.327538 -0.422523 3.958958 1.869930 1.661349 2.322883 2.096025 1.224315 0.690038 0.227212 -0.039169 -0.083675 -0.148670 -0.202456 -0.358761 -0.518779 -0.588837 -0.359476
0.169336 0.682603 0.188327 -0.254928 -0.383539 -0.407013 -0.413728 -0.304441 0.019069 0.397391 0.850345 0.501007 0.347220 0.084444 -0.247533 -0.393148 0.402352 0.597589 0.266804 -0.201884 -0.319601 -0.363656 -0.463341 -0.497614 -0.555793 -0.457501 -0.156245 0.268886 1.239118 1.556851 0.271496 -0.267104 0.203322 0.329269 0.071952 -0.208999 -0.326915 -0.351081 -0.293087 -0.146022 0.084108 0.443796 0.885461 0.604465 0.472156 0.304608 -0.060447 -0.226683
1.062388 -0.061575 -0.508759 -0.615550 -0.811105 -0.852143 -0.895550 -0.828746 -0.851879 -0.797699 -0.755116 -0.573883 -0.547026 -0.367555 -0.149440 0.219043 -0.482112 0.186640 -0.082710 -0.598403 -0.751674 -0.804732 -0.850993 -0.836582 -0.844668 -0.837110 -0.808905 -0.652452 -0.619785 -0.514675 -0.158052 0.426783 0.298175 0.650714 -0.578762 -0.774450 -0.820079 -0.802210 -0.790966 -0.780042 -0.740408 -0.713452 -0.707853 -0.506622 -0.537460 -0.392477 -0.120827 0.188314
-0.487866 -0.796349 -0.726293 -0.518455 0.139525 0.183027 -0.449209 -0.529995 -0.522745 -0.172838 0.686238 1.545093 1.125834 1.307853 0.124799 -0.057475 -0.520524 -0.707721 -0.682794 -0.087476 0.365128 -0.199484 -0.504922 -0.516148 -0.390899 0.042556 1.224772 1.201702 0.082277 0.391916 -0.370081 -0.160660 -0.532286 -0.857686 -0.511877 -0.024366 -0.137636 -0.448030 -0.439051 -0.171658 0.532442 2.052361 0.257978 0.094202 0.328079 -0.316923 -0.254973 -0.053664
-0.373658 0.841142 0.292263 0.091763 -0.000367 -0.127984 -0.067273 -0.101679 -0.171853 -0.272309 -0.307578 -0.325550 -0.487035 -0.462409 -0.323486 -0.409407 -0.375317 0.742266 0.398563 0.122185 -0.124861 -0.006726 0.014403 -0.033544 -0.197966 -0.298817 -0.388666 -0.429204 -0.535855 -0.484656 -0.436641 -0.499858 -0.501644 0.400944 0.478542 0.918312 0.251035 -0.192899 -0.391912 -0.525709 -0.587770 -0.599793 -0.627469 -0.494364 -0.489291 -0.275013 -0.336936 -0.351865
2.430969 -0.000369 -0.498567 -0.559722 -0.758526 -0.817542 -0.878124 -0.832604 -0.875373 -0.836975 -0.821454 -0.670590 -0.741498 -0.713360 -0.501411 -0.461716 1.417248 0.004649 -0.607121 -0.713463 -0.668170 -0.600749 -0.640894 -0.642341 -0.664896 -0.702855 -0.695669 -0.605483 -0.627090 -0.645525 -0.539224 -0.396787 1.806306 0.288102 -0.491982 -0.735818 -0.817016 -0.837677 -0.865752 -0.862079 -0.813707 -0.787948 -0.805224 -0.592739 -0.649926 -0.582072 -0.340761 -0.196707
-0.304277 -0.290054 -0.337354 -0.484233 -0.625713 -0.647156 -0.656166 -0.629929 -0.650844 -0.632694 -0.618685 -0.527549 -0.602667 -0.609020 -0.485574 -0.380098 -0.210835 -0.167194 -0.408283 -0.536638 -0.618451 -0.612942 -0.623437 -0.626169 -0.658506 -0.683418 -0.659121 -0.576318 -0.621184 -0.632988 -0.516066 -0.402534 0.139215 -0.100712 -0.426058 -0.618579 -0.682701 -0.684500 -0.697555 -0.700215 -0.670336 -0.660130 -0.685787 -0.525470 -0.569071 -0.502528 -0.482831 -0.330587
-0.478743 -0.344915 -0.528771 -0.596204 -0.721654 -0.708978 -0.716708 -0.633173 -0.570757 -0.428635 -0.320234 -0.247906 -0.045893 0.203836 -0.316376 -0.457651 -0.512081 -0.267007 -0.471010 -0.644466 -0.718273 -0.716953 -0.733355 -0.709935 -0.648015 -0.471202 -0.289305 -0.276819 -0.147599 0.069117 -0.391696 -0.476870 -0.532077 -0.743311 -0.482915 -0.641287 -0.679637 -0.616222 -0.535421 -0.406985 -0.296238 -0.226673 -0.140088 -0.174874 -0.367148 -0.370523 -0.542118 -0.346585
-0.469845 -0.641019 0.066501 0.859003 0.104792 -0.499547 -0.787131 -0.744503 -0.762087 -0.708576 -0.677374 -0.562647 -0.661389 -0.679130 -0.583181 -0.468669 -0.470855 -0.492005 -0.041134 0.154240 0.250904 -0.053482 -0.319298 -0.413577 -0.569622 -0.686286 -0.731845 -0.633945 -0.705891 -0.721104 -0.636490 -0.505855 -0.465356 -0.389167 0.271060 0.527291 -0.333734 -0.618261 -0.729679 -0.749897 -0.685329 -0.644950 -0.599449 -0.439507 -0.475528 -0.475443 -0.485016 -0.331519
-0.369491 -0.582799 -0.551968 -0.505208 -0.537663 -0.414394 -0.382290 -0.305581 -0.344286 -0.414727 -0.366128 -0.289568 -0.288575 -0.398280 1.825343 0.836688 -0.295538 -0.444605 -0.411074 -0.422752 -0.404330 -0.402418 -0.371582 -0.181633 -0.136738 -0.548101 -0.535229 -0.508617 -0.666413 -0.558115 1.939082 0.406668 -0.178600 -0.402816 -0.571935 -0.581126 -0.531393 -0.454888 -0.440855 -0.362253 -0.222313 -0.175520 -0.090002 -0.310792 -0.539180 -0.088838 3.187210 0.698828
-0.362508 4.263692 2.237011 0.568035 0.554702 1.672929 0.409158 0.127907 0.049612 -0.014843 0.309767 0.630413 1.102273 1.825838 2.530415 1.258258 -0.413589 2.792680 2.436716 1.211732 1.666480 1.285330 0.246170 -0.123760 -0.167066 -0.185911 0.043715 0.393277 1.448634 2.868706 3.102841 0.495872 -0.161659 4.320769 2.511971 2.038111 0.817831 -0.047198 -0.278938 -0.096870 0.206343 0.222858 0.474261 0.557117 1.761324 3.483829 2.940774 0.097300
-0.487866 -0.784481 -0.415864 -0.261079 0.012907 0.228500 0.451915 0.238273 0.458015 0.344430 0.613364 0.535600 0.689948 0.607996 0.855081 1.022389 -0.520524 -0.707845 -0.580334 -0.341180 0.103433 0.488454 0.404424 0.445698 0.528179 0.305223 0.434469 0.385312 0.424838 0.426703 0.906897 1.150904 -0.532391 -0.860386 -0.681383 -0.470895 -0.167227 0.120747 0.398688 0.744453 0.854169 0.680170 0.776707 0.561254 0.812565 1.293072 1.900387 1.419792
-0.368928 1.114854 0.678070 0.552895 0.648135 0.758307 1.164227 1.528129 2.181011 2.402486 2.387242 1.338801 1.102998 0.547166 0.122537 0.128118 -0.361529 0.640101 0.284830 0.529063 0.632033 0.843043 1.090337 1.457058 1.955578 2.503431 2.643825 1.675138 1.252174 0.618475 0.304089 0.486502 0.222041 1.261198 0.567082 0.558073 0.528625 0.626126 0.887255 1.546790 2.215415 2.538119 2.688929 1.381660 0.979222 0.760493 0.478052 0.236927
-0.477166 -0.522712 0.005828 -0.504051 -0.693041 -0.796988 -0.875788 -0.846542 -0.894374 -0.844096 -0.821871 -0.661879 -0.737148 -0.688821 -0.545690 -0.455512 -0.520524 -0.706793 -0.367043 -0.612281 -0.685331 -0.640721 -0.586769 -0.592282 -0.704570 -0.737056 -0.739898 -0.646830 -0.687085 -0.688612 -0.557065 -0.440889 -0.528312 -0.837687 -0.424137 -0.513900 -0.529486 -0.618632 -0.706723 -0.749985 -0.739158 -0.742408 -0.778430 -0.599022 -0.676591 -0.646221 -0.559603 -0.353263
-0.479757 -0.744697 -0.749065 -0.744763 -0.881678 -0.842779 -0.829888 -0.710578 -0.457061 -0.570386 -0.523003 -0.374787 -0.155181 0.126303 -0.255452 -0.281578 -0.135418 -0.593489 -0.708018 -0.825460 -0.873252 -0.837033 -0.804675 -0.711842 -0.668711 -0.574549 -0.365746 -0.399219 -0.329914 -0.403250 -0.490506 -0.311456 -0.083120 -0.686088 -0.730827 -0.821155 -0.797481 -0.745981 -0.725636 -0.704370 -0.638163 -0.586909 -0.497349 -0.291637 -0.339408 -0.446647 -0.323549 -0.153220
0.430753 0.687380 0.463243 0.209727 -0.099699 -0.315829 -0.379954 -0.269815 -0.410889 -0.379790 -0.272810 -0.191851 -0.272445 -0.462822 -0.458748 -0.386088 0.537568 0.548332 0.478198 0.404296 0.003382 -0.324975 -0.273770 -0.190536 -0.426949 -0.446773 -0.419638 -0.401796 -0.493423 -0.500548 -0.390838 -0.308833 0.019158 0.594950 0.320664 0.189086 -0.035339 -0.298869 0.001872 -0.202246 -0.383073 -0.323493 -0.311188 -0.373923 -0.556814 -0.535600 -0.403873 -0.253552
-0.478630 0.127940 -0.323446 -0.567765 -0.747464 -0.760959 -0.761531 -0.662715 -0.696199 -0.606547 -0.645109 -0.603299 -0.686763 -0.711504 -0.566698 -0.464283 -0.496182 0.172345 -0.302028 -0.621272 -0.744319 -0.768554 -0.776954 -0.742005 -0.666422 -0.700200 -0.765543 -0.601618 -0.683665 -0.659652 -0.567358 -0.459629 -0.516599 0.065777 -0.348025 -0.618299 -0.679926 -0.684809 -0.767000 -0.763599 -0.670648 -0.662427 -0.710655 -0.554891 -0.608638 -0.587204 -0.516982 -0.336334
-0.484712 -0.652439 -0.612642 -0.426039 -0.153975 0.356984 0.677825 0.043050 -0.341221 -0.503850 -0.382956 -0.323277 -0.345485 -0.346729 -0.573001 -0.494556 -0.512222 -0.563539 -0.605781 -0.606352 -0.530351 -0.396119 -0.303508 -0.073065 0.137163 0.465288 0.516733 0.061684 -0.213344 0.015435 -0.565642 -0.514100 -0.530717 -0.742727 -0.630499 -0.379055 -0.131799 -0.115291 -0.146257 -0.154243 -0.259692 -0.269789 -0.078969 0.252644 0.712356 -0.231106 -0.602770 -0.359942
-0.486852 -0.726036 -0.668220 -0.588582 -0.589505 -0.394475 -0.151350 0.094683 0.411230 0.670545 0.811126 0.339787 0.035303 -0.360544 -0.509976 -0.477654 -0.519398 -0.653390 -0.631173 -0.622379 -0.596005 -0.420345 -0.151307 0.144161 0.372631 0.640754 0.632324 0.195680 -0.110918 -0.454283 -0.555693 -0.494111 -0.497984 -0.634046 -0.526598 -0.477455 -0.326452 -0.136670 0.091241 0.333118 0.289950 0.104862 -0.055852 -0.294089 -0.499183 -0.588060 -0.563974 -0.350623
-0.461173 0.352612 0.469189 -0.116462 -0.078977 0.238738 0.878674 1.535843 2.010315 1.925384 1.495922 0.795296 1.234760 1.124125 -0.140229 -0.431229 -0.430192 0.440041 0.550467 -0.069755 -0.020903 0.323798 0.933662 1.478771 1.693979 1.635449 1.083041 0.502324 0.831279 0.999900 0.105269 -0.427396 -0.443708 0.134168 0.643514 -0.016965 -0.062040 0.280535 0.848851 1.292988 1.695655 1.984497 1.628004 0.794627 1.222218 1.749813 0.572036 -0.240972
-0.021911 -0.235192 -0.467407 -0.480816 -0.583089 -0.655251 -0.734673 -0.699796 -0.712339 -0.651609 -0.632314 -0.510758 -0.515852 -0.567780 -0.498340 -0.431978 -0.094191 -0.311314 -0.482450 -0.581007 -0.594473 -0.628043 -0.662562 -0.670778 -0.697512 -0.660794 -0.635829 -0.549613 -0.526063 -0.439450 -0.333028 -0.356808 -0.055093 -0.337709 -0.569428 -0.671172 -0.678308 -0.640443 -0.639372 -0.651328 -0.595891 -0.533843 -0.488768 -0.370246 -0.402844 -0.393902 -0.413435 -0.272811
0.041951 -0.398434 -0.681066 -0.627693 -0.677924 -0.716834 -0.786592 -0.809899 -0.914600 -0.885820 -0.885706 -0.710864 -0.797864 -0.763261 -0.603220 -0.427699 0.163859 -0.417934 -0.604833 -0.563155 -0.617302 -0.698945 -0.822658 -0.917894 -0.948716 -0.937482 -0.905293 -0.752129 -0.784382 -0.768606 -0.646783 -0.470873 -0.439943 -0.071589 -0.580576 -0.634951 -0.719054 -0.829212 -0.919677 -0.928381 -0.881176 -0.854536 -0.861265 -0.639015 -0.717664 -0.696970 -0.589383 -0.313192
-0.037905 1.698776 2.372479 2.208021 0.259949 -0.272022 -0.405465 -0.369925 -0.188402 0.116338 0.688464 0.898568 1.500098 1.360641 0.501818 0.154646 -0.389106 0.762500 1.520992 3.735680 1.475801 -0.034263 -0.345177 -0.367152 -0.273689 -0.005772 0.531848 0.883579 1.427962 1.117683 0.481124 -0.133549 0.751838 1.422139 1.245531 2.546315 0.891289 0.438841 0.262686 0.449190 0.580337 0.476452 0.195807 -0.196020 -0.321989 -0.211719 -0.038590 -0.352953
-0.315991 -0.258928 -0.359118 -0.412056 -0.523799 -0.627396 -0.738715 -0.714698 -0.751259 -0.717366 -0.689473 -0.556460 -0.621154 -0.583864 -0.489452 -0.363731 -0.002312 -0.159397 -0.303145 -0.447379 -0.560075 -0.666724 -0.738268 -0.741551 -0.780293 -0.768389 -0.741384 -0.623170 -0.654756 -0.637049 -0.518982 -0.439264 0.195164 -0.162972 -0.371654 -0.551914 -0.664495 -0.745734 -0.765556 -0.766782 -0.723436 -0.692404 -0.691391 -0.519800 -0.563480 -0.518208 -0.474634 -0.342236
-0.332435 -0.302892 -0.317129 -0.466990 -0.749308 -0.828970 -0.849110 -0.784477 -0.775980 -0.686323 -0.807129 -0.673746 -0.763066 -0.745528 -0.602089 -0.494021 -0.398815 -0.376288 -0.289974 -0.489142 -0.694754 -0.791407 -0.831782 -0.822136 -0.832079 -0.792075 -0.713757 -0.495850 -0.736666 -0.752183 -0.635289 -0.506229 -0.380751 -0.389969 -0.347652 -0.581070 -0.732404 -0.767731 -0.766206 -0.718160 -0.814644 -0.796750 -0.799095 -0.596417 -0.658743 -0.641089 -0.575996 -0.357923
-0.487866 -0.796797 -0.796256 0.359074 -0.327567 -0.544624 -0.587450 -0.552699 -0.705291 -0.699675 -0.675288 -0.533609 -0.526908 -0.457667 -0.545528 -0.491988 -0.520524 -0.707783 -0.748143 0.594020 -0.359131 -0.522014 -0.552556 -0.554851 -0.716777 -0.750864 -0.710907 -0.591779 -0.560257 -0.537631 -0.615219 -0.513101 -0.531972 -0.855788 -0.808379 0.150399 -0.011180 -0.548809 -0.619376 -0.713387 -0.679811 -0.652221 -0.641129 -0.501719 -0.549717 -0.583213 -0.599765 -0.359942
-0.486289 0.128090 0.326183 -0.361905 -0.588694 -0.666203 -0.689491 -0.579086 -0.447561 -0.295785 -0.088121 0.076303 0.218176 0.199918 -0.586575 -0.494663 -0.520102 -0.580556 0.999763 -0.351605 -0.594090 -0.671004 -0.663176 -0.556850 -0.469007 -0.365307 -0.183501 -0.062004 0.045441 0.060111 -0.512806 -0.513850 -0.531763 -0.842066 0.636367 -0.206813 -0.602366 -0.645757 -0.613962 -0.480977 -0.231788 0.075268 0.342389 0.173729 0.277544 -0.614860 -0.606869 -0.359942
0.518605 0.664391 -0.065888 -0.444754 -0.701890 -0.736674 -0.674760 -0.498963 -0.352662 -0.117762 0.192529 0.235504 0.293029 0.128572 -0.164792 -0.301795 0.829810 0.802228 -0.093090 -0.513965 -0.717506 -0.683359 -0.591506 -0.439560 -0.299344 -0.135884 -0.020089 -0.035884 -0.069574 -0.192230 -0.298719 -0.349062 0.208237 0.936906 -0.040803 -0.580677 -0.724082 -0.666272 -0.518241 -0.309566 -0.117674 0.056261 0.198959 0.073668 0.010464 0.018932 -0.126564 -0.210530
-0.472323 -0.561153 -0.628461 -0.580276 -0.593192 -0.466375 -0.285369 -0.321886 -0.516105 -0.629133 -0.400896 0.316178 0.445997 -0.055569 0.016526 -0.248952 -0.454815 -0.568861 -0.603940 -0.675544 -0.594549 -0.506509 -0.353248 -0.241504 -0.405776 -0.618521 -0.677580 -0.536377 0.124398 1.031332 0.436007 -0.149791 -0.485016 -0.739151 -0.733653 -0.849806 -0.812797 -0.689381 -0.580972 -0.329810 -0.036566 0.312534 0.829946 0.538422 0.260126 0.309170 0.307841 0.066082
-0.205049 -0.330733 0.072287 1.063127 1.710708 0.698470 0.302716 -0.077748 0.136543 -0.263074 -0.754699 -0.689149 -0.786265 -0.769447 -0.616633 -0.494235 -0.257830 -0.410694 -0.087509 0.726997 1.582671 1.697334 0.569257 0.097464 -0.123291 0.170650 -0.696412 -0.728000 -0.780496 -0.783615 -0.663080 -0.514225 -0.344044 -0.449821 -0.121555 0.733062 1.553966 1.132062 0.121271 0.222969 -0.516865 -0.767666 -0.751460 -0.596570 -0.692719 -0.692694 -0.606869 -0.359942
0.375451 -0.108600 -0.229118 -0.239683 -0.349764 -0.332018 -0.204167 -0.300672 -0.482702 -0.621345 -0.601440 -0.406728 -0.151919 0.253325 1.159217 1.050094 0.509287 -0.197639 -0.188686 -0.137188 -0.182624 -0.195205 -0.143237 -0.304191 -0.542823 -0.697332 -0.657634 -0.461649 -0.206816 0.288966 0.969854 1.035464 0.417395 -0.181147 -0.307009 -0.327921 -0.382571 -0.338414 -0.254900 -0.307444 -0.427531 -0.528868 -0.508558 -0.174721 0.010034 0.365336 1.807495 1.778411
-0.461173 -0.412690 -0.328807 -0.314488 -0.280961 0.043830 0.794148 1.029684 1.680773 0.619809 -0.121777 -0.351178 -0.249608 0.301371 -0.493330 -0.409728 -0.504343 -0.425298 -0.273009 -0.310754 -0.434897 -0.429955 -0.086391 0.475770 0.780432 1.500770 1.752178 0.577755 0.289150 -0.389829 -0.643523 -0.415277 -0.349273 -0.069181 0.145291 0.542990 0.708078 0.821877 -0.116083 -0.522880 -0.618901 -0.573898 -0.490169 -0.303130 0.268727 -0.388485 -0.554412 -0.262560
-0.174864 0.459126 -0.166692 -0.508572 -0.751446 -0.844763 -0.891687 -0.796750 -0.791098 -0.746295 -0.758871 -0.664404 -0.786990 -0.767591 -0.616633 -0.494663 -0.499277 -0.387179 -0.033377 -0.201949 -0.542302 -0.683682 -0.782656 -0.812869 -0.807188 -0.776993 -0.718465 -0.596581 -0.659419 -0.712451 -0.648670 -0.511602 -0.363182 0.014319 -0.166145 -0.565314 -0.711598 -0.747340 -0.793420 -0.781633 -0.715523 -0.652732 -0.661444 -0.530220 -0.631648 -0.669030 -0.601131 -0.359942
-0.431100 -0.728126 -0.720719 -0.673165 -0.715164 -0.596604 -0.491068 -0.436986 -0.515595 -0.568939 -0.585029 -0.424151 -0.305793 -0.267134 -0.309427 -0.433797 -0.450875 -0.654009 -0.698699 -0.748319 -0.697512 -0.565621 -0.443603 -0.437107 -0.551406 -0.622345 -0.613281 -0.403084 -0.336908 -0.395657 -0.433724 -0.448135 -0.484807 -0.799440 -0.785124 -0.809941 -0.721943 -0.578283 -0.496296 -0.436069 -0.458142 -0.391611 -0.275812 -0.151890 -0.193825 -0.368813 -0.440756 -0.319250
-0.016505 0.268864 -0.028676 -0.078823 -0.208103 -0.369794 -0.420196 -0.410074 -0.375953 -0.441987 -0.415082 -0.366076 -0.401308 -0.402816 -0.317992 -0.336882 0.069447 0.243322 -0.054361 0.010904 0.054097 -0.194235 -0.360616 -0.400312 -0.530234 -0.512838 -0.513424 -0.523141 -0.561034 -0.551229 -0.337145 -0.493611 0.062663 0.772825 0.246685 -0.089181 -0.332925 -0.477503 -0.522283 -0.572739 -0.600264 -0.578490 -0.630096 -0.502945 -0.531654 -0.428685 -0.491027 -0.358699
-0.465790 -0.427992 -0.444316 -0.369055 -0.537589 -0.666679 -0.680419 -0.596618 -0.611617 -0.599982 -0.611036 -0.567823 -0.671901 -0.639745 -0.508198 -0.474445 -0.501810 -0.439778 -0.460016 -0.332580 -0.454432 -0.598649 -0.621069 -0.572113 -0.611966 -0.649111 -0.715615 -0.646010 -0.700141 -0.672366 -0.549689 -0.488863 -0.502795 -0.483542 -0.547773 -0.486762 -0.498566 -0.619311 -0.626306 -0.582463 -0.549766 -0.618928 -0.677381 -0.532825 -0.587779 -0.516213 -0.420812 -0.331209
-0.426707 -0.135769 -0.275990 -0.398178 -0.523947 -0.556845 -0.589067 -0.555066 -0.540724 -0.509413 -0.503254 -0.423267 -0.425231 -0.327758 -0.321709 -0.376995 -0.428222 -0.114533 -0.403205 -0.600358 -0.636225 -0.598084 -0.507817 -0.395497 -0.374877 -0.376353 -0.378259 -0.396525 -0.423326 -0.408194 -0.370081 -0.424022 -0.443080 -0.722655 -0.207535 -0.534645 -0.460768 -0.488317 -0.506763 -0.470104 -0.407436 -0.366736 -0.357947 -0.278306 -0.237263 -0.253630 -0.345406 -0.311173
-0.487866 -0.686252 0.868213 0.379892 -0.156777 -0.583907 -0.716259 -0.615991 -0.591289 -0.626240 -0.668612 -0.566813 -0.560256 -0.572729 -0.468605 -0.337202 -0.520524 -0.706793 0.271994 1.037970 0.387957 -0.474935 -0.663088 -0.634437 -0.600140 -0.675558 -0.747083 -0.620710 -0.594295 -0.607030 -0.437841 -0.448634 -0.485330 0.639693 0.977672 -0.086938 -0.561158 -0.639887 -0.698782 -0.757941 -0.707090 -0.697761 -0.742704 -0.556117 -0.647991 -0.642515 -0.529823 -0.358544
-0.391904 -0.192572 0.055991 0.555629 1.602821 1.248751 0.888554 0.631875 0.664056 0.449797 0.593337 0.451518 0.702816 0.720377 0.546744 0.092711 -0.411900 -0.274000 -0.128639 0.295752 1.118268 1.126165 1.040861 0.815009 0.671806 0.782550 0.808249 0.544256 0.895315 0.725486 0.887170 0.657412 -0.188954 0.368391 0.392296 0.675256 0.884411 0.542339 0.356891 0.409497 0.436133 0.471222 0.754465 0.643999 0.785040 1.004830 1.436202 0.780057
-0.487753 -0.795453 -0.814941 -0.804482 -0.943622 -0.693344 -0.352917 -0.261575 -0.336829 -0.378677 -0.313698 -0.210915 -0.027225 0.469427 1.172792 0.501765 -0.518132 -0.702832 -0.775711 -0.806435 -0.522384 -0.323603 -0.400794 -0.525142 -0.569622 -0.537267 -0.333658 -0.180656 -0.100194 0.368430 1.326153 -0.256610 -0.528312 -0.853160 -0.853716 -0.900996 -0.761822 -0.459337 -0.269770 -0.195085 -0.212735 -0.212386 -0.080370 0.410473 1.477901 0.258991 0.032718 -0.260697
-0.459145 -0.018283 -0.114989 -0.346766 -0.220344 0.147077 0.675220 0.464616 -0.145805 -0.393921 -0.093545 -0.085044 -0.482685 -0.699956 -0.602574 -0.492095 -0.520524 -0.645778 -0.115636 -0.113277 -0.055530 0.180703 0.487674 0.674553 0.068497 -0.290744 -0.121927 -0.091638 -0.478968 -0.696559 -0.642494 -0.511727 -0.532391 -0.682876 -0.136436 -0.352871 -0.308073 -0.203342 0.050454 0.569682 0.859375 0.858630 0.087403 -0.464790 -0.627347 -0.666179 -0.602497 -0.359942
0.179473 0.239231 0.291042 -0.107368 -0.527929 -0.753181 -0.843182 -0.823224 -0.848508 -0.774556 -0.711864 -0.605067 -0.726455 -0.762230 -0.616633 -0.494663 0.121507 -0.001044 0.199223 -0.048450 -0.433441 -0.622875 -0.662474 -0.706846 -0.726791 -0.706573 -0.772853 -0.670490 -0.756716 -0.776375 -0.662908 -0.514350 -0.041602 0.097965 -0.013441 -0.173228 -0.401643 -0.644707 -0.736681 -0.799402 -0.759670 -0.707966 -0.649010 -0.497735 -0.620896 -0.649643 -0.601951 -0.359476
-0.457794 -0.222279 -0.157137 -0.425198 -0.660446 -0.728897 -0.756501 -0.698393 -0.617644 -0.360875 -0.041531 -0.101078 0.207121 0.986175 -0.230242 0.977140 -0.395157 -0.012802 -0.103303 -0.482953 -0.679432 -0.724624 -0.748970 -0.662783 -0.561038 -0.326007 -0.342702 -0.289937 0.114451 0.553138 -0.433038 1.178015 -0.528730 -0.722582 -0.440619 -0.464671 -0.628720 -0.672760 -0.691780 -0.658666 -0.592143 -0.507693 -0.229754 0.346575 0.931268 1.770910 1.894650 1.890236
-0.484262 -0.776046 -0.430355 -0.256505 -0.335310 -0.448836 -0.471216 -0.421470 -0.423862 -0.379234 -0.496996 -0.548002 -0.703256 -0.741610 -0.612916 -0.493807 -0.520524 -0.705555 -0.655561 -0.278439 -0.408697 -0.434477 -0.567996 -0.508789 -0.438107 -0.361695 -0.343445 -0.190963 -0.333489 -0.554054 -0.620880 -0.509852 -0.524024 -0.838636 -0.645060 -0.320744 -0.357546 -0.370360 -0.415445 -0.473198 -0.384114 -0.352832 -0.433778 -0.471073 -0.638744 -0.637098 -0.592388 -0.359476
-0.487866 -0.796871 -0.806660 -0.420835 0.421226 0.957103 1.506371 1.840030 2.407993 2.516643 3.234893 3.280900 4.716956 4.351838 3.468679 0.685540 -0.520524 -0.707968 -0.744795 -0.094057 0.689719 1.582664 2.023983 2.063946 2.626122 3.257020 2.956403 2.121283 2.627234 2.931571 1.821059 -0.123804 -0.531763 -0.795791 0.426805 2.430141 1.765785 1.397944 1.348029 1.565532 1.276786 0.919477 1.202618 1.102470 2.233984 3.641778 2.059942 -0.215190
0.655002 -0.077399 -0.518844 -0.456424 -0.630507 -0.675170 -0.676646 -0.628001 -0.748399 -0.343852 -0.461671 -0.670464 -0.802758 -0.773159 -0.617280 -0.494663 -0.509830 -0.559641 -0.564597 -0.532794 -0.580683 -0.535823 -0.444130 -0.040267 -0.193102 -0.808857 -0.829347 -0.593887 0.007828 -0.299771 -0.615562 -0.472122 1.237188 -0.240998 -0.574388 -0.718493 -0.717146 -0.593792 -0.502792 -0.535345 -0.610676 -0.745215 -0.827991 -0.646983 -0.721750 -0.699536 -0.607415 -0.359942
-0.414205 -0.560481 -0.613014 -0.648352 -0.779911 -0.760165 -0.728116 -0.658770 -0.717344 -0.722262 -0.736897 -0.617186 -0.708693 -0.698513 -0.594655 -0.489956 -0.452845 -0.561868 -0.630559 -0.750665 -0.803615 -0.759268 -0.752479 -0.736009 -0.717254 -0.696270 -0.608697 -0.558514 -0.600201 -0.653648 -0.572332 -0.469124 -0.443289 -0.630689 -0.707625 -0.796709 -0.807249 -0.756609 -0.709538 -0.651947 -0.585687 -0.596859 -0.621165 -0.501259 -0.587564 -0.610298 -0.570531 -0.348914
-0.487416 -0.792542 -0.752622 0.004446 -0.501013 -0.669139 -0.735931 -0.758266 -0.809486 -0.761427 -0.649977 0.124531 -0.300175 -0.766973 -0.613563 -0.490705 -0.520383 -0.705803 -0.622914 -0.077834 -0.520469 -0.649443 -0.686862 -0.700123 -0.795839 -0.798767 -0.654289 0.278607 -0.685686 -0.774256 -0.657590 -0.511227 -0.532391 -0.858781 -0.724853 -0.474596 -0.648891 -0.613071 -0.580178 -0.523234 -0.377658 0.262147 -0.629221 -0.608982 -0.703256 -0.683570 -0.596213 -0.359786
0.110881 -0.639900 -0.740307 -0.759220 -0.963017 -0.987769 -1.021215 -0.928944 -0.934826 -0.838978 -0.731752 -0.443972 -0.387171 -0.413745 -0.507228 0.675805 0.304704 -0.579876 -0.712539 -0.851456 -0.962271 -0.975364 -0.988281 -0.939698 -0.894737 -0.730365 -0.606838 -0.569524 -0.646985 -0.682255 -0.570445 0.846813 0.105854 -0.725429 -0.806085 -0.914565 -0.938790 -0.927828 -0.922275 -0.849261 -0.701780 -0.636404 -0.595071 -0.461572 -0.620251 -0.518494 -0.341854 1.274264
-0.487641 -0.085237 -0.075124 -0.274063 -0.639946 -0.814844 -0.862943 -0.841370 -0.889981 -0.856335 -0.864010 -0.693189 -0.768866 -0.732743 -0.577687 -0.480222 -0.503499 0.100873 -0.015854 -0.331538 -0.718119 -0.837195 -0.873626 -0.876738 -0.899315 -0.900945 -0.850657 -0.703169 -0.757027 -0.743177 -0.633059 -0.499733 -0.519632 -0.110055 -0.254205 -0.343900 -0.586934 -0.782746 -0.846767 -0.857836 -0.814228 -0.775447 -0.830268 -0.615417 -0.684548 -0.654204 -0.583919 -0.359942
-0.334012 -0.493303 -0.536893 -0.608505 -0.883890 -0.905632 -0.935971 -0.862233 -0.878234 -0.828853 -0.723546 -0.494598 -0.361434 -0.613351 -0.553608 -0.470701 -0.376865 -0.547636 -0.502931 -0.580812 -0.838242 -0.834045 -0.897487 -0.876920 -0.898742 -0.904875 -0.870108 -0.670021 -0.538652 -0.393008 -0.357558 -0.475870 -0.459395 -0.778711 -0.784004 -0.826145 -0.779623 -0.770511 -0.778405 -0.795424 -0.711671 -0.695338 -0.696820 -0.364270 -0.151677 -0.054626 -0.291856 -0.316299
0.586184 0.102114 -0.018909 -0.096539 -0.389881 -0.593589 -0.661915 -0.247373 -0.779555 -0.789799 -0.799063 -0.652915 -0.763066 -0.759549 -0.615664 -0.494663 0.839940 0.011022 -0.053691 0.067652 -0.229356 -0.511193 -0.625630 -0.280570 -0.829027 -0.856866 -0.855117 -0.720152 -0.779408 -0.782026 -0.662393 -0.514350 0.158562 -0.143557 -0.370480 -0.406529 -0.350495 -0.392172 -0.395161 -0.041265 -0.549662 -0.623647 -0.705577 -0.554431 -0.630142 -0.664183 -0.592662 -0.358544
-0.039144 1.270557 0.240030 -0.208247 -0.412963 -0.487008 -0.537777 -0.549982 -0.601504 -0.685878 -0.751639 -0.639785 -0.732799 -0.704905 -0.568152 -0.377958 0.769307 2.148007 -0.099843 -0.311406 -0.440642 -0.553750 -0.734759 -0.818956 -0.882148 -0.888942 -0.873453 -0.731514 -0.765109 -0.756598 -0.636662 -0.446885 0.500326 2.241081 0.177933 -0.265292 -0.654381 -0.757165 -0.821140 -0.867737 -0.836821 -0.819966 -0.841476 -0.631354 -0.695515 -0.659051 -0.559876 -0.332141
-0.337166 -0.554062 -0.645607 -0.632004 -0.773348 -0.757070 -0.656256 -0.437424 -0.280032 -0.223352 0.060270 0.550371 0.775675 0.550672 -0.086254 -0.389297 -0.336483 -0.550668 -0.654277 -0.725516 -0.763625 -0.725109 -0.577558 -0.303010 -0.196535 -0.197063 0.129944 0.508532 0.230555 0.042276 -0.160797 -0.418025 -0.415681 -0.679665 -0.751415 -0.819641 -0.775519 -0.569570 -0.439989 -0.344661 -0.129544 0.261382 0.527850 0.376302 0.597740 0.674676 0.231069 -0.271103
0.175982 -0.391343 -0.615933 -0.673743 -0.750635 -0.625412 -0.498703 -0.385265 -0.296785 -0.184744 -0.153207 -0.206370 -0.414176 -0.587163 -0.471191 -0.425132 -0.405569 -0.451040 -0.524807 -0.643945 -0.803615 -0.736495 -0.635455 -0.541496 -0.428570 -0.277999 -0.020336 0.023617 0.075750 -0.200000 -0.467347 -0.339192 0.025224 -0.313039 -0.335224 -0.322314 -0.309749 -0.414045 -0.610208 -0.765986 -0.774142 -0.744577 -0.761267 -0.578182 -0.626272 -0.539021 -0.481465 -0.343944
-0.472098 0.346715 0.763268 0.194955 -0.032371 -0.359398 -0.522417 -0.508956 -0.525912 -0.525546 -0.506731 -0.437533 -0.456224 -0.431685 -0.363079 -0.450912 -0.517991 -0.227342 0.498121 0.418238 0.034638 -0.115582 -0.313947 -0.421117 -0.454320 -0.453783 -0.428311 -0.392425 -0.405141 -0.392478 -0.377972 -0.252737 -0.473722 0.373500 0.650608 0.186563 -0.113535 -0.333100 -0.468215 -0.513951 -0.538209 -0.538053 -0.550063 -0.410086 -0.413812 -0.381928 -0.494852 -0.354195
-0.487416 -0.795155 -0.759417 -0.027621 0.854544 0.511418 1.187223 2.175249 3.255241 3.467396 3.939438 2.866927 2.779845 1.760471 0.670531 -0.346937 -0.520102 -0.706916 -0.710753 0.245649 0.951951 0.506463 1.134989 1.845630 2.352220 2.913524 3.448871 2.813398 2.744581 1.793123 1.034870 -0.070582 -0.527685 -0.846737 -0.732640 0.254294 1.135357 1.496190 2.430124 3.214496 3.125308 2.798602 2.632538 1.330327 0.969760 0.148085 -0.366170 -0.356991
1.201600 0.000452 -0.355561 -0.236109 0.236867 0.958532 2.020889 2.815267 3.917491 4.327915 4.544267 2.915534 2.721667 1.716343 0.374314 -0.284894 0.736101 0.078782 -0.414366 -0.534228 -0.429304 -0.061396 0.577766 1.543367 2.515589 3.846615 5.082751 4.669661 5.077070 3.872419 2.158659 0.829947 1.158231 0.445541 0.129556 0.547083 1.148996 1.912037 2.789763 3.549275 3.436102 2.849754 2.181058 0.767811 0.003582 -0.539021 -0.601951 -0.359942
-0.487641 -0.719692 -0.653781 -0.619177 -0.510673 -0.658584 -0.804916 -0.825678 -0.900401 -0.868574 -0.863732 -0.691169 -0.646346 -0.624898 -0.575909 -0.489849 -0.519961 -0.635259 -0.593727 -0.646486 -0.441945 -0.637653 -0.828711 -0.880736 -0.916290 -0.907955 -0.867506 -0.721207 -0.624448 -0.724812 -0.657247 -0.514350 -0.529881 -0.727035 -0.661862 -0.661528 -0.600054 -0.719844 -0.824317 -0.876931 -0.829429 -0.804786 -0.833420 -0.535583 -0.567566 -0.684140 -0.607415 -0.359942
-0.365661 -0.646767 -0.676448 -0.675898 -0.820028 -0.792068 -0.767639 -0.670429 -0.687618 -0.648048 -0.637738 -0.546487 -0.660483 -0.690883 -0.599180 -0.494342 -0.455519 -0.602586 -0.684412 -0.778029 -0.843604 -0.817572 -0.793271 -0.708118 -0.694937 -0.645181 -0.590237 -0.497490 -0.548444 -0.593433 -0.563069 -0.487489 -0.436283 -0.722874 -0.713865 -0.777197 -0.781414 -0.744189 -0.715602 -0.689430 -0.620671 -0.604130 -0.636751 -0.497275 -0.593586 -0.629115 -0.585831 -0.359320
-0.487753 -0.794632 -0.773112 -0.039922 0.284284 -0.498198 -0.687425 -0.716539 -0.782620 -0.743736 -0.692533 -0.511768 -0.483410 -0.299508 -0.290358 -0.455405 -0.520524 -0.707968 -0.794239 -0.842009 0.429096 -0.202472 -0.496062 -0.615449 -0.685210 -0.682993 -0.644377 -0.536026 -0.510831 -0.361929 -0.074510 -0.163409 -0.527685 -0.848124 -0.808379 -0.200701 -0.196124 -0.556347 -0.611074 -0.660787 -0.608698 -0.590226 -0.592619 -0.416522 -0.323710 0.018362 0.269865 -0.207424
-0.279836 0.341341 -0.113238 -0.100849 0.016226 0.302623 0.621325 0.650985 0.875408 1.007342 1.412061 1.039210 1.340062 1.458176 1.060963 -0.166264 -0.266272 0.124388 -0.119152 -0.117902 -0.146771 -0.141180 -0.006650 0.180865 0.378830 0.803261 1.268506 1.524275 2.148054 2.228936 2.190223 0.434279 -0.170443 0.727645 0.118622 0.244314 0.154865 0.130571 0.204359 0.305006 0.517970 0.843960 1.228011 0.840903 1.225658 2.001847 1.970329 0.291908
-0.375348 -0.681027 -0.482005 -0.497953 -0.580066 -0.541767 -0.439957 -0.326620 -0.299441 -0.340959 -0.345684 -0.378827 -0.431394 -0.451274 -0.423518 -0.450270 -0.518695 -0.698624 -0.770131 -0.665706 -0.610944 -0.670116 -0.680282 -0.646974 -0.647634 -0.610236 -0.474398 -0.351079 -0.193605 0.180543 0.937261 0.881920 -0.031144 -0.250998 -0.240391 -0.352647 -0.520412 -0.604853 -0.665215 -0.682092 -0.666587 -0.648777 -0.658642 -0.476589 -0.512945 -0.523340 -0.563155 -0.358389
3.274801 0.318575 -0.200878 -0.281160 -0.409349 -0.474073 -0.540831 -0.609417 -0.641548 -0.617562 -0.600188 -0.518585 -0.552463 -0.498289 -0.430305 -0.420853 3.761794 0.335215 -0.141976 -0.274660 -0.384029 -0.422283 -0.492115 -0.608181 -0.667185 -0.660688 -0.643139 -0.518925 -0.518291 -0.507788 -0.479527 -0.450509 2.056459 1.051718 -0.144384 -0.370420 -0.470882 -0.507039 -0.564585 -0.611813 -0.619422 -0.634363 -0.642706 -0.462951 -0.563050 -0.601745 -0.500316 -0.325152
-0.287833 0.567058 0.326873 0.464054 0.525426 -0.047672 -0.391182 -0.595478 -0.719592 -0.729716 -0.747189 -0.605824 -0.674801 -0.679542 -0.557163 -0.456260 -0.447780 0.153533 0.331149 0.472641 0.751236 0.223583 -0.195081 -0.469996 -0.645727 -0.727709 -0.754517 -0.636405 -0.677448 -0.699384 -0.603039 -0.473122 -0.483448 -0.003198 0.117556 0.137672 0.257624 0.077988 -0.171595 -0.326009 -0.436069 -0.506928 -0.584038 -0.467242 -0.532084 -0.541872 -0.501682 -0.309465
2.592031 1.682281 0.687413 0.527820 0.688031 0.564907 0.549285 0.380285 0.339315 0.273777 0.228270 0.048781 0.034216 -0.125678 -0.232666 -0.373893 0.655619 0.695917 0.615983 0.723609 0.873657 0.840863 0.851904 0.805379 0.731889 0.682921 0.676057 0.347479 0.119891 -0.173512 -0.175721 -0.229499 0.900340 1.284554 0.585750 0.474699 0.506316 0.573234 0.646292 0.653310 0.592310 0.560644 0.610335 0.324203 0.190238 0.098477 0.048018 0.119510
-0.471985 1.265929 2.050849 1.211687 1.881646 1.794588 1.709016 1.435821 1.270123 1.036271 1.351842 1.694320 2.495658 2.922019 1.516036 -0.460004 -0.350272 2.467188 2.281910 2.006855 2.337420 2.034318 1.706685 1.156066 0.717107 0.781912 1.448892 0.821384 1.014371 0.704119 -0.180353 -0.513351 -0.346240 2.729453 1.829254 1.615804 2.122958 1.946948 1.368386 0.932307 0.904042 1.381637 2.208028 1.471454 1.155125 -0.463468 -0.600585 -0.359942
-0.441575 0.043073 -0.192437 0.603887 0.854987 1.422073 2.480613 3.473257 2.045047 1.201276 0.551337 0.084005 -0.069817 -0.185477 -0.186932 -0.331212 -0.474514 0.213496 0.078737 0.734489 0.865613 0.988722 1.738529 3.967923 2.909942 1.237677 0.458132 -0.170700 -0.422548 -0.591313 -0.498911 -0.505980 -0.392987 0.850486 0.151585 0.654510 1.633087 3.537729 2.705881 0.605838 -0.262295 -0.352960 -0.584038 -0.480420 -0.511870 -0.694119 -0.600858 -0.358699
-0.487866 -0.796797 -0.804112 -0.634264 -0.681758 -0.740484 -0.780843 -0.616780 -0.560643 -0.500734 -0.708109 -0.601910 -0.686944 -0.666758 -0.595463 -0.494342 -0.520524 -0.707721 -0.774986 -0.715157 -0.549887 -0.544544 -0.535538 -0.625170 -0.836943 -0.825639 -0.758481 -0.646947 -0.691126 -0.738056 -0.661707 -0.514350 -0.532391 -0.860167 -0.840541 -0.801867 -0.605891 -0.497462 -0.561481 -0.739023 -0.714274 -0.701588 -0.712231 -0.539721 -0.679387 -0.697255 -0.607142 -0.359942
2.458676 0.546905 -0.262878 -0.407167 -0.545406 -0.540259 -0.478133 -0.391314 -0.300769 -0.214451 -0.047233 0.067592 0.350301 0.493759 0.479032 1.220711 1.540223 0.524570 -0.152970 -0.277982 -0.398738 -0.434558 -0.399741 -0.315275 -0.308404 -0.310713 -0.250774 -0.150437 -0.123197 -0.068090 0.495019 2.555295 0.195583 0.563565 -0.275220 -0.421891 -0.454988 -0.413860 -0.371339 -0.246623 -0.120694 0.007022 0.152200 0.170052 0.331949 0.751940 1.758044 3.199837
-0.381993 -0.270050 0.060556 -0.059320 0.529261 1.521749 2.405789 2.090830 2.096634 1.612064 1.709121 1.358874 2.055604 2.494352 1.359120 0.555571 -0.227438 -0.017876 0.132702 -0.004081 0.503177 1.133190 1.490885 1.834001 2.582729 2.178522 1.790832 1.450250 2.003818 1.897485 1.222025 0.214269 -0.299284 0.061543 0.248018 0.279861 0.881348 1.444472 1.540626 1.673382 1.579875 1.495550 2.084562 1.701915 2.624283 2.973204 1.812140 -0.092492
-0.146932 -0.392014 0.234509 0.011070 -0.163856 -0.347890 -0.343395 0.470577 2.494107 1.979347 1.506770 0.625111 1.655785 4.564435 4.783154 1.072451 -0.041568 -0.077157 0.527028 0.168378 -0.201547 -0.285164 -0.142535 1.073300 2.929588 1.147926 0.386647 0.973886 2.784837 3.902262 2.601587 -0.094695 -0.163855 -0.359022 0.612578 0.075940 -0.276922 -0.188697 0.547611 1.851424 2.408243 0.543040 1.460056 2.745428 4.449332 4.994608 1.062996 -0.136757
0.032827 -0.671996 -0.780437 -0.776357 -0.924301 -0.312099 -0.256265 -0.220987 -0.209547 -0.489942 -0.677096 -0.653168 -0.740592 -0.188364 -0.399924 -0.201457 0.170472 -0.601472 -0.758467 -0.848850 -0.733747 -0.386348 0.363194 -0.302829 -0.608819 -0.784109 -0.860444 -0.714882 -0.746769 -0.256507 -0.438871 -0.195392 0.045617 -0.729662 -0.716639 -0.217017 -0.563296 -0.636613 -0.615838 -0.533577 -0.667420 -0.747511 -0.818359 -0.596570 -0.642400 0.053145 -0.264809 0.033001
-0.482572 -0.771045 -0.799919 -0.562665 -0.512590 -0.356461 0.178218 0.913269 0.979807 1.498240 2.164447 1.773226 2.399419 2.824484 3.527664 2.976948 -0.467760 -0.685506 -0.789105 -0.700628 -0.287119 0.431766 1.742214 0.906588 1.228956 1.742407 1.898246 1.374584 1.779537 2.483220 2.361768 0.257871 -0.444335 -0.813892 -0.679836 0.108628 2.028001 2.490699 1.724055 1.302447 0.911642 0.461783 0.036441 -0.291025 -0.486065 -0.576655 -0.562882 -0.359476
-0.310810 0.083081 -0.181661 -0.170398 -0.199475 -0.243135 -0.311777 -0.403499 -0.580359 -0.606435 -0.710612 -0.615419 -0.734067 -0.723464 -0.598211 -0.494556 -0.513066 -0.452958 -0.292206 -0.267884 -0.232190 -0.220561 -0.248505 -0.264217 -0.330911 -0.381770 -0.356702 -0.409175 -0.500262 -0.617095 -0.582797 -0.473247 -0.508651 -0.486972 -0.372614 -0.420602 -0.385808 -0.351390 -0.267099 -0.207727 -0.201698 -0.235730 -0.274236 -0.299146 -0.406715 -0.454915 -0.492120 -0.330122
-0.485388 -0.774479 -0.558126 0.091657 1.588589 2.170833 1.230339 0.880484 1.181455 0.753660 -0.030406 -0.457607 -0.695463 -0.740991 -0.606775 -0.491453 -0.518272 -0.681855 -0.468275 0.254575 1.425240 1.743848 1.716247 1.010159 0.950572 0.540063 0.004937 -0.372630 -0.609527 -0.705918 -0.641636 -0.505855 -0.520678 -0.709298 -0.281460 0.410388 1.184425 1.511761 1.576359 0.883509 0.137937 -0.185980 -0.490870 -0.516429 -0.672936 -0.673306 -0.586378 -0.356525
1.180200 -0.391641 -0.657444 -0.717796 -0.911323 -0.929995 -0.974506 -0.825152 -0.786808 -0.727825 -0.712699 -0.666045 -0.692563 -0.203829 0.146454 0.553217 1.124584 -0.359147 -0.598303 -0.763891 -0.904738 -0.918433 -0.916347 -0.878919 -0.896454 -0.903388 -0.876922 -0.698249 -0.477725 -0.561470 -0.288254 1.738597 -0.119095 -0.365591 -0.655674 -0.787457 -0.820657 -0.829150 -0.851026 -0.841747 -0.634415 -0.443784 -0.439557 -0.138099 1.468654 0.867408 -0.492120 -0.340993
0.089143 -0.507112 -0.664982 -0.675583 -0.827328 -0.786433 -0.783538 -0.726533 -0.746151 -0.706685 -0.668751 -0.519722 -0.512409 -0.412714 -0.251250 -0.089460 -0.065910 -0.520594 -0.636866 -0.742065 -0.814876 -0.786320 -0.744321 -0.699668 -0.714011 -0.709759 -0.668784 -0.553478 -0.550309 -0.497017 -0.227871 0.112197 0.037146 -0.572443 -0.715892 -0.821267 -0.825165 -0.786515 -0.754656 -0.699684 -0.631500 -0.573388 -0.527997 -0.362124 -0.344784 -0.179787 0.121511 -0.102743
-0.032611 1.825966 3.620565 1.650846 1.549357 1.694119 0.857116 0.923350 -0.318441 -0.721705 -0.791136 -0.648875 -0.718662 -0.665108 -0.457616 0.998748 0.046090 0.739667 1.992722 3.059004 2.537139 2.236041 1.457637 0.662197 0.551354 -0.672903 -0.788092 -0.685014 -0.718015 -0.682079 -0.505602 1.204126 0.388008 0.844793 0.829501 1.368374 1.803756 1.829547 1.737771 1.339045 1.006598 0.214949 -0.589817 -0.534051 -0.591220 -0.543298 -0.339942 1.742067
-0.363071 0.198253 1.695883 1.255108 1.354379 1.646661 1.216326 1.103934 1.671682 1.923827 1.208597 0.220102 0.017179 0.088980 0.214004 0.540488 -0.347880 0.019191 1.496493 1.342819 1.667093 2.113780 1.636331 1.434072 1.746241 1.630457 0.705048 -0.019720 -0.051079 -0.022178 0.352465 0.384180 -0.216144 0.154751 1.977158 2.613317 1.575870 0.933408 0.797237 0.864061 0.986399 0.650320 0.293353 -0.072822 0.075836 0.366191 2.352824 -0.224509
8.223698 2.690094 0.382133 0.221607 0.376906 0.366825 0.234269 -0.153838 -0.443373 -0.625907 -0.741626 -0.665161 -0.771403 -0.753982 -0.610816 -0.492737 5.441233 2.061808 0.627535 0.336993 -0.061276 -0.019808 0.444426 0.365476 0.513588 0.809634 0.202420 -0.258078 -0.474927 -0.681196 -0.637863 -0.508353 8.854399 3.477595 1.019702 0.396371 -0.196240 -0.538552 -0.717262 -0.798606 -0.808189 -0.810909 -0.846204 -0.637943 -0.705622 -0.680149 -0.591842 -0.354350
0.002192 2.692184 0.701321 0.057698 -0.192174 -0.434313 -0.548556 -0.540865 -0.573106 -0.452668 -0.297843 -0.219879 0.192259 0.426949 -0.077042 0.182031 0.076341 2.058219 0.725643 0.242392 -0.022589 -0.350332 -0.496588 -0.560665 -0.548259 -0.506890 -0.385073 -0.256790 0.056010 1.275374 -0.165257 -0.502731 -0.208301 2.159333 0.708692 0.022731 -0.205429 -0.375179 -0.502143 -0.493796 -0.418473 -0.314818 0.012623 0.598489 0.994059 0.691783 -0.159349 -0.347517
-0.487866 -0.769627 4.518941 4.337107 1.910333 0.858935 0.455957 0.168407 0.042461 -0.218345 -0.468486 -0.508990 -0.580193 -0.582008 -0.523227 -0.491026 -0.520524 -0.649182 6.224003 3.585503 1.528815 0.578898 0.275821 0.116724 0.090909 0.129757 0.045698 -0.093395 -0.363642 -0.510790 -0.472322 -0.470748 -0.532077 -0.764770 3.983332 3.483667 1.780291 1.074659 0.608033 0.314995 0.076195 -0.081889 -0.139563 -0.152043 -0.225436 -0.334030 -0.417807 -0.320647
-0.487303 1.991521 4.137859 2.272523 2.248742 1.479688 1.734257 0.942110 0.878677 0.901085 0.979544 1.099431 1.699464 1.328473 2.117682 -0.219749 -0.500825 4.329175 3.264992 2.019169 1.371001 1.015129 0.970419 0.933116 1.199391 1.475066 1.680445 1.049668 1.082915 1.522417 2.381152 -0.513101 -0.532077 -0.424420 5.006180 3.123428 1.814621 1.375762 0.985719 0.817473 0.795550 0.884142 1.257608 1.314391 2.154204 3.100932 4.746424 -0.275917
-0.487866 -0.773583 2.978686 1.727543 1.036912 0.489912 0.255917 0.314977 0.380993 0.270439 0.392933 0.226035 0.328552 0.311475 0.815489 0.773897 0.871880 4.268408 1.067232 0.820165 0.456369 0.122318 0.057037 0.058670 0.176265 0.058063 -0.176068 -0.143175 -0.066621 0.027090 0.776009 0.959879 0.899189 3.770210 0.622126 0.580724 0.308946 0.092323 0.116145 0.290596 0.336908 0.365218 0.585642 0.439281 0.605911 0.930987 2.074969 1.140073
-0.487866 -0.639601 0.647494 0.817684 1.254751 1.200024 1.295372 1.171170 1.194633 0.712826 0.158317 -0.481594 -0.703075 -0.741816 -0.613401 -0.494663 -0.519820 -0.304445 0.967507 1.161304 1.283896 1.199812 1.204817 1.206943 0.921579 0.400391 -0.260934 -0.604780 -0.734645 -0.767369 -0.662050 -0.514350 -0.532391 -0.634776 0.657968 0.811390 0.799510 0.750015 0.890215 1.167457 1.270643 0.946010 0.354298 -0.349559 -0.596811 -0.656485 -0.600585 -0.359942
-0.486177 -0.782689 -0.773430 -0.663440 0.688252 2.671753 1.361663 -0.238432 -0.347657 -0.531554 -0.724659 -0.668696 -0.786265 -0.766148 -0.613240 -0.493272 -0.519539 -0.700419 -0.755733 -0.787150 0.618550 2.917439 1.578433 -0.127485 -0.431622 -0.718787 -0.842232 -0.740650 -0.790754 -0.779907 -0.659134 -0.511976 -0.531659 -0.853306 -0.841075 -0.859001 0.580525 2.253797 0.930928 -0.243264 -0.537376 -0.767411 -0.856187 -0.643919 -0.714868 -0.691268 -0.601404 -0.354661
-0.270826 -0.441278 -0.624320 -0.677686 -0.821503 -0.791512 -0.807791 -0.734510 -0.725925 -0.664070 -0.672924 -0.585877 -0.596324 -0.497052 -0.164469 -0.286178 -0.247559 -0.407105 -0.594118 -0.767474 -0.851112 -0.803682 -0.722828 -0.670868 -0.660318 -0.767964 -0.786481 -0.639919 -0.599269 -0.542752 -0.166115 -0.260983 -0.205163 -0.488870 -0.533745 -0.666350 -0.801065 -0.828161 -0.831896 -0.824950 -0.782576 -0.743429 -0.721513 -0.520107 -0.521762 -0.328613 0.079437 -0.090939
0.368468 -0.116810 -0.103523 -0.051750 -0.341431 -0.505817 -0.368636 -0.044173 0.050123 -0.014398 0.070562 -0.180867 -0.048974 -0.039072 -0.099182 -0.120374 -0.516162 -0.562425 -0.435182 -0.328280 0.122891 0.165360 -0.292630 -0.402493 -0.314889 0.069640 0.509176 0.407098 0.395618 0.452308 0.087257 -0.056090 -0.532391 -0.860532 -0.834888 -0.698533 -0.541507 0.011811 0.336029 0.173994 0.215193 0.999587 1.287205 0.664992 0.396892 0.659851 0.462752 0.077420
-0.474125 -0.723349 -0.674271 -0.548314 -0.574756 -0.578669 -0.534902 -0.403499 -0.353173 -0.358984 -0.366824 -0.524393 -0.803845 -0.773159 -0.617280 -0.494663 -0.502936 -0.646397 -0.630225 -0.521067 -0.553640 -0.517734 -0.459043 -0.358793 -0.365340 -0.476619 -0.661351 -0.636171 -0.797282 -0.785205 -0.663594 -0.514350 -0.532391 -0.858051 -0.855742 -0.914845 -0.865217 -0.728185 -0.590428 -0.453219 -0.027508 0.396853 0.417344 0.183076 -0.632938 -0.699251 -0.607415 -0.359942
-0.480770 -0.525325 -0.541670 -0.634579 -0.769292 -0.652156 -0.491517 -0.351165 -0.356340 -0.410276 -0.514102 -0.535755 -0.661027 -0.635002 -0.519510 -0.457330 -0.506172 -0.416387 -0.493276 -0.665641 -0.613625 -0.421960 -0.328685 -0.385594 -0.561515 -0.693615 -0.760464 -0.672364 -0.700762 -0.696559 -0.616763 -0.510852 -0.466924 -0.341285 -0.448353 -0.484408 -0.408521 -0.510067 -0.651571 -0.741410 -0.745197 -0.759502 -0.799445 -0.633652 -0.716159 -0.695830 -0.606869 -0.359786
-0.391454 0.777846 -0.296374 -0.502369 -0.702259 -0.706518 -0.694432 -0.640361 -0.670968 -0.581846 -0.549148 -0.391073 -0.248158 -0.286723 -0.345626 -0.342765 -0.311860 0.334225 0.033590 -0.543349 -0.601061 -0.695149 -0.678440 -0.630530 -0.591652 -0.552987 -0.566574 -0.497373 -0.523420 -0.514852 -0.499083 -0.437141 -0.432727 0.210880 -0.210042 -0.369131 -0.605429 -0.646870 -0.634607 -0.582198 -0.509681 -0.492768 -0.470555 -0.414836 -0.476173 -0.368813 -0.313440 -0.264579
0.791623 0.550114 0.174260 -0.099745 -0.278675 -0.346303 -0.458192 -0.594602 -0.742474 -0.772664 -0.785851 -0.647108 -0.696188 -0.551283 -0.008200 1.088389 0.978252 0.336143 0.185327 -0.090799 -0.228973 -0.239700 -0.350353 -0.479989 -0.689501 -0.813955 -0.805312 -0.689582 -0.698431 0.293381 0.966423 -0.027605 0.637428 0.572396 0.147798 -0.110207 -0.308016 -0.407619 -0.588768 -0.733100 -0.755609 -0.749424 -0.634124 0.164382 0.174540 0.562630 0.401279 -0.087522
1.971546 -0.270945 -0.511625 -0.482814 -0.553887 -0.584938 -0.568766 -0.519651 -0.507525 -0.408830 -0.339843 -0.340952 -0.370315 0.016603 2.174566 0.511392 2.404988 -0.293925 -0.522853 -0.530384 -0.535791 -0.525890 -0.483693 -0.453279 -0.491800 -0.474495 -0.415798 -0.363026 -0.366906 -0.071092 2.469498 0.502368 1.967462 -0.256399 -0.490382 -0.512442 -0.570983 -0.589776 -0.575341 -0.545953 -0.497603 -0.451821 -0.420293 -0.327647 -0.221350 1.108608 4.605447 0.022439
-0.487866 -0.790676 -0.506582 -0.164142 -0.326019 -0.448043 -0.440496 -0.347834 -0.240295 -0.124772 0.060965 0.083500 0.287229 0.545929 0.731617 1.074055 -0.148222 0.196664 -0.146329 -0.518070 -0.557701 -0.579753 -0.534573 -0.427568 -0.343405 -0.216288 -0.091574 -0.009764 0.179885 0.255238 0.417652 0.628177 -0.532391 -0.860021 -0.863050 -0.619084 0.122095 0.184946 -0.124817 -0.103235 -0.009703 0.148872 0.391250 0.194109 0.208946 0.258136 0.581052 0.498008
-0.441913 -0.525474 -0.587109 -0.635263 0.189155 0.770290 -0.644399 -0.776938 -0.863524 -0.847990 -0.866792 -0.705688 -0.795871 -0.769035 -0.615502 -0.494449 -0.477046 -0.518366 -0.547799 -0.690464 0.057238 1.079812 -0.565803 -0.794245 -0.885963 -0.914646 -0.896373 -0.750723 -0.793397 -0.783439 -0.662908 -0.514350 -0.472781 -0.512519 -0.442805 0.535533 -0.108796 -0.783487 -0.881778 -0.920424 -0.881384 -0.860659 -0.879829 -0.651887 -0.721535 -0.699536 -0.607415 -0.359942
-0.358791 -0.204887 -0.550694 -0.572391 -0.725710 -0.788417 -0.848122 -0.790526 -0.824093 -0.771885 -0.758732 -0.613778 -0.664108 -0.622836 -0.516278 -0.469846 -0.515880 -0.378454 -0.567666 -0.677759 -0.702798 -0.688608 -0.728530 -0.733374 -0.765702 -0.757980 -0.746836 -0.627621 -0.661750 -0.638638 -0.522584 -0.389166 -0.417877 -0.392524 -0.624899 -0.720736 -0.736855 -0.746599 -0.762163 -0.752637 -0.705215 -0.686408 -0.684036 -0.494670 -0.561329 -0.520204 -0.423817 -0.295021
0.787794 -0.040601 0.116452 -0.163879 -0.076618 0.179218 5.460468 6.961496 4.229259 4.338707 0.174171 0.238787 0.254606 -0.158258 -0.065730 2.181518 1.744103 -0.182231 0.442203 -0.266711 -0.078207 0.181591 5.643647 5.364585 4.968593 4.368551 0.484893 0.349353 -0.100815 -0.166448 0.065299 1.787696 1.063064 0.309561 -0.441952 -0.514572 -0.349512 0.342572 4.066187 6.442146 7.330241 7.273498 1.255507 -0.052595 -0.424564 -0.644225 -0.607415 -0.359942
0.202788 -0.422319 -0.542360 -0.567975 -0.671287 -0.691122 -0.705300 -0.650267 -0.619585 -0.538119 -0.460837 -0.301310 -0.207198 -0.114749 -0.150895 -0.028487 -0.266131 -0.340769 -0.551482 -0.557096 -0.635382 -0.573292 -0.387284 -0.455641 -0.547496 -0.541304 -0.512681 -0.449116 -0.454566 -0.461346 -0.349496 -0.052966 0.659390 -0.196401 -0.518278 -0.679189 -0.739224 -0.750677 -0.747509 -0.724260 -0.638163 -0.542135 -0.388245 -0.172729 -0.100927 -0.312932 -0.230111 0.058006
-0.344937 -0.082773 -0.144716 -0.238159 -0.090113 0.012245 0.063242 -0.053728 0.053800 0.410075 1.161173 1.158137 0.773863 -0.019689 -0.388935 -0.445028 0.051015 0.187196 -0.216477 -0.353429 -0.289800 -0.153051 -0.121218 -0.225060 -0.261864 -0.147355 0.179996 0.745718 1.919887 1.401986 0.133059 -0.295215 0.010269 0.189640 -0.192867 -0.284019 -0.160465 0.032078 0.200749 0.408701 0.760983 0.856972 0.488446 -0.120630 -0.420263 -0.550140 -0.562608 -0.358699
0.370608 0.198402 -0.429984 -0.578436 -0.727922 -0.748816 -0.754794 -0.707335 -0.741657 -0.713917 -0.719374 -0.621605 -0.715399 -0.673975 -0.526782 -0.469632 -0.163981 0.075688 -0.308279 -0.639449 -0.773278 -0.745136 -0.720284 -0.683497 -0.661749 -0.646349 -0.643882 -0.566948 -0.611547 -0.645349 -0.561010 -0.414153 1.012135 0.083732 -0.486062 -0.679077 -0.748125 -0.774404 -0.804826 -0.813723 -0.779348 -0.767921 -0.806976 -0.605457 -0.666699 -0.614860 -0.493486 -0.343944
-0.457118 -0.404330 -0.302001 -0.338197 -0.466058 -0.482723 -0.511009 -0.450486 -0.418142 -0.359095 -0.255704 -0.160541 0.067746 -0.238884 -0.495754 -0.469632 -0.499700 -0.407662 -0.317152 -0.359423 -0.450372 -0.494073 -0.507729 -0.449281 -0.479593 -0.462811 -0.404648 -0.279747 -0.179772 -0.064912 -0.041745 -0.327948 -0.366215 -0.364277 -0.277673 -0.375635 -0.466547 -0.474846 -0.452550 -0.391691 -0.327161 -0.309971 -0.321346 -0.245668 -0.326505 -0.526762 -0.543484 -0.354350
-0.399113 -0.713422 -0.748269 -0.723000 -0.832196 -0.745642 -0.635596 -0.565849 -0.633886 -0.643264 -0.624943 -0.548380 -0.553007 -0.511898 -0.319931 -0.199639 -0.287940 -0.624182 -0.722193 -0.803113 -0.776955 -0.647828 -0.667124 -0.664509 -0.682349 -0.726116 -0.706447 -0.593887 -0.567562 -0.561294 -0.333199 -0.168156 -0.397693 -0.774259 -0.793284 -0.853282 -0.794014 -0.713479 -0.623202 -0.585734 -0.563094 -0.591502 -0.559520 -0.435063 -0.400694 -0.350281 -0.126018 -0.106781
-0.292902 -0.450533 -0.596293 -0.618441 -0.714206 -0.744610 -0.752189 -0.710052 -0.741963 -0.723485 -0.720626 -0.577670 -0.597774 -0.526745 -0.299084 0.466358 -0.432443 -0.477896 -0.593839 -0.666357 -0.711378 -0.673992 -0.702301 -0.686858 -0.698657 -0.721230 -0.701987 -0.607826 -0.617454 -0.580542 -0.361504 0.644669 -0.460231 -0.627258 -0.643620 -0.689057 -0.676863 -0.640011 -0.663627 -0.711884 -0.713857 -0.723657 -0.711531 -0.498041 -0.476388 -0.355128 0.026981 0.905240
-0.196264 -0.397762 -0.478130 -0.479975 -0.706905 -0.758022 -0.738446 -0.618884 -0.626429 -0.544239 -0.464870 -0.404582 -0.381915 -0.355389 -0.422872 -0.455298 -0.227297 -0.385632 -0.505163 -0.569540 -0.628027 -0.697895 -0.693529 -0.682861 -0.632184 -0.535674 -0.491867 -0.446656 -0.483320 -0.411019 -0.335601 -0.393538 -0.306291 -0.533905 -0.600257 -0.703691 -0.691890 -0.665592 -0.592522 -0.532339 -0.451583 -0.433834 -0.461448 -0.433071 -0.466281 -0.230251 -0.001707 -0.108645
-0.487866 -0.796498 -0.812977 -0.696558 -0.472695 -0.590335 -0.616553 -0.511674 -0.472180 -0.430415 -0.423009 -0.388927 -0.415082 -0.416426 -0.287934 -0.211619 -0.518695 -0.653204 -0.482561 -0.568172 -0.687552 -0.699026 -0.675107 -0.586558 -0.549975 -0.541410 -0.548733 -0.485543 -0.500262 -0.502491 -0.325137 -0.250988 -0.532286 -0.858489 -0.850089 -0.702346 -0.604273 -0.636674 -0.591511 -0.530836 -0.437214 -0.369033 -0.332729 -0.258386 -0.270379 -0.218277 -0.095418 0.081458
-0.429636 -0.699165 -0.725603 -0.694350 -0.618044 -0.255833 -0.209107 -0.071611 0.305911 0.745204 0.488615 0.166319 0.510338 1.766451 2.077281 0.700301 -0.520102 -0.659083 -0.734471 -0.799659 -0.746235 -0.296954 0.058528 0.209211 0.303393 0.543780 0.517352 0.272400 1.146484 1.709775 1.951776 -0.313705 -0.532286 -0.815352 -0.803792 -0.850030 -0.774248 -0.590888 -0.174410 0.076751 0.260068 0.561281 1.237819 1.454292 3.056299 3.953685 2.773569 -0.029901
-0.479306 -0.768358 -0.672095 -0.497953 -0.663986 -0.798972 -0.806533 -0.715838 -0.592413 -0.336174 -0.009406 -0.127969 -0.456768 -0.461997 -0.554416 -0.487710 -0.427237 -0.513478 -0.560188 -0.661666 -0.799095 -0.848985 -0.830817 -0.770987 -0.676150 -0.521866 -0.344808 -0.211695 -0.191274 -0.257213 -0.357044 -0.469873 -0.498925 -0.805644 -0.709758 -0.695617 -0.696051 -0.744992 -0.713436 -0.622509 -0.344028 -0.091967 -0.007692 -0.202303 -0.456820 -0.360545 -0.538566 -0.350312
0.352925 -0.419333 -0.655002 -0.675320 -0.818922 -0.818971 -0.793419 -0.683491 -0.668005 -0.601206 -0.537327 -0.485634 -0.571312 -0.584895 -0.525813 -0.479473 0.359015 -0.367687 -0.638372 -0.771904 -0.841536 -0.828877 -0.810289 -0.753452 -0.720496 -0.638065 -0.524203 -0.455909 -0.498086 -0.528802 -0.457397 -0.386667 -0.160717 -0.315520 -0.645167 -0.774674 -0.784073 -0.745981 -0.711848 -0.662467 -0.606407 -0.547620 -0.517664 -0.430006 -0.521117 -0.507089 -0.534194 -0.357146
-0.353722 0.450542 -0.205496 -0.336410 -0.309721 -0.191155 0.075548 0.457603 1.307613 2.188302 1.537783 0.697831 0.088588 -0.549427 -0.588191 -0.493914 -0.486192 0.242827 -0.058937 -0.253876 -0.283441 -0.200292 0.043001 0.399454 1.128055 2.104385 1.156508 0.628004 0.126419 -0.520503 -0.622423 -0.512226 0.098952 1.033836 -0.191480 -0.262881 -0.218838 -0.029835 0.541764 1.408883 1.218896 0.600443 0.145545 -0.396448 -0.649066 -0.688417 -0.604956 -0.359942
3.227608 0.329772 0.475983 1.741369 2.012689 0.873934 0.434669 0.104677 -0.228548 -0.507076 -0.600466 -0.581079 -0.698725 -0.696245 -0.567829 -0.478189 4.697614 -0.010574 0.118806 0.756706 1.330934 1.420027 1.087267 0.561170 0.111032 -0.023828 0.017203 -0.151374 -0.281421 -0.480594 -0.569245 -0.480868 2.578621 0.157451 -0.312716 -0.180124 0.132440 0.466708 0.981027 1.572073 1.452747 1.313135 0.856915 0.190891 0.059923 0.071391 -0.083943 -0.153686
-0.487866 -0.796573 -0.815313 -0.789815 0.214006 -0.356779 -0.383727 -0.384915 -0.367066 -0.201656 0.083356 0.120743 0.292848 0.371068 0.225478 -0.071596 -0.263880 -0.392315 -0.530387 -0.664663 -0.795571 0.338334 -0.799762 -0.741642 -0.615876 -0.456332 -0.147449 0.248271 0.548247 0.411340 0.223463 -0.161285 0.053042 -0.383108 -0.675729 -0.807978 -0.767312 -0.638095 -0.483013 -0.258204 -0.157031 -0.107402 0.047124 0.215715 2.670731 -0.064319 -0.091593 -0.233206
-0.391567 -0.414929 0.268801 -0.412845 -0.562589 -0.495817 -0.565263 -0.580488 -0.557272 -0.383017 -0.198406 -0.281236 -0.338236 -0.417869 -0.413176 -0.440750 -0.227579 0.650992 -0.267484 -0.480933 -0.520239 -0.540183 -0.614840 -0.622444 -0.522986 -0.447410 -0.383338 -0.475938 -0.555749 -0.625218 -0.540425 -0.500482 -0.377509 -0.365591 0.304609 -0.371990 -0.418173 -0.366034 -0.482002 -0.559037 -0.590060 -0.628240 -0.682284 -0.522405 -0.563050 -0.510511 -0.471356 -0.311329
-0.099064 0.238037 -0.417668 -0.604878 -0.841708 -0.881903 -0.911898 -0.841457 -0.863524 -0.802372 -0.812414 -0.676019 -0.781371 -0.763467 -0.604513 -0.490384 -0.259378 0.073522 -0.389086 -0.629872 -0.800627 -0.851407 -0.873714 -0.833947 -0.843047 -0.819691 -0.790322 -0.651281 -0.711642 -0.741588 -0.647984 -0.507479 -0.523711 -0.482447 -0.414537 -0.686030 -0.728532 -0.765506 -0.809735 -0.791446 -0.741241 -0.698527 -0.667048 -0.476436 -0.489721 -0.391906 -0.306883 -0.227460
-0.486177 -0.274379 -0.102249 0.112422 0.913392 1.180978 1.463524 1.117083 1.002996 0.964951 1.272154 1.179852 1.356011 0.026294 -0.559426 -0.492844 -0.518132 -0.255992 -0.067977 0.271189 0.963595 1.280404 1.477200 1.197585 0.861687 0.833745 1.008086 1.040181 0.989969 -0.200529 -0.612474 -0.511976 -0.531136 -0.342380 -0.207268 0.000472 0.335532 0.761941 1.122298 1.199989 1.246175 1.405363 2.090166 1.911231 1.712295 0.097621 -0.537746 -0.356214
-0.402942 -0.562048 -0.388101 -0.440443 -0.559565 -0.596604 -0.591043 -0.505888 -0.502621 -0.527215 -0.557215 -0.478817 -0.498453 -0.462203 -0.471837 -0.477440 -0.517006 -0.677214 -0.556449 -0.612606 -0.655070 -0.632485 -0.613524 -0.561029 -0.563423 -0.523141 -0.363516 -0.187801 -0.183968 -0.264100 -0.211574 -0.157287 -0.441093 -0.712948 -0.526972 -0.559259 -0.574104 -0.561476 -0.532750 -0.496448 -0.437839 -0.434727 -0.423971 -0.318300 -0.323925 -0.275583 -0.393491 -0.342547
-0.107736 1.486719 3.300900 3.023783 3.179462 2.516684 2.096701 1.356663 1.236617 1.180470 1.583260 1.347764 1.717044 1.215474 0.295452 -0.219000 0.014291 0.611636 3.356458 3.599706 3.157746 2.571894 1.988191 1.379198 1.236490 1.329659 1.273957 1.277484 1.775185 1.699003 1.318433 0.067471 -0.398843 -0.188154 1.741568 4.168375 3.172920 2.406912 1.993243 1.809963 1.748027 2.026976 2.479476 1.692262 1.413389 1.149664 0.513842 -0.104762
-0.481559 -0.682744 -0.686534 -0.641992 -0.570332 -0.390030 -0.343216 -0.367733 -0.371152 -0.296230 -0.023730 0.206972 0.427510 0.218064 -0.198244 -0.365336 -0.512926 -0.625172 -0.661309 -0.749557 -0.596541 -0.367371 -0.290700 -0.295015 -0.333486 -0.256331 -0.060601 0.142503 0.255112 -0.087515 -0.325994 -0.418275 -0.483866 -0.601128 -0.536892 -0.516871 -0.504172 -0.517914 -0.519684 -0.423781 -0.252091 -0.081506 0.200361 0.225368 0.091534 -0.144719 -0.375732 -0.331985
0.405411 -0.061650 -0.359543 -0.377939 -0.414069 -0.382809 -0.325610 -0.286733 -0.254494 -0.162602 0.044555 0.096882 0.315684 0.478706 0.444449 0.221717 0.520684 -0.079385 -0.303647 -0.367372 -0.362578 -0.317465 -0.294034 -0.271848 -0.274834 -0.185274 -0.037433 0.011787 0.136055 0.212328 0.463969 0.151552 0.480246 0.052712 -0.225243 -0.342723 -0.378988 -0.343234 -0.307091 -0.224965 -0.150367 -0.091201 0.056931 0.055434 0.187442 0.471681 0.306475 -0.115789
-0.372870 -0.081803 -0.581801 -0.709963 -0.907783 -0.913885 -0.938306 -0.845227 -0.858212 -0.775668 -0.751778 -0.581079 -0.602486 -0.583657 -0.457293 -0.401278 -0.372222 -0.076539 -0.550757 -0.784544 -0.896847 -0.888231 -0.881696 -0.846757 -0.838850 -0.823939 -0.769756 -0.640036 -0.671231 -0.648351 -0.526702 -0.467375 -0.158730 -0.042102 -0.590390 -0.838816 -0.888451 -0.884390 -0.885893 -0.870831 -0.810792 -0.782463 -0.775453 -0.557649 -0.592940 -0.538451 -0.554139 -0.358389
-0.487866 -0.683267 -0.334594 -0.339038 -0.635374 -0.745325 -0.782191 -0.745731 -0.815308 -0.771329 -0.727997 -0.126075 0.138974 -0.696451 -0.607583 -0.494663 -0.520524 -0.686496 -0.111115 -0.219931 -0.586582 -0.730035 -0.815114 -0.809326 -0.559703 -0.331106 -0.721314 -0.729171 -0.789822 -0.784851 -0.663594 -0.514350 -0.532391 -0.844475 -0.120542 -0.280767 -0.641204 -0.788554 -0.594254 -0.499454 -0.634519 -0.815246 -0.851808 -0.649895 -0.720675 -0.699536 -0.607415 -0.359942
-0.301462 -0.168686 -0.470645 -0.625380 -0.819880 -0.791909 -0.812551 -0.778955 -0.836351 -0.800147 -0.766937 -0.610495 -0.678970 -0.621599 -0.343040 -0.106361 -0.398111 -0.343925 -0.444446 -0.631501 -0.793809 -0.826939 -0.804061 -0.685950 -0.755688 -0.780710 -0.784994 -0.642145 -0.645430 -0.585839 -0.368709 -0.032477 -0.337979 -0.555145 -0.557374 -0.681208 -0.731942 -0.738566 -0.701453 -0.724525 -0.728746 -0.705798 -0.722389 -0.551826 -0.343278 -0.148426 -0.111811 -0.245786
-0.475815 -0.599892 -0.541883 -0.602933 -0.818848 -0.772942 -0.609996 -0.502820 -0.677607 -0.791357 -0.728136 -0.574135 -0.695282 -0.710473 -0.596594 -0.488030 -0.511800 -0.611435 -0.504995 -0.618079 -0.803155 -0.872969 -0.812833 -0.543131 -0.515642 -0.571043 -0.736057 -0.603492 -0.628489 -0.724812 -0.635804 -0.506104 -0.222210 -0.360263 -0.561588 -0.573220 -0.604735 -0.760131 -0.845035 -0.888600 -0.851814 -0.829406 -0.853034 -0.642386 -0.715729 -0.692979 -0.605229 -0.359942
-0.486402 -0.794110 -0.667264 -0.551311 -0.312892 0.412377 0.773129 0.638800 0.308363 -0.070809 -0.290611 -0.372767 -0.480148 -0.507156 -0.303771 5.210913 -0.519539 -0.706545 -0.791839 -0.714244 -0.718349 -0.405406 0.444601 1.133444 0.950762 0.464969 0.075184 -0.240040 -0.405607 -0.477769 -0.371968 6.195766 -0.530613 -0.857686 -0.867903 -0.957064 -0.736566 -0.530334 0.184002 1.516468 1.574461 0.859268 0.321549 -0.168132 -0.339838 -0.405021 -0.203336 7.895576
