-1805.786792 4637.236159 -564.915425 -433.737909 -3303.043336
-2293.516809 1125.421066 2172.449591 1440.202318 2704.787850
2617.169442 -3842.258054 -4033.339652 -4664.642657 -2465.155887
1911.307043 -2894.077650 -1475.025808 -901.042962 -8220.572632
-1035.130587 2050.682717 42.294255 127.816544 -3669.434836
-1575.554494 1763.028105 1371.254197 888.001738 -336.179582
28.189715 529.984515 -432.899748 -157.420448 -4271.865172
-2731.789906 2353.008510 1529.200024 1148.055483 -315.544280
-1770.022966 5064.297428 -622.446228 -483.411813 -1926.115950
-1150.146275 1552.584670 600.020794 472.690910 -1953.916021
-711.430770 -27.507861 1973.668670 1238.704800 4012.618827
-556.593018 284.322763 504.607098 204.982830 -582.999327
1761.478434 -2301.315168 -1397.805701 -992.401547 -3830.625534
-1140.832691 177.867422 1723.040032 1273.202955 2306.033769
-2171.060317 4504.352794 -148.252017 -274.961260 -237.891082
-1487.338103 3784.418825 -361.104572 -319.377182 -3419.103287
-440.129627 1326.255565 62.271976 69.879533 -4870.921255
-1264.241225 2139.941086 -182.870320 -243.090028 -2079.259827
-72.241630 339.672009 -125.579332 22.392680 -3786.687643
-619.188480 2021.983478 -653.285400 -712.518865 -3281.258548
3242.442849 -5168.961844 -4925.633255 -5493.163514 -3419.899759
-1444.925531 1286.004629 1060.487190 661.867442 -1019.715702
-1681.131043 1640.650480 1229.545517 851.316464 256.783972
-1874.999309 3221.542017 83.350491 -12.279700 873.861551
-411.902958 1082.614084 -539.890222 -244.846044 -2631.992000
-2482.764494 3755.400360 668.591826 221.139103 -103.968561
-1460.973202 1968.672923 456.929387 498.128713 -2494.531659
-1603.689212 3724.590955 -344.563171 -309.293567 311.990616
670.725306 1492.526553 -1288.604486 45.071753 -4945.367773
373.581370 -67.734641 -844.704485 -627.769022 -6087.829020
1551.488761 -1069.592153 -3203.595704 -150.597230 -1714.928087
2146.561215 -2076.858786 -3227.527124 -536.078667 -1150.516117
3422.951274 -4070.570867 -4757.981616 -335.906903 -4884.519180
-478.376255 -1703.685761 918.955673 392.367507 660.653642
2137.227877 -1224.031522 1775.704901 -327.618200 6234.857155
2886.046098 -4240.547037 -3690.797863 -3555.995729 -3743.282314
-1405.946635 -609.069085 2573.170050 1703.384891 3863.773001
2069.488979 -3987.932296 -774.526007 3199.407278 5180.442202
1.231287 -53.218471 -142.810342 147.565783 -921.285377
755.443734 718.799732 -2120.122794 -1284.812814 -5997.076296
-998.923409 1830.277230 467.563782 156.871116 930.357766
78.688578 582.409092 -98.869536 -118.535225 -37.968139
-241.724704 -1440.987562 662.699422 781.651757 -27.769209
-1069.156554 -244.306249 593.508358 308.619371 -540.827151
689.434345 392.092978 -1153.939733 -1108.353846 499.566946
621.068255 -762.858974 -687.039295 -1245.982176 -4416.841491
-849.546180 180.989995 1616.868654 942.544005 3075.176041
468.416004 -1414.028858 140.708547 -165.085998 375.539634
1292.048771 -3258.393093 1937.602882 383.173148 4092.924315
987.618918 -873.501656 1459.926195 206.547928 3775.831705
-1837.084420 2244.026530 828.450272 746.573359 -2363.406156
-949.819583 1691.607541 -124.220977 -175.951694 -3756.912300
-795.027081 1867.044935 -207.490543 -90.125243 -981.613720
-1784.471768 -463.233571 2902.022231 1982.007937 2566.933401
-2298.127794 1883.399923 1008.578150 700.672078 -33.565386
54.573479 -42.385251 -349.249814 -1039.194128 -2032.196099
-1312.110495 2368.108904 276.329893 135.237157 -286.670766
-1402.869761 -930.492737 2372.627463 1412.630576 706.699289
1897.984060 -2936.680843 -2386.514480 -1806.886361 -3518.029440
-1444.071163 -701.290279 3940.978364 2041.419439 5341.875510
-1161.685653 -732.351781 2282.394639 1770.802099 2854.572759
-948.522231 -202.636540 699.313420 240.774937 -2224.606616
85.155394 -291.364874 -782.504320 -150.542015 -3380.050245
-827.923462 1107.851079 1133.437416 600.303922 2272.114844
1535.877020 -2139.505522 -1587.415214 1529.570922 1969.100244
560.373180 -992.075341 469.282394 -173.614674 892.587677
655.587847 -1721.475092 1754.318043 1186.974597 5028.516991
2273.030703 -2838.066184 -2852.222050 -1834.742501 -4245.107797
1333.637332 3248.523643 -5646.247846 -3458.431435 -2345.732213
-448.709646 466.773785 2161.689169 829.597370 5612.274381
2050.558839 683.752139 -5262.955729 -4318.075825 -3824.330429
851.772298 965.038165 -2103.593730 -1140.048413 -6357.109991
646.395841 -1391.472186 1822.799110 179.121120 3997.586702
651.893373 -2303.168921 2080.495361 1418.049450 5621.658130
873.381776 -1221.082302 -1308.934459 1797.108497 1246.885958
3335.583887 -2721.794214 -3400.516245 678.203057 1985.839036
1466.903381 -1014.324446 -1948.011762 -1518.537115 -5622.029613
967.519894 -2602.431717 3003.113739 1456.913820 8203.753958
1989.783055 1310.441794 -5760.080431 -3964.398731 -261.110015
-11.769631 -565.630106 279.880887 529.704060 376.520173
-980.802693 -670.144777 1984.253176 1267.379133 2536.728413
392.063835 -2293.710540 3423.838670 1589.825053 7318.131733
1978.987814 -2813.768665 1110.971185 -153.172952 4138.786401
591.959145 3476.832170 -4295.041206 -3063.086552 -4400.557169
-755.328913 1272.739722 15.224028 249.731324 -928.669037
-654.111401 394.988083 1130.471320 620.604265 838.519482
-1010.810472 995.224916 547.882853 613.502810 -61.725522
-421.110652 -109.928079 1635.907157 823.862094 3298.622871
270.918891 -1559.185567 2332.264532 1141.302191 5090.758783
690.321925 -1383.795599 2478.645138 837.462956 6781.144612
-823.199745 1568.166647 -231.965018 -133.860267 -1107.893967
921.384973 -1101.031793 1950.833047 564.107226 5903.513588
1058.664570 -2245.329882 2251.079322 917.578492 6110.508035
-483.542828 -347.864914 2204.245371 1325.896431 4462.417078
289.805257 -1471.731823 2394.226479 1160.433641 6140.003599
-1795.787643 4630.122862 -563.261841 -430.193430 -3308.052367
-2283.828454 1122.382393 2169.121987 1436.616281 2728.736544
2615.672269 -3839.570484 -4035.644835 -4669.122898 -2462.766790
1901.745726 -2882.548903 -1487.078283 -911.840736 -8204.422695
-1028.261530 2028.949351 48.745960 136.864496 -3680.357769
-1578.314728 1755.342702 1379.212449 895.379239 -345.234798
36.412687 546.545042 -449.070468 -162.966484 -4275.225359
-2736.739616 2348.499896 1534.229501 1150.404496 -319.112365
-1761.182399 5073.669678 -631.610210 -487.013306 -1922.239970
-1173.781554 1546.411789 614.798218 475.646675 -1939.903213
-712.814980 -29.401409 1976.406018 1244.382912 4009.777934
-550.567337 309.683133 497.733498 214.606400 -606.243421
1765.076126 -2303.059114 -1402.867034 -995.222113 -3820.943324
-1153.593947 172.995465 1729.061051 1274.297626 2283.957199
-2165.063284 4499.588855 -149.878517 -275.217684 -235.118574
-1497.374089 3807.656352 -368.319178 -331.451658 -3401.549583
-439.568709 1330.930076 59.370950 67.536265 -4869.128389
-1266.306562 2135.679653 -177.556738 -233.401177 -2097.392759
-51.479926 321.307008 -124.641045 29.599393 -3821.793525
-628.070103 2022.183310 -645.965222 -705.672616 -3302.011048
3248.871622 -5152.124781 -4937.529323 -5502.111883 -3412.577193
-1441.621825 1279.711234 1065.971580 667.824251 -1039.816359
-1701.717780 1623.962663 1251.727843 864.366721 235.172367
-1887.303456 3211.505173 94.708368 -3.258755 857.636217
-406.043777 1096.076318 -547.668040 -257.406469 -2622.113194
-2478.414779 3736.313983 673.842388 227.686782 -101.615541
-1446.516737 1971.150612 454.071737 505.060140 -2523.255297
-1571.697258 3771.480399 -391.768185 -334.231228 343.947954
677.167892 1495.652348 -1291.609504 44.180611 -4961.329230
374.588831 -71.639713 -843.450639 -630.370758 -6085.450302
1550.551854 -1075.785798 -3208.507854 -149.372479 -1712.831087
2162.995194 -2081.761300 -3229.812773 -545.422326 -1125.824041
3443.444338 -4072.910616 -4750.945986 -338.148090 -4882.764322
-466.799726 -1696.806395 917.247320 403.653260 626.320130
2140.152140 -1219.445978 1773.290313 -332.695313 6241.707030
2860.308931 -4262.839379 -3676.454196 -3550.983767 -3747.204551
-1410.490632 -606.405029 2570.405107 1703.792139 3867.582582
2054.379876 -3987.230624 -762.686041 3202.072464 5163.743374
0.057662 -56.536479 -142.149481 150.876981 -922.530357
742.026185 713.834722 -2108.008522 -1295.452262 -5984.140427
-1006.508106 1826.164073 475.973814 158.715835 924.793078
78.833660 560.844607 -85.188507 -115.625532 -33.981705
-243.693552 -1424.353109 659.123679 770.681099 -23.957948
-1061.218176 -255.524792 593.575982 312.726523 -542.607955
669.937989 396.558043 -1143.379946 -1112.396425 506.513279
610.419741 -768.361732 -676.967551 -1241.400649 -4422.350230
-858.791360 158.757520 1632.250285 949.815067 3086.131778
492.774540 -1401.103949 123.240740 -167.963517 344.375433
1289.750231 -3282.227053 1953.651700 384.293637 4109.731885
987.259089 -866.623879 1455.109930 206.156635 3764.589087
-1836.046966 2227.784874 832.787899 748.821097 -2339.916395
-948.426304 1682.374761 -116.620942 -171.828725 -3762.079996
-778.968946 1871.517753 -219.168448 -75.552579 -1021.028555
-1776.674451 -458.289454 2893.595099 1977.964108 2574.342303
-2284.683883 1870.508043 1002.049255 710.107653 -36.635631
67.351278 -47.760206 -356.429746 -1042.809247 -2020.734045
-1306.146412 2370.691933 272.055558 133.057726 -275.639988
-1402.368402 -921.476652 2367.387218 1410.706392 709.712074
1882.923741 -2952.227889 -2373.639868 -1809.293169 -3516.438350
-1452.506617 -717.205961 3954.043854 2043.229905 5346.969047
-1148.906535 -719.478853 2263.733172 1786.723946 2850.871472
-936.631461 -179.742578 690.338846 244.704705 -2262.140373
88.596984 -269.744367 -800.726345 -138.275310 -3401.683163
-813.977050 1127.796769 1115.817213 583.639553 2293.872438
1564.570607 -2109.027159 -1702.710925 1722.306931 1927.433290
541.689883 -1003.893765 485.175879 -178.290313 903.507005
681.606644 -1697.654030 1705.139212 1241.076406 4991.459310
2275.628216 -2834.389662 -2852.319043 -1840.354252 -4236.115448
1322.905090 3257.085532 -5618.424185 -3522.621062 -2361.161019
-442.785499 475.096435 2156.683908 818.829616 5631.848044
2028.356530 742.901096 -5294.950412 -4351.721675 -3813.367389
847.944610 989.688184 -2115.565740 -1148.986993 -6350.067761
650.348460 -1387.442681 1821.302878 182.475268 4000.887177
644.120750 -2297.112660 2076.392369 1419.763844 5627.296271
852.894807 -1239.549887 -1211.772162 1618.514490 1298.748419
3338.466592 -2706.267803 -3406.961366 682.037904 1991.762750
1451.233377 -991.556243 -1955.510684 -1539.297202 -5580.597699
967.832960 -2613.457628 3007.612272 1452.798144 8213.282712
1994.579040 1313.864622 -5760.889479 -3962.403662 -268.129720
-19.148232 -591.705711 304.522825 497.571495 390.452886
-960.977817 -663.481127 1969.731115 1272.105232 2519.542579
373.434455 -2306.252316 3437.965978 1580.881919 7327.550707
1996.971145 -2820.734340 1107.362214 -120.009788 4121.291644
591.779256 3473.067118 -4290.711314 -3062.494898 -4389.424421
-760.869200 1273.228287 17.570266 250.570622 -933.583509
-647.814955 386.463166 1123.185995 615.286793 860.838407
-995.207507 1021.480420 521.046221 627.364772 -83.308142
-394.034465 -98.582149 1624.364348 828.615053 3283.779621
273.774585 -1551.501897 2328.323532 1136.785985 5083.884960
685.620826 -1381.798110 2478.741690 839.413703 6774.221406
-847.148576 1549.399301 -216.571658 -146.281271 -1040.214586
936.165961 -1079.835880 1934.097670 563.407785 5892.504651
1034.051300 -2269.372406 2279.578987 913.021431 6108.931923
-484.486958 -355.552547 2206.910849 1331.437063 4462.941880
289.525125 -1462.310062 2389.726812 1165.361378 6134.418906
