76256.144837 -125925.142910 -102790.571431 -96075.932064 -56813.075428 18577.091291 14610.830556 19691.412504 27946.094922 5813.744609 -24607.925768
65700.323802 26969.053111 37554.341979 26982.434731 7653.951510 -14367.999551 -866.390578 26344.008694 10823.740626 -3992.384777 5963.664734
10751.512454 -273870.185579 -259038.438381 -311619.906670 140844.904941 -190825.737516 -43890.297202 4535.166014 -49640.699237 67150.570558 -15864.785604
39695.874726 8358.941793 14261.478313 1577.126735 25995.310833 11785.595660 -29399.015475 11514.379183 8309.002318 6347.101031 -12534.326513
137285.902528 13981.397337 32241.673165 10280.192869 -8234.190810 -18257.895701 4796.629129 -7990.402155 3407.453312 -4198.759221 -4353.588495
-2605.221167 -4391.725625 -46073.480651 -24820.518042 -28295.937494 -28460.894614 -17971.297677 28151.068676 -4169.118710 -694.927567 17064.073637
-108551.599865 56226.296699 13769.265562 3689.349682 -22378.135766 58330.179579 64247.171703 5373.714481 -212686.082245 33816.431331 43173.824605
23791.602065 -160185.196445 -115771.649287 -180858.065486 82220.934712 -96662.235318 9034.332923 -11159.452150 -27761.657721 -9406.525115 -39314.506887
151109.837009 4338.105122 -10477.077747 49734.021124 -24.608202 -19616.209489 11862.865339 -9418.031864 -1463.244927 -16030.936473 -13524.140020
140298.690323 12452.577024 34482.798545 8024.613753 -15101.309775 -4685.543289 4524.683152 -12062.478308 -1353.922664 -14369.217357 -6125.498518
-177908.433336 10375.018451 -46911.025700 2979.581503 -14337.817273 66395.846241 -56593.727141 -2761.343870 472.763080 15210.463813 -7692.864877
-460639.032006 -156900.752605 -778499.732195 312194.394737 -94690.763053 12593.955686 1475.634448 140860.078732 -82657.682678 -97714.232503 52796.969431
-66411.380186 -64218.997161 126831.735838 37340.949845 292263.358891 236550.513456 -67348.706714 200114.427538 -132781.370542 -29371.660225 -103076.654550
-41237.536766 37841.782000 4904.192034 9294.757057 -25569.428398 -27449.439298 -37613.441493 21300.156585 13557.738499 -3882.034476 11957.488570
-430340.290460 -18195.506284 -39244.406460 -6274.632784 16339.832435 76456.550974 -77044.591805 28150.123323 85022.948528 -5368.695452 78251.131654
-460875.620415 -498630.152932 -367738.096870 -574789.999802 343816.067892 -123163.855960 -2155.647938 -33574.224369 -16827.594141 -149894.516395 -1222.811146
132727.128350 2022.600104 21471.139393 -363.735144 -6327.078312 -3389.440643 6345.854458 -10189.056655 -1942.391627 -6585.825650 -8381.571993
65900.991949 -42047.087430 -39561.362886 -65901.351647 -19994.286966 -20227.140830 -13296.259421 -15678.759815 -29190.070172 867.420168 16884.503081
44486.236624 1185.814462 -18991.487808 14045.545159 -6953.337786 4236.322707 -10168.844585 -7157.854495 2258.193466 23067.776809 2046.111079
43821.917242 43707.901470 30315.860613 19407.269943 -33251.230402 -26886.336107 -13897.346756 25345.669314 585.931793 -12970.917010 8875.774320
38477.538972 -21134.772423 -6226.025484 6446.834523 -27586.656837 -79.992548 -10694.686438 -13792.853007 -5390.301799 10836.006521 13561.276210
-54050.361721 -290950.379750 -169911.501700 -223402.481222 -212248.168702 254221.046617 284670.516152 49303.073592 91623.431313 63741.500711 -32682.880602
79981.151271 48204.497631 16350.388050 8075.921757 -37782.193370 -12370.095296 -25390.902229 -14570.148539 -9600.630748 -14245.261218 -2145.821097
119095.078688 4265.390734 21761.190418 39925.013053 -2324.794402 -25171.029606 20284.549763 -5979.881133 5888.568950 -9082.658646 6697.523450
-44788.579862 -18724.812488 -18933.218471 -26790.678177 -11667.939543 -20176.518983 -24205.389046 -3862.764978 3563.801910 20250.754645 16141.644351
126921.365717 18996.532745 27424.231561 6395.711464 -36248.474171 -6088.943335 -10957.844164 -9865.906880 6057.100617 -10880.421383 -15347.032783
-4240655.257893 -419607.656522 387817.932728 94838.567684 -167514.561501 -76410.379461 15944.942921 -23075.827327 -34550.604623 -43807.431858 -54601.816979
-86167.194442 -23470.363359 40126.849733 10063.231218 20259.015571 -65707.323091 34043.903525 51288.213315 -57199.835468 77021.723166 1057.482616
-313800.182755 -152307.782599 -132360.780017 -18818.262374 1934.320585 -14832.274215 110060.369708 -1851.322819 -42183.120917 102524.932018 51158.408506
112534.682076 12297.228618 11046.424183 -6129.159047 -18762.567031 -8343.469990 -2883.349475 -7305.626213 -8434.795482 -3207.753001 -4298.378461
125687.837954 28321.965710 35428.390015 11582.050772 -17329.607812 -17654.071020 3135.639177 -7174.054206 5977.524481 -15932.469113 -5035.986189
37328.617132 -33385.950563 4454.317019 -12236.257353 -372.289094 8194.250957 6928.264538 -32017.213527 3919.703506 2930.434318 4218.049139
49499.100241 1652.481087 57993.472608 33515.142507 31177.257232 -1265.338268 3697.348699 -37454.496665 -9397.872590 20155.932005 4015.384093
142874.192264 1349.541104 13655.905657 -5119.101933 -7657.139569 -25863.695445 5223.588730 -7442.718787 -225.342208 5941.767512 -4926.376685
20529.436212 5860.375066 28559.955227 8158.071394 16799.323175 43965.137549 -21873.893858 -9577.274854 10593.006264 -9263.382444 834.789267
-233151.860377 -32842.042116 -1636.273384 -46319.428917 28802.974480 117961.539989 -54459.162881 -13120.441614 24647.249513 -18398.268608 26180.540977
121295.315288 29369.933241 25581.572211 8825.387174 -12540.074467 -4441.904519 -5035.366128 -6038.069187 -2210.241511 -10121.985453 -11934.788945
30342.596630 1764.020646 -9846.350004 -35175.545071 -23973.916228 -37945.735695 -3807.619952 36373.218341 17101.155750 -14733.414588 -21863.967107
-17793.330505 -101.630201 21398.708485 56418.488115 21893.759799 -39428.526296 22441.115350 2505.779369 36550.349183 2845.200891 56418.618944
17136.501731 25576.988727 48520.811616 26624.640412 -16029.743225 -40095.423300 -3419.064989 35439.961522 28178.728535 -8447.074420 6773.529664
-163881.624988 56028.205451 -8093.554216 -7973.453336 122987.704123 98798.395495 -19593.859553 -21532.344196 -62269.685139 56940.266237 3542.137098
87718.768356 26836.277465 47711.648001 19865.805340 1476.115562 -17045.616919 1667.045668 1752.209276 11374.401967 -10690.877996 -4936.938574
104165.478055 18536.540376 50402.909792 18878.299056 18276.610614 -2546.067488 8093.298499 66.614554 -1438.501984 -7552.350255 -6042.644257
-482393.432583 23267.645805 137293.933300 64067.319969 298896.171227 132407.677618 -8977.917961 95377.000932 -20914.676264 32008.923571 21600.671321
24272.581730 43740.914777 94.307091 31591.612856 -47064.932183 -10780.775517 -35479.653373 -4629.718052 11255.909335 -10772.566728 -26041.584168
129949.508665 14499.575379 43302.654219 11648.615542 19021.151916 9017.239660 -1454.287216 -7257.078212 -548.895239 -9778.442443 -10553.554868
-1454.010916 -5905.708360 98848.218310 44470.037456 95197.092518 -5420.513179 43923.262483 -31063.338851 64474.784991 -40179.319622 79442.379885
61841.005786 -33088.345521 -6963.894273 22158.923173 21750.146612 -13265.379535 13560.536198 -24214.537833 -1667.875213 26082.380653 -1065.012210
71012.644606 -30004.822962 6689.757575 -21318.555130 94236.718716 88848.371754 -23911.862102 -6230.553530 -7314.384496 -5253.283050 -16897.058410
113988.957766 18345.244213 18338.780439 -4105.544872 -31147.756315 -7592.118488 -2670.461051 -7146.092078 1041.395228 -10749.543387 -11099.805557
25342.742445 13582.396525 20776.537729 -8826.432689 7455.369640 -69671.830303 -11842.932590 39338.621811 22629.036393 12780.984700 1998.271734
97861.829696 15432.112019 40174.594807 30728.949469 -633.473041 -27858.309809 14119.838934 -7690.534412 16870.783695 -10960.068862 7036.419456
79035.923848 9247.533687 -24048.318314 42645.239182 -7391.304490 -34838.976378 5326.779264 24765.992223 15548.021249 -4843.288960 4663.453424
32477.165093 42487.569382 -37729.229539 -45077.418143 -84705.541540 49332.158063 -7676.327975 -35730.245024 -14000.744708 -11019.152279 -19175.040778
140725.608959 20720.863013 34193.347818 15275.139194 -11647.958169 -17625.810346 5907.112980 -5607.312093 3632.231906 -11003.984799 -6762.986397
133116.397296 22497.514694 33581.514248 11345.115332 -15580.824112 -10869.926275 5258.681878 -8009.218076 -3351.513576 -13879.658488 -749.169746
75939.901332 -3181.007091 62068.702702 52511.600412 20826.793928 -28041.953605 30045.774940 -3292.536684 3761.121283 -5115.114615 2130.215475
-406804.967570 -234245.736846 -398805.133334 275397.764515 77201.129265 8759.968124 -23071.476441 -208446.987129 87971.600161 91964.341145 -35.981494
74964.248714 11904.207489 15409.162139 -3429.001428 -37719.234384 -1029.381866 -8588.047617 -8461.124702 6405.694138 -8018.783165 -4440.154958
115788.860088 10678.501164 24288.876081 18386.240096 -5342.395974 -12650.047790 6301.548955 -4579.140634 4749.701862 -6946.782964 -3798.827645
-112015.186657 78741.599681 -54034.245131 26872.673212 -17705.044200 -10998.732469 25003.379506 1657.324446 -101081.189860 60650.477417 16164.742381
92741.230484 14082.326778 -62624.419879 111063.017594 1051.670666 -7479.134875 -4611.327462 -8064.733438 3749.118672 -22633.725159 -27560.159290
-494191.667328 -47142.124011 30638.755177 11366.511988 58530.730715 -16304.988932 9709.132864 59380.438523 3743.357506 75302.046367 22295.639891
-413399.509860 -47818.001472 -223717.123295 -41463.402166 -66204.053528 37715.373157 -204580.132717 41740.169081 43495.383238 164704.472656 54319.256770
127062.278194 21077.635299 21152.154909 -1555.998905 -17254.533395 -7997.783032 16121.563530 -1797.183369 -2525.906012 -30399.941080 27960.662576
-125465.169273 83840.872447 38014.055332 23727.823640 -43867.311756 -68892.628574 -17997.353136 54460.920206 24909.872483 661.546229 -2854.459383
-147827.383378 -56117.711720 -101706.207161 -81886.429645 -286295.346327 176565.702975 -133948.157798 -54104.183161 -54136.728269 -59996.312003 52540.352523
92890.988539 10409.705503 17696.361799 20894.376669 13880.795997 -7756.972925 -12385.298365 -1874.195465 9855.754775 20649.729374 8792.974260
87099.531547 13246.384462 17070.094246 -1960.105143 -20993.345926 -1798.939207 -8079.195603 -9358.934341 8910.474850 -9012.631287 1540.860215
126205.967449 13397.973946 39267.676079 13593.659873 3113.166578 -1659.699303 2387.316476 -7147.267890 -3668.917896 -11656.997080 -13311.346587
106022.105779 2586.927199 7275.946339 -7013.268520 -618.914100 9312.771737 -1436.201462 -12199.259590 -6467.814193 -2624.924132 -7056.532561
80964.090372 -177.262795 9448.402050 -1924.816829 4451.137633 6523.619175 -7809.209467 -5558.982699 437.786039 5819.894595 -1351.269766
125157.597987 19278.808313 43459.973617 14460.973069 2986.579179 -9110.441137 7410.838112 -4997.947645 2630.736100 -10131.998948 -6582.925791
66452.634020 41678.067583 4461.906502 -4747.145840 -48021.707617 16370.024494 20540.187637 844.030715 -24278.316967 5268.037334 6163.797971
-12838.127306 -8023.541904 76404.264380 79909.090173 11666.377806 -53730.443376 38684.786576 44565.000456 -34623.677160 58322.597644 -12559.044508
146023.223662 20063.329835 30200.206764 7058.622363 -17143.526601 -14513.070857 5141.144326 -8463.748093 -1826.171302 -10783.817409 -7982.383840
135748.358758 20914.957735 42307.508901 15961.639469 -6843.915946 -16116.918431 10523.380374 -9489.394494 1051.422482 -9309.863940 -6776.075981
104367.091810 -11085.736405 10237.301912 15273.219436 9660.475295 8165.012306 5073.804849 -5603.021220 4347.288047 -1096.061011 3038.482800
132588.694595 15206.101765 30336.284992 9552.746720 -18462.340901 -3985.276395 -1796.841060 -5198.439462 -1409.960045 -11480.966659 -7921.802148
85091.185259 -2722.776220 64115.594732 26916.009765 14633.800605 -15999.056400 19590.987985 -30575.478551 14331.514140 -7225.523164 4411.219665
135428.507883 9607.098508 12413.071958 4877.191194 -3638.850485 -24711.923389 7002.561689 -2455.659329 -1279.377958 -1369.203915 -1115.338750
104897.566676 11600.734073 103.456100 11391.360197 -4093.649988 -20154.338496 -7173.540500 557.458019 -13875.211328 37244.465604 26477.885054
125124.461635 4935.253136 25455.984925 -2030.975452 -7139.417689 1272.647370 13581.967038 -7158.867429 -9928.424609 -19349.738500 9481.271714
104332.693462 17088.556668 38948.568243 13833.740876 87951.076320 66227.193344 -17532.661789 6697.879523 -4406.253469 -2474.852970 -17612.638521
132120.217121 -2148.976602 14429.526899 -7759.458521 -12114.356516 -22002.278362 9829.680183 -4568.560571 -2801.395132 2553.542977 3906.363871
75115.756967 -24148.062767 -26248.064749 -35179.448000 -24454.987772 -13572.488139 -5827.273192 -7957.852072 -5949.121305 27367.015431 7710.413412
11969.717638 -27970.394036 -30672.361044 -44412.143587 19872.170069 -11838.235598 -90640.688226 6666.986598 37302.449340 79894.670620 12854.112879
127703.226721 6843.738473 31701.472272 1304.935240 1987.750746 -12946.873637 10101.605890 -6944.488055 -12082.520026 -8530.339908 -17736.433276
121921.381925 20644.727951 33661.225497 7436.009677 -11704.236021 -19182.465017 1334.376177 1211.727993 6806.537859 -12579.600182 -9917.330834
118566.601822 24606.291467 45565.709448 18576.708037 -1571.658267 -19702.759734 10432.153245 3262.685650 6243.926393 -11650.876051 -1716.122472
129168.541817 20326.148901 15248.688913 -8317.132430 -18342.790550 -20058.012223 -8489.363030 -19533.158648 -16868.648141 -18967.403460 -1940.955217
65832.164782 -150060.489959 -87775.951968 -113369.710525 -171789.123770 170512.465572 176020.905042 55054.253869 91308.807486 22799.141058 -25951.937824
-53471.688649 -8373.192897 98442.696119 46516.903945 69010.920382 11663.126431 25899.807462 -25444.462361 -4473.225838 8380.460889 -10457.401644
64712.259908 29788.187424 19143.820704 16949.455534 -23224.599458 -6431.712792 -19826.172923 -5057.447211 10878.613450 -9838.063714 -12742.719250
95187.543674 -41028.330974 5609.583826 -14949.206269 -91323.210878 78136.420985 24476.222770 -4403.444801 15610.356967 -11222.232200 1582.935337
126341.760333 -40557.207924 -23471.229142 -44219.386143 -11944.321050 -27656.520771 1429.994637 -7771.498263 -6069.502771 15568.093544 2442.201776
98958.454488 34525.988258 22257.567759 13486.781704 -17964.936029 -7476.356070 -3195.785185 -8778.450157 -15124.307200 -9136.781299 -5951.125222
58755.826766 26174.144138 27158.472763 11413.493841 -19719.685885 -21083.112529 -10195.992349 4571.107378 -451.861338 11262.923524 -7539.199776
108350.510939 23381.664775 41676.906993 14893.392201 15047.577466 2368.070567 -1966.416492 -1554.569271 8937.622678 -8186.081639 -5595.040418
-84690.672280 -31078.960712 21516.044904 -942.958439 27654.482017 33346.649077 3456.886653 18042.064656 16890.314807 3537.354688 19519.668547
91361.344038 -1226.214422 4722.631805 -8484.818366 -13053.446118 -10472.736029 3450.923892 784.168509 8147.804060 -309.114067 4711.987647
105204.103212 -5798.575210 20639.031094 4120.697592 -19881.444546 -9457.339038 10697.561515 -3655.390390 -1607.779519 -635.189484 2403.593312
147966.712649 15604.395319 31987.976770 12914.510436 -9280.349361 -14794.099610 7088.684221 -8743.431289 311.741855 -9824.169245 -7328.376833
119618.021717 15283.219608 24429.405745 15888.346598 -10135.012754 -7951.695678 -4955.887587 -8331.067313 3170.963872 599.615111 -5327.823051
147383.275008 22483.583026 37465.728103 12112.936263 -8819.114673 -11233.543501 5296.261858 -10964.814929 136.316577 -10833.569331 -10500.939546
5020.431745 44768.292687 12745.209764 6700.187727 -24134.377284 10881.526138 11870.881759 22181.411444 -42215.227095 -2120.139171 22323.530940
87561.230941 7797.238438 29671.178932 11617.003903 -8136.837926 -4220.491446 4471.370121 -11083.372421 -7216.692058 -4471.603576 -969.629956
123875.379570 5804.401596 56497.000081 17536.384051 30906.073445 11828.800585 3272.583079 -18098.874978 3327.825263 -16400.452431 -16588.458651
5354.614502 21237.764121 69024.066193 44414.790952 5138.494480 -65024.551959 41906.428664 66224.713981 25347.578255 -28778.798914 72402.486894
16084.936518 9953.131320 82825.723848 43730.476306 20776.436605 -51863.396347 40768.913324 34550.532332 26830.629555 -11396.711238 47890.815705
17081.891232 38138.801181 25315.048673 8940.299696 -46182.818365 -8825.229612 -44044.981537 -10788.285576 39134.058123 -33223.087941 -5302.615383
75701.944133 20658.337438 25425.025356 15166.495632 -7917.962630 2438.609414 479.583020 -7453.327498 -28631.923231 -1024.100881 -12792.625614
4290.260110 -42162.779446 23539.553839 25323.467938 127975.277048 101521.418524 -35066.171347 -25855.643612 16699.371041 -3093.323917 -22924.008500
146085.705391 17121.190069 36208.857879 11625.645284 -7669.323415 -9297.717665 5679.079468 -4721.731416 -1387.540453 -10634.337514 -7859.813265
-9610.613908 131674.139313 -12521.622148 -7962.541598 -75399.686730 -13524.508927 -90156.320621 -25190.656073 -3316.220526 18678.265534 -107036.741366
-1711408.130581 1384596.199570 -402515.461581 -237193.887025 112787.613097 17373.906412 91387.683137 -34214.098661 47120.791232 -6742.529061 -18770.003213
104265.526684 35770.552640 23430.125998 7433.864724 -28098.815253 -14246.188323 -1650.453732 -1184.938120 -3836.713185 -11988.542505 -3191.441349
140560.367735 18615.719172 36284.077065 11721.948018 -9335.418345 -14773.645850 6956.792755 -8532.750123 -728.109780 -10627.080568 -6348.513955
98197.773484 -43909.217480 -360.385030 -17428.893222 -107549.890180 61018.345275 -21473.669472 -19846.773160 -15603.243089 -26228.798619 26712.495858
55288.777637 -138588.515472 -121309.243114 -127682.602971 -39187.173756 5406.153257 12080.391442 11667.980001 12448.910692 10512.326237 -12714.953102
141333.014157 2104.288013 27794.363550 92.510607 -17350.343306 -16360.245421 6583.617482 -5773.299904 2591.457063 -15462.227688 -14331.308183
56885.153552 -10955.328283 36966.213296 4417.291192 2545.111472 -11608.890847 21669.707331 -7644.492721 9210.743264 -5680.296274 4752.267197
105672.479750 17058.334000 27659.341610 8343.836558 -13049.244769 -20800.209342 4573.668178 10498.865514 1998.215598 -2297.905517 -5879.757243
99656.416230 11278.104288 11398.899318 -3398.430318 -19563.143265 -3927.518450 -8907.950184 -6008.973090 814.573380 -2491.390758 -9434.266454
-11084.534845 28508.831975 46878.939689 24306.129671 1979.665742 -7937.354530 -6241.831337 -1530.498075 13992.038966 -5070.446059 -3698.551739
146726.674041 18398.106358 36938.082886 11377.000634 -10237.505074 -14680.729092 7445.177885 -8442.139713 845.687135 -10226.248369 -7600.486182
102217.044137 18712.552901 40362.554624 15582.851209 -13254.065332 -9404.173347 2038.288004 -20909.717139 3624.509942 -10166.635133 -3193.952073
72496.723569 10908.641326 -2594.628819 10636.700704 -15327.532251 -36905.862296 -6014.323823 26204.648903 13996.827095 10671.141093 1674.376077
108221.769460 -15213.897634 4640.395774 -26274.295149 -7543.866122 -10403.117215 10868.025604 -7705.273408 -2031.233091 -11826.039906 -10148.291896
144147.767409 12210.080208 18712.821476 21513.770625 -3067.410079 -18980.881642 3384.147611 -6822.868991 -1245.535018 2836.010619 -6391.879300
86690.101118 -28391.973058 -46135.410595 40491.579944 6240.986833 -30003.975688 7815.911047 -19368.127402 164.470690 15343.193864 6682.174772
30331.435826 50400.769460 16277.748111 6060.957224 6781.546007 5172.920219 -13460.519293 -3568.220871 -9723.449167 -4527.011604 -4213.365075
121589.551349 -6216.817450 14280.952378 -4371.478956 13291.710402 -5272.257875 -4842.165782 -8106.719185 379.598200 8194.888952 -3158.718285
141036.043314 14761.691007 19217.614481 15449.142883 -13818.467611 -18685.243796 -2623.645257 -4749.163851 1046.512114 8923.068847 -1192.689774
121803.017422 26399.121633 33509.287544 11227.671898 -17193.975491 -14533.922131 -741.752057 -4128.851924 -618.890900 -11862.910226 -6552.286783
95178.634599 31658.484831 8187.628465 -5967.877360 -25538.905668 11069.691527 -9909.494397 -7642.796845 -6486.590021 -4751.770398 -6728.644310
-184680.357843 3355.340916 11421.989667 13779.173432 117551.333234 89892.873830 -90012.307924 79311.846180 102642.741411 -21850.836212 89755.175654
144213.148022 -3741.736563 16699.743845 -9216.414077 853.393081 -20763.160795 8517.367637 -10895.542448 -3695.939474 7095.443341 2057.727738
-1709.208321 -15083.795631 98000.400391 40445.596465 120141.993162 45069.270271 18211.430712 -34488.781202 24396.709343 -5945.836871 22659.531313
109352.227891 18193.035425 30846.385632 8654.066777 -19356.204426 -2542.000532 -2054.419775 -16407.534049 -3243.771179 -10755.495452 -4817.495744
134527.867266 10691.119099 30164.960449 21891.724797 4662.097284 -5756.142257 7683.010503 -10045.716320 2077.673150 -10754.677555 -7638.505208
139917.937763 13081.274801 37181.894542 9588.517614 -5034.949910 -7023.161440 7073.721083 -10969.941810 336.611250 -10834.716648 -8459.395587
108432.833990 15301.165475 38560.124785 13557.321770 16586.412183 11819.998633 -6614.984581 -5530.913970 -3898.189978 -14641.814992 -12569.165618
147703.785403 -6919.530357 -46297.193364 73846.955135 9685.197481 -27012.550922 10000.507015 -9676.457454 -2075.675986 -10992.296074 -12809.992528
120138.459889 27573.017472 32114.165718 8200.017193 -18893.643846 -10603.973194 -3590.795124 -3883.149320 5645.176904 -1173.802982 -20288.932818
127922.536766 -16829.400974 -5674.272527 -35147.179692 1679.815586 -33941.592462 10182.325681 -9036.004299 -7591.676587 -2136.346352 -5981.037675
145456.488565 23473.210481 38949.148663 13391.300695 -7388.997303 -13755.420781 6715.486186 -7255.247922 1259.661322 -11823.922966 -7615.950386
127231.733639 -6673.080190 14683.782944 -14426.350739 12902.706975 -4778.262526 -4190.804717 -7048.120077 -3924.777982 3063.994953 -8079.415043
151483.655075 12934.486545 31104.482463 9890.349850 -12232.055494 -14473.322581 10829.427824 -8351.203898 -1759.137668 -11576.992142 -7906.584443
