76256.144837 -125925.142910 -102790.571431 -96075.932064 -56813.075428 18577.091291 14610.830556 19691.412504 27946.094922 5813.744609 -24607.925768 33283.194751 -44256.576076 -21658.750496 43149.013258 -15860.732263 -11018.328213 -26677.575181 -33227.660028 67328.356165 -8120.434366 7903.998774 21360.307045 -14343.130616 -4683.126981 -17457.612247 -25963.006137
65700.323802 26969.053111 37554.341979 26982.434731 7653.951510 -14367.999551 -866.390578 26344.008694 10823.740626 -3992.384777 5963.664734 17522.467818 -4599.555767 24783.382802 -14418.368071 5623.611298 -2750.431637 8949.479629 16481.594846 -6759.320456 -1102.414250 -7872.854099 -1959.276501 -17124.639568 14540.004673 -2303.627375 -1374.572442
10751.512454 -273870.185579 -259038.438381 -311619.906670 140844.904941 -190825.737516 -43890.297202 4535.166014 -49640.699237 67150.570558 -15864.785604 19937.619753 -54724.782174 17816.761457 21664.107649 -8770.264554 -10812.408982 -12192.307519 -26381.928148 44137.971406 -11679.223473 -1434.249085 29234.441862 -33841.754205 167.020325 7599.685537 -9986.773550
39695.874726 8358.941793 14261.478313 1577.126735 25995.310833 11785.595660 -29399.015475 11514.379183 8309.002318 6347.101031 -12534.326513 -16811.315927 5874.769433 16729.205757 -10179.664183 -16591.557748 13011.195391 -1226.940402 -4936.567736 -2192.062432 11268.505665 -9816.823077 2762.170464 9761.976550 -9796.691514 2635.941097 1064.832853
137285.902528 13981.397337 32241.673165 10280.192869 -8234.190810 -18257.895701 4796.629129 -7990.402155 3407.453312 -4198.759221 -4353.588495 -6288.188849 -5566.597246 1858.903097 1141.696075 -3675.667447 777.463493 142.384710 -1057.727470 -838.073094 -1086.256165 -2353.945560 -241.556997 -1179.803505 -673.274057 1732.171092 798.671010
-2605.221167 -4391.725625 -46073.480651 -24820.518042 -28295.937494 -28460.894614 -17971.297677 28151.068676 -4169.118710 -694.927567 17064.073637 -23336.914218 -2920.370369 10149.824141 13819.472332 -11651.487522 13066.365024 -0.574828 13785.755242 1679.987782 -17538.248025 1949.798626 -9665.563396 3509.148847 7741.933434 -1982.065914 -9434.378216
-108551.599865 56226.296699 13769.265562 3689.349682 -22378.135766 58330.179579 64247.171703 5373.714481 -212686.082245 33816.431331 43173.824605 -13915.430752 27288.269872 -1044.974902 -17440.351025 -9634.139849 -1259.754844 44.170447 56202.112591 23276.284476 27032.483655 21367.486317 10788.657835 -7271.493582 -13727.454342 7080.964971 -17475.953108
23791.602065 -160185.196445 -115771.649287 -180858.065486 82220.934712 -96662.235318 9034.332923 -11159.452150 -27761.657721 -9406.525115 -39314.506887 16025.929252 -14577.713307 16166.857319 -9466.657282 351.915101 -14317.604353 6401.600450 -6004.151152 16659.769051 -11948.304197 39893.469608 -12789.046333 -5976.626549 12723.597596 659.673959 935.263117
151109.837009 4338.105122 -10477.077747 49734.021124 -24.608202 -19616.209489 11862.865339 -9418.031864 -1463.244927 -16030.936473 -13524.140020 -2805.457341 -3762.279706 2506.792318 -3056.942405 -540.119504 -537.045600 -384.983258 -3741.991961 -2857.685714 847.793374 1138.544580 -5092.097310 2292.612311 323.697174 -1153.929605 1396.715653
140298.690323 12452.577024 34482.798545 8024.613753 -15101.309775 -4685.543289 4524.683152 -12062.478308 -1353.922664 -14369.217357 -6125.498518 -1542.738208 -5311.938005 1133.003484 654.087118 -1846.650046 1101.800857 243.094730 -235.973202 -1126.174419 -1613.148175 -844.876425 -1416.779818 314.008143 88.118019 1371.057233 -1534.566520
-177908.433336 10375.018451 -46911.025700 2979.581503 -14337.817273 66395.846241 -56593.727141 -2761.343870 472.763080 15210.463813 -7692.864877 49336.054266 18453.531982 -14728.811940 -23368.574897 -345.549856 -21032.653819 -2350.421565 -10052.203720 -5928.586423 -16948.425674 348.706191 -8022.583662 -16535.687196 14253.170283 2254.770308 15355.584647
-460639.032006 -156900.752605 -778499.732195 312194.394737 -94690.763053 12593.955686 1475.634448 140860.078732 -82657.682678 -97714.232503 52796.969431 18912.438169 -12165.942724 -12552.233079 58679.214363 -25664.402058 29225.343705 17191.807320 22871.946803 30987.616870 -9848.077985 5279.914363 -2515.441826 5348.776965 9550.276145 -2847.746387 -4241.978986
-66411.380186 -64218.997161 126831.735838 37340.949845 292263.358891 236550.513456 -67348.706714 200114.427538 -132781.370542 -29371.660225 -103076.654550 -168281.784019 -30303.329347 -41264.868246 41505.403511 55331.113769 -42907.754396 -1574.164796 -32885.017789 -18489.114323 7861.246920 -2121.869380 9538.888582 -23510.007726 -3786.439756 5340.840038 15361.166666
-41237.536766 37841.782000 4904.192034 9294.757057 -25569.428398 -27449.439298 -37613.441493 21300.156585 13557.738499 -3882.034476 11957.488570 -29431.902941 19037.580086 3998.281228 2777.083792 -9340.138741 12281.207872 9366.813956 30790.362889 12729.961346 -25338.194928 2740.615885 6829.465078 10453.931683 3508.197444 1380.682656 695.735458
-430340.290460 -18195.506284 -39244.406460 -6274.632784 16339.832435 76456.550974 -77044.591805 28150.123323 85022.948528 -5368.695452 78251.131654 2412.323428 36207.416285 -43083.670130 -28781.999294 30343.405017 -19493.416194 -16184.044909 15019.579332 25275.003851 7281.241416 15907.788215 17429.155803 -10170.965153 -6934.945046 8018.467192 -3024.433163
-460875.620415 -498630.152932 -367738.096870 -574789.999802 343816.067892 -123163.855960 -2155.647938 -33574.224369 -16827.594141 -149894.516395 -1222.811146 2846.308096 52611.529874 -34833.774186 -37066.603810 21307.865603 12651.291728 4691.669817 5523.194991 -22460.740055 10394.755201 -15725.522092 -8825.056943 17467.972365 -1408.803075 6443.128158 5872.923403
132727.128350 2022.600104 21471.139393 -363.735144 -6327.078312 -3389.440643 6345.854458 -10189.056655 -1942.391627 -6585.825650 -8381.571993 -2300.078075 -3399.039629 3343.133364 -5469.360563 -3863.985246 1526.331802 1141.163723 -1567.876405 -3628.607165 -843.350218 -1360.744974 -2227.746933 -1381.418248 -3196.989056 -410.544329 -477.784320
65900.991949 -42047.087430 -39561.362886 -65901.351647 -19994.286966 -20227.140830 -13296.259421 -15678.759815 -29190.070172 867.420168 16884.503081 -5268.008297 10917.072768 -6399.037479 -1381.459993 1237.621172 -7940.931026 -10922.016014 8771.839437 -29210.187412 16741.051861 -13971.626218 -11591.321828 6654.148887 -5793.900883 -19935.198096 12221.324841
44486.236624 1185.814462 -18991.487808 14045.545159 -6953.337786 4236.322707 -10168.844585 -7157.854495 2258.193466 23067.776809 2046.111079 -9180.242528 -1412.782651 9695.166806 1618.297262 -7368.381435 9905.882026 13764.914621 -2495.091049 -4220.010681 -6645.397925 -6150.033297 10031.816606 1693.017067 -4646.230936 730.500394 -1126.885311
43821.917242 43707.901470 30315.860613 19407.269943 -33251.230402 -26886.336107 -13897.346756 25345.669314 585.931793 -12970.917010 8875.774320 1370.760976 9894.237287 -6407.493527 -2936.845317 -3181.435332 -4132.898539 1727.518563 -9105.379645 -7682.107790 8886.069189 2045.848087 4578.843407 -2138.637810 7060.480969 3680.787275 -11136.272438
38477.538972 -21134.772423 -6226.025484 6446.834523 -27586.656837 -79.992548 -10694.686438 -13792.853007 -5390.301799 10836.006521 13561.276210 -6538.024589 -11974.169175 1027.231876 7649.441156 -3720.130989 1557.649157 -3394.056905 -5900.838208 -6233.284172 97.263502 -12077.599951 537.122371 6977.057643 7213.406402 -2123.678438 3008.964250
-54050.361721 -290950.379750 -169911.501700 -223402.481222 -212248.168702 254221.046617 284670.516152 49303.073592 91623.431313 63741.500711 -32682.880602 -20553.500889 4767.127931 10507.205584 -37181.775351 15290.471689 21335.126515 17265.993866 -13755.697906 -1621.030222 -43206.580499 39378.152520 17013.985192 6348.558225 30800.127214 58753.249329 15817.049984
79981.151271 48204.497631 16350.388050 8075.921757 -37782.193370 -12370.095296 -25390.902229 -14570.148539 -9600.630748 -14245.261218 -2145.821097 1413.846682 18520.062887 -9381.577485 16451.923165 5424.759130 -6901.229265 20944.727538 -16752.953077 -8672.272273 5282.212363 6618.852812 9785.185692 8637.963464 4124.793846 11651.330737 -17173.927020
119095.078688 4265.390734 21761.190418 39925.013053 -2324.794402 -25171.029606 20284.549763 -5979.881133 5888.568950 -9082.658646 6697.523450 -2374.461597 -3721.637292 -2920.248090 144.666233 10876.234856 -835.701032 3256.002386 -5074.181399 -5515.163540 3764.581603 -3650.091154 3905.768491 4438.891345 -9215.273714 4013.457116 3015.591357
-44788.579862 -18724.812488 -18933.218471 -26790.678177 -11667.939543 -20176.518983 -24205.389046 -3862.764978 3563.801910 20250.754645 16141.644351 -8701.745800 8594.953211 -4540.433914 3707.344816 -2279.676562 2691.966231 3802.746869 -5950.125020 -73.191894 -2225.704039 10350.309135 -8378.022256 5202.542139 4549.372082 -3931.031184 -1202.894574
126921.365717 18996.532745 27424.231561 6395.711464 -36248.474171 -6088.943335 -10957.844164 -9865.906880 6057.100617 -10880.421383 -15347.032783 4509.088407 2938.693932 -4755.787277 4388.591992 -2821.959458 -2160.562781 -7679.622374 -8934.064292 -3221.325199 -38.743876 -1243.460365 -3260.048294 -5656.926130 1384.791358 1944.965367 1807.998607
-4240655.257893 -419607.656522 387817.932728 94838.567684 -167514.561501 -76410.379461 15944.942921 -23075.827327 -34550.604623 -43807.431858 -54601.816979 -4870.149390 -41989.462793 37586.682884 13660.323303 -7657.307412 -11780.943542 14209.693016 -1589.861442 2555.900028 -146.524991 6989.684205 -6656.648861 -622.934049 -6463.710853 356.650266 3875.341458
-86167.194442 -23470.363359 40126.849733 10063.231218 20259.015571 -65707.323091 34043.903525 51288.213315 -57199.835468 77021.723166 1057.482616 30356.982582 45207.659734 -70804.930529 47656.591789 41057.626882 15725.813684 -32135.736699 73.685923 2960.453650 -63968.504329 -5100.059651 -29904.489092 9470.872370 -37174.505484 13467.229263 -1338.178362
-313800.182755 -152307.782599 -132360.780017 -18818.262374 1934.320585 -14832.274215 110060.369708 -1851.322819 -42183.120917 102524.932018 51158.408506 -54714.826456 56432.767380 -6962.756465 -52789.173862 33700.822022 -653.519397 12131.810147 30980.507785 -73680.488715 6935.238905 -4685.582325 520.204609 -7901.524104 -13915.269874 -35854.935335 -9494.000604
112534.682076 12297.228618 11046.424183 -6129.159047 -18762.567031 -8343.469990 -2883.349475 -7305.626213 -8434.795482 -3207.753001 -4298.378461 3933.673042 689.547727 8608.153969 1937.427490 1753.142273 -3182.945937 4317.719984 6523.484039 -7964.691279 -1068.421191 -1530.788145 -3690.445145 -3302.350027 310.415973 -1157.930241 2123.410778
125687.837954 28321.965710 35428.390015 11582.050772 -17329.607812 -17654.071020 3135.639177 -7174.054206 5977.524481 -15932.469113 -5035.986189 -14443.932291 2425.473393 8934.394357 -5365.406433 1101.224578 2476.003943 -2830.023973 2767.745523 7083.626272 -2490.501101 -2203.353121 8255.997689 6066.013174 -1476.851200 -989.606401 -2089.005580
37328.617132 -33385.950563 4454.317019 -12236.257353 -372.289094 8194.250957 6928.264538 -32017.213527 3919.703506 2930.434318 4218.049139 -9721.180092 1742.743353 -9575.971123 -2036.224541 -830.341365 1429.290710 6752.098364 -5249.219162 -11706.068320 -4516.219441 2071.308473 -5900.224077 -4738.906085 -4535.031960 -1262.942418 -893.327746
49499.100241 1652.481087 57993.472608 33515.142507 31177.257232 -1265.338268 3697.348699 -37454.496665 -9397.872590 20155.932005 4015.384093 -4238.832278 25251.301738 6721.035183 -5669.033845 15166.644631 -29009.856233 -44112.744113 18653.239147 21772.146381 18073.460407 23187.031109 6712.101291 -11754.006578 -7582.648047 7775.265860 -1998.214957
142874.192264 1349.541104 13655.905657 -5119.101933 -7657.139569 -25863.695445 5223.588730 -7442.718787 -225.342208 5941.767512 -4926.376685 -10615.180446 -5382.287771 5831.787856 2765.494948 -3027.934519 -1053.475152 1732.559716 -3085.102070 -4003.224954 -839.736413 9031.338887 -8270.147504 6079.191560 -1233.902779 -7340.736162 1822.747654
20529.436212 5860.375066 28559.955227 8158.071394 16799.323175 43965.137549 -21873.893858 -9577.274854 10593.006264 -9263.382444 834.789267 27235.790403 5093.720605 -9926.384528 9111.439237 17325.107680 -9552.564276 1378.133479 -1463.824043 -270.786148 -11915.749058 -3055.577881 -8858.439644 -7280.148357 9058.779367 -2784.066437 6773.843734
-233151.860377 -32842.042116 -1636.273384 -46319.428917 28802.974480 117961.539989 -54459.162881 -13120.441614 24647.249513 -18398.268608 26180.540977 24602.545117 32083.837300 -47968.847173 -32847.697724 -36942.087793 21629.513837 13462.281439 -26965.583080 -16516.001687 -6394.517289 -1017.983304 -9748.385995 17994.639155 6685.798150 -7249.183859 -23502.605537
121295.315288 29369.933241 25581.572211 8825.387174 -12540.074467 -4441.904519 -5035.366128 -6038.069187 -2210.241511 -10121.985453 -11934.788945 3940.653230 1455.431900 4647.895794 442.043636 -3663.464854 -290.512781 2109.469797 3905.988826 430.105728 -4227.945018 -947.011550 -1184.768834 -573.407169 540.462586 279.552474 3676.465211
30342.596630 1764.020646 -9846.350004 -35175.545071 -23973.916228 -37945.735695 -3807.619952 36373.218341 17101.155750 -14733.414588 -21863.967107 -235.567789 6825.066159 -15778.189867 2406.765640 -11032.750536 4580.823625 11983.907013 17029.375737 18343.226318 -9002.266654 -6784.099830 22441.986722 -10939.617871 -203.275719 977.823366 -10076.739831
-17793.330505 -101.630201 21398.708485 56418.488115 21893.759799 -39428.526296 22441.115350 2505.779369 36550.349183 2845.200891 56418.618944 5787.932301 -6894.736369 -15957.279438 7411.571903 6442.815566 9140.578087 2689.748196 -6213.336130 5267.625223 2024.681586 10612.349836 1552.484419 -3204.078430 -15860.983926 8265.927148 4060.122380
17136.501731 25576.988727 48520.811616 26624.640412 -16029.743225 -40095.423300 -3419.064989 35439.961522 28178.728535 -8447.074420 6773.529664 -5086.018643 7841.950954 -6739.036369 -13162.500819 803.867831 4656.123040 7600.650527 2965.268164 1925.761074 -3900.951169 -9080.788570 4159.991875 2371.502967 5618.780024 -1081.135993 -5869.398431
-163881.624988 56028.205451 -8093.554216 -7973.453336 122987.704123 98798.395495 -19593.859553 -21532.344196 -62269.685139 56940.266237 3542.137098 112288.066558 15067.787391 29183.115048 29033.028785 34996.923038 -18770.636520 8996.304460 -12958.470419 2316.392496 -3103.984708 18047.583939 -1350.469461 -10447.498075 1196.379186 7522.308577 11064.610429
87718.768356 26836.277465 47711.648001 19865.805340 1476.115562 -17045.616919 1667.045668 1752.209276 11374.401967 -10690.877996 -4936.938574 -7301.185535 3954.420224 -3427.245672 -143.009652 1392.215985 5776.153555 3910.711314 3172.140312 6508.631332 2385.509584 -1636.908718 -405.186870 -2066.687712 618.283243 46.302518 -370.665778
104165.478055 18536.540376 50402.909792 18878.299056 18276.610614 -2546.067488 8093.298499 66.614554 -1438.501984 -7552.350255 -6042.644257 2117.513794 -1169.869834 967.111173 -1878.729622 -7525.790122 2942.728209 -4200.240089 -468.897512 751.124086 -53.425185 -830.143335 -929.434428 -271.675922 -1106.450744 1203.268355 -715.052170
-482393.432583 23267.645805 137293.933300 64067.319969 298896.171227 132407.677618 -8977.917961 95377.000932 -20914.676264 32008.923571 21600.671321 55876.268314 37634.306598 12809.732158 -40572.231835 -63610.384464 32178.650408 -47294.368816 4594.514703 8145.246269 19908.259871 9876.760468 4202.392931 8275.465090 -16815.205412 6243.439660 -22.056614
24272.581730 43740.914777 94.307091 31591.612856 -47064.932183 -10780.775517 -35479.653373 -4629.718052 11255.909335 -10772.566728 -26041.584168 1167.593874 23531.229063 -6400.562815 -1466.220381 -493.262270 -1980.066781 -300.284361 -4154.411238 10477.227583 13139.499858 -1015.122685 -1947.281972 -3233.486119 1206.385410 1098.257785 -5716.929601
129949.508665 14499.575379 43302.654219 11648.615542 19021.151916 9017.239660 -1454.287216 -7257.078212 -548.895239 -9778.442443 -10553.554868 8404.078993 -6521.701921 11264.919058 -1339.933380 -9809.487238 3868.101202 1628.222549 -2091.884783 -1466.761374 -1969.346164 -2446.345399 -169.220585 3899.565992 -3515.863770 112.103966 -640.911575
-1454.010916 -5905.708360 98848.218310 44470.037456 95197.092518 -5420.513179 43923.262483 -31063.338851 64474.784991 -40179.319622 79442.379885 7061.310403 -29321.402482 -26521.493849 20433.247098 -5665.977941 15351.180170 24989.660651 -13770.822523 -7019.768401 8824.578651 19408.019194 -5131.134378 -15841.343059 -16537.439588 5105.532137 11592.834537
61841.005786 -33088.345521 -6963.894273 22158.923173 21750.146612 -13265.379535 13560.536198 -24214.537833 -1667.875213 26082.380653 -1065.012210 -3615.481010 -304.366904 46655.324031 -13700.638687 -9176.545169 681.383753 1193.617106 7817.382050 -35195.288634 20192.925017 -27533.315720 7943.627862 9494.263319 -10935.115136 3486.254372 7670.011760
71012.644606 -30004.822962 6689.757575 -21318.555130 94236.718716 88848.371754 -23911.862102 -6230.553530 -7314.384496 -5253.283050 -16897.058410 52692.370588 -10087.645183 44975.356720 -19894.632498 2423.083239 1196.079016 9266.053100 4947.266598 -12353.637892 -8152.555760 499.647619 114.918987 16795.960410 -3879.207988 -8733.789994 -3309.285843
113988.957766 18345.244213 18338.780439 -4105.544872 -31147.756315 -7592.118488 -2670.461051 -7146.092078 1041.395228 -10749.543387 -11099.805557 -71.073662 2630.476822 -3751.890440 -6367.956232 -3357.315053 -2358.343729 -386.150915 -2069.509035 1937.452829 -388.191980 79.622918 -3376.588707 -2419.644253 1046.773622 510.757670 621.638922
25342.742445 13582.396525 20776.537729 -8826.432689 7455.369640 -69671.830303 -11842.932590 39338.621811 22629.036393 12780.984700 1998.271734 -31398.835454 -14325.367796 12218.138432 -19017.728149 -1944.484441 -5140.840984 -18246.605060 8112.030636 24005.893090 -7452.079357 30225.219786 -7084.366299 25758.317893 3825.808802 -6863.601034 -21759.527835
97861.829696 15432.112019 40174.594807 30728.949469 -633.473041 -27858.309809 14119.838934 -7690.534412 16870.783695 -10960.068862 7036.419456 -339.897873 -2117.134485 -5459.280118 -128.451429 1442.857329 3093.450153 968.331728 -380.103111 4668.436509 620.093581 -88.405624 -1081.695546 1446.237609 -7096.507605 4387.553728 -374.092148
79035.923848 9247.533687 -24048.318314 42645.239182 -7391.304490 -34838.976378 5326.779264 24765.992223 15548.021249 -4843.288960 4663.453424 -13968.695740 -10732.284842 14615.308828 -16189.431322 -11826.671048 -2223.375001 -787.128076 -11597.083838 -10201.074783 -5378.006621 -18499.826663 -5014.478235 -4965.249481 17329.420097 -5499.879239 -5851.678685
32477.165093 42487.569382 -37729.229539 -45077.418143 -84705.541540 49332.158063 -7676.327975 -35730.245024 -14000.744708 -11019.152279 -19175.040778 -5363.887045 6106.820570 -22145.740577 -13270.547226 11700.261407 9694.657920 37996.910793 -11405.857593 14320.354272 -17792.591561 5611.165081 38863.337924 21592.353312 -1748.238798 731.165692 6402.396080
140725.608959 20720.863013 34193.347818 15275.139194 -11647.958169 -17625.810346 5907.112980 -5607.312093 3632.231906 -11003.984799 -6762.986397 -5933.160323 -2939.499111 -29.457118 72.420564 -2517.798483 -197.267360 -915.251308 -975.763334 863.913698 154.418593 -1478.283252 -778.606667 -1285.966712 -313.931334 1197.868486 -269.139954
133116.397296 22497.514694 33581.514248 11345.115332 -15580.824112 -10869.926275 5258.681878 -8009.218076 -3351.513576 -13879.658488 -749.169746 -6640.261833 2817.890292 6882.277399 -216.896202 -1769.015758 1824.584042 -1315.860181 -2326.223653 2124.807657 -3843.573508 647.898115 165.671113 -2208.019076 -773.232702 149.433682 751.192043
75939.901332 -3181.007091 62068.702702 52511.600412 20826.793928 -28041.953605 30045.774940 -3292.536684 3761.121283 -5115.114615 2130.215475 -8440.120725 -9277.571702 -9369.229060 3106.709267 14527.161410 -9340.437178 -4740.211311 -5977.313379 -2130.268797 5034.199999 -2379.193805 11322.060726 10572.779053 -3372.204837 3358.520030 -11230.559875
-406804.967570 -234245.736846 -398805.133334 275397.764515 77201.129265 8759.968124 -23071.476441 -208446.987129 87971.600161 91964.341145 -35.981494 -77547.644345 22886.009272 -19475.939375 -13616.356265 18633.787775 -35610.932588 -37324.047179 41961.766533 -3720.343107 14961.119667 4855.704399 12385.311553 -40241.811358 -2175.982762 16966.541183 20069.115463
74964.248714 11904.207489 15409.162139 -3429.001428 -37719.234384 -1029.381866 -8588.047617 -8461.124702 6405.694138 -8018.783165 -4440.154958 4640.143369 6828.474714 -14284.119878 -1994.826503 111.886236 -9870.183763 -3115.527217 -11629.122990 -6070.306096 2711.911222 -703.843318 -3863.310157 -4585.253321 1257.625898 -2279.022540 -2220.877669
115788.860088 10678.501164 24288.876081 18386.240096 -5342.395974 -12650.047790 6301.548955 -4579.140634 4749.701862 -6946.782964 -3798.827645 -5513.633972 -4063.252400 -2860.749353 -2772.741637 -1508.014851 -1753.852034 -3545.701612 -1272.860115 -1252.403060 1180.984911 591.771704 -83.732018 -880.471968 -3000.710823 2996.972728 -290.281579
-112015.186657 78741.599681 -54034.245131 26872.673212 -17705.044200 -10998.732469 25003.379506 1657.324446 -101081.189860 60650.477417 16164.742381 24859.107194 9513.280977 -53242.438841 18538.313224 -24897.531107 -9212.268855 612.754962 7665.580104 -12850.936992 1449.842375 16662.819979 7897.818909 3353.870760 22622.006184 5111.910019 -504.761536
92741.230484 14082.326778 -62624.419879 111063.017594 1051.670666 -7479.134875 -4611.327462 -8064.733438 3749.118672 -22633.725159 -27560.159290 7581.389952 7072.338607 1708.042280 -4988.206004 3486.251610 726.329648 3165.577458 -5473.640253 2626.177604 4175.158917 959.350207 -4517.125812 -1128.466176 782.077839 53.673938 -3177.190461
-494191.667328 -47142.124011 30638.755177 11366.511988 58530.730715 -16304.988932 9709.132864 59380.438523 3743.357506 75302.046367 22295.639891 44542.361574 66717.504507 -30652.129876 -2730.632128 -32805.834744 43157.814861 -6072.682213 -22906.303403 6544.175367 -27640.207963 -34650.793531 -11196.929680 4239.148599 32207.457026 -21942.578148 12450.762351
-413399.509860 -47818.001472 -223717.123295 -41463.402166 -66204.053528 37715.373157 -204580.132717 41740.169081 43495.383238 164704.472656 54319.256770 -20666.105462 -21956.948570 41111.472200 14180.258449 -11197.660004 10555.605740 27267.798632 -18883.749734 12672.870862 5774.981074 -28946.525884 5020.759788 -630.222830 2144.862420 15418.607630 -16357.337601
127062.278194 21077.635299 21152.154909 -1555.998905 -17254.533395 -7997.783032 16121.563530 -1797.183369 -2525.906012 -30399.941080 27960.662576 -335.349326 20292.406901 31520.701766 16666.090249 -8524.281274 -13239.354639 -12402.435151 -4849.517030 -6016.577471 12436.199242 3409.064615 -3417.519876 -13803.766074 4944.766672 1747.155290 3367.567241
-125465.169273 83840.872447 38014.055332 23727.823640 -43867.311756 -68892.628574 -17997.353136 54460.920206 24909.872483 661.546229 -2854.459383 14189.079077 42790.100315 -6337.459701 -13074.002417 9208.375555 21844.828182 28520.066950 9963.919002 14587.021612 -9521.903870 -4478.818162 9968.366885 18449.165703 -17461.101843 -8071.477700 34420.942491
-147827.383378 -56117.711720 -101706.207161 -81886.429645 -286295.346327 176565.702975 -133948.157798 -54104.183161 -54136.728269 -59996.312003 52540.352523 25322.166572 -38203.207759 -49590.877610 -23646.417074 21029.222454 -3737.455129 -51905.208286 -3469.867453 -9323.194213 -6439.702569 -21578.372572 -18309.262876 -7414.072622 -9540.559251 -24780.708781 -4166.176851
92890.988539 10409.705503 17696.361799 20894.376669 13880.795997 -7756.972925 -12385.298365 -1874.195465 9855.754775 20649.729374 8792.974260 -14744.763121 -12779.699234 14282.368483 8212.183300 -59.477241 3385.162256 3518.308382 758.120464 4849.205019 1545.900857 -4432.124880 5551.506458 -745.245037 -4130.281707 4351.282416 -388.078227
87099.531547 13246.384462 17070.094246 -1960.105143 -20993.345926 -1798.939207 -8079.195603 -9358.934341 8910.474850 -9012.631287 1540.860215 -3126.960235 805.085668 -8287.654417 -6477.187665 110.275086 -798.880681 837.806827 -3678.787296 -2193.528119 -6614.718815 4716.593682 1430.954284 -1571.184276 -184.600410 4723.357901 1796.751615
126205.967449 13397.973946 39267.676079 13593.659873 3113.166578 -1659.699303 2387.316476 -7147.267890 -3668.917896 -11656.997080 -13311.346587 -2071.871672 -4140.861399 5592.475590 728.425149 -7076.588503 624.686501 -518.617404 -2551.947974 -423.654939 -357.815034 -1352.561415 1090.577951 1056.728143 -4932.796832 1142.148024 522.849865
106022.105779 2586.927199 7275.946339 -7013.268520 -618.914100 9312.771737 -1436.201462 -12199.259590 -6467.814193 -2624.924132 -7056.532561 25516.600852 -9488.838298 1169.141301 -7797.634192 8311.532537 -11035.658531 2057.928216 4182.056414 4124.131386 -7063.373417 -4487.274223 4925.909942 -5085.983460 3893.375329 731.967288 -1249.331731
80964.090372 -177.262795 9448.402050 -1924.816829 4451.137633 6523.619175 -7809.209467 -5558.982699 437.786039 5819.894595 -1351.269766 16568.150522 -8255.263634 21003.173280 -2530.976607 6565.108273 -5061.226248 5943.004972 9225.888595 -1346.187213 -6099.590531 -210.730055 628.141313 -869.860634 1632.002013 -1632.980491 -3044.034813
125157.597987 19278.808313 43459.973617 14460.973069 2986.579179 -9110.441137 7410.838112 -4997.947645 2630.736100 -10131.998948 -6582.925791 551.040573 -2589.934038 1914.274582 -442.060371 -1420.655940 662.591731 987.585172 2262.782283 1127.474728 -2899.989382 -1063.756479 -2054.941051 -2185.804246 1583.131672 -433.988331 290.522097
66452.634020 41678.067583 4461.906502 -4747.145840 -48021.707617 16370.024494 20540.187637 844.030715 -24278.316967 5268.037334 6163.797971 8413.695142 4435.585018 -23017.430152 4783.725174 -13187.433139 -7883.255228 9024.939318 22856.828791 -3392.927973 -8147.941131 14055.301288 -1093.048288 5524.409095 -15928.545506 -900.086689 -12474.240469
-12838.127306 -8023.541904 76404.264380 79909.090173 11666.377806 -53730.443376 38684.786576 44565.000456 -34623.677160 58322.597644 -12559.044508 9985.842582 40394.828746 -27667.993983 -12438.604505 28218.365837 2584.097383 -37733.313015 -15214.900924 12035.524115 -4367.669272 -39053.044831 2045.468385 11647.759030 42551.122243 -3750.124066 -20111.735338
146023.223662 20063.329835 30200.206764 7058.622363 -17143.526601 -14513.070857 5141.144326 -8463.748093 -1826.171302 -10783.817409 -7982.383840 -4310.529854 -2927.693717 -1929.629414 3550.895535 -2676.528517 1223.377419 1449.861196 -309.913905 611.683532 -500.825796 -535.631815 -809.324986 -1330.540486 -133.039952 1222.494430 -1217.061095
135748.358758 20914.957735 42307.508901 15961.639469 -6843.915946 -16116.918431 10523.380374 -9489.394494 1051.422482 -9309.863940 -6776.075981 -6447.308676 -2695.717755 -3984.151164 983.934364 -5097.445707 207.798819 -2507.848206 2585.290745 2741.072389 -1805.956596 -1136.817920 -3019.898731 -5209.291720 2864.760028 793.517904 628.017849
104367.091810 -11085.736405 10237.301912 15273.219436 9660.475295 8165.012306 5073.804849 -5603.021220 4347.288047 -1096.061011 3038.482800 -3765.954346 -8664.726300 -5818.937113 999.184248 -1575.684175 1147.156430 2702.711820 -4682.475691 1260.270641 -7397.812063 -6993.342751 4751.415302 -5816.228189 12.181669 -2180.299143 -1853.505518
132588.694595 15206.101765 30336.284992 9552.746720 -18462.340901 -3985.276395 -1796.841060 -5198.439462 -1409.960045 -11480.966659 -7921.802148 136.169352 -1725.472485 4863.871122 -568.960058 -1343.205079 2486.237824 -684.759440 4160.477810 2223.894259 -2434.904033 -793.455614 -1387.144614 -2391.903674 -466.137070 -428.848354 -868.329923
85091.185259 -2722.776220 64115.594732 26916.009765 14633.800605 -15999.056400 19590.987985 -30575.478551 14331.514140 -7225.523164 4411.219665 10860.439420 -5168.886415 -6655.934182 12033.774378 19681.485846 -4169.593512 7679.263543 -4151.450993 1592.903419 -9579.027409 -6860.040428 301.442689 11786.680753 -9649.925435 115.241370 2279.390347
135428.507883 9607.098508 12413.071958 4877.191194 -3638.850485 -24711.923389 7002.561689 -2455.659329 -1279.377958 -1369.203915 -1115.338750 -7947.389989 -7500.369484 8807.157477 4279.149545 -4541.105486 1022.468874 -509.981270 3464.277893 -7385.444699 -2281.558333 -6984.961963 -2909.610937 -5621.178985 -2020.096924 2933.184145 5993.255128
104897.566676 11600.734073 103.456100 11391.360197 -4093.649988 -20154.338496 -7173.540500 557.458019 -13875.211328 37244.465604 26477.885054 -13784.745708 -22948.074020 13154.013447 12239.399861 -20954.750049 3992.163766 5564.974326 3661.641893 -8191.011028 1266.037291 2184.360563 13135.309875 -1617.630343 -4168.524172 9150.796821 -0.211982
125124.461635 4935.253136 25455.984925 -2030.975452 -7139.417689 1272.647370 13581.967038 -7158.867429 -9928.424609 -19349.738500 9481.271714 3646.570665 5617.310074 13158.382880 16258.210409 -4189.571810 8226.825870 -17782.331327 -4139.750888 1506.208145 6425.579173 942.277585 6756.162558 -974.435879 1398.824249 -521.315176 5492.677892
104332.693462 17088.556668 38948.568243 13833.740876 87951.076320 66227.193344 -17532.661789 6697.879523 -4406.253469 -2474.852970 -17612.638521 89699.775176 -20712.294514 80509.050664 -12930.491428 38927.887262 -21512.226527 13246.550520 38135.052477 -35.939257 -12267.435943 -1537.043704 -174.134193 -3232.568846 6851.166262 -4952.488884 -6008.880376
132120.217121 -2148.976602 14429.526899 -7759.458521 -12114.356516 -22002.278362 9829.680183 -4568.560571 -2801.395132 2553.542977 3906.363871 -9455.242080 -4520.488802 3478.565735 -4331.423760 -1659.974857 -1011.331511 1.642912 1502.004609 -13601.451868 5278.107596 -11153.778206 -1594.542579 2596.903347 -4765.400052 -1335.194351 5748.885775
75115.756967 -24148.062767 -26248.064749 -35179.448000 -24454.987772 -13572.488139 -5827.273192 -7957.852072 -5949.121305 27367.015431 7710.413412 -11958.503909 984.019023 15849.413500 -14994.638034 -1792.813397 -1593.140120 5367.238565 2013.921530 -22721.088059 6823.849861 -5421.600088 -4756.850193 3440.681010 -4563.607049 -1494.929160 9694.287512
11969.717638 -27970.394036 -30672.361044 -44412.143587 19872.170069 -11838.235598 -90640.688226 6666.986598 37302.449340 79894.670620 12854.112879 -48754.473573 -30414.648292 9401.022821 10648.388613 24490.655745 -5346.617174 -21959.853306 -12366.715548 20342.424833 2005.871347 110743.396060 -79164.659191 72116.415538 12941.930904 -51315.218011 12527.394976
127703.226721 6843.738473 31701.472272 1304.935240 1987.750746 -12946.873637 10101.605890 -6944.488055 -12082.520026 -8530.339908 -17736.433276 5422.937591 -10949.734946 -6723.284416 9817.631067 -5099.468791 -8927.571751 10283.803426 -4062.823919 -3403.134785 -14131.005074 -6694.737578 11299.947831 -11671.503319 8739.880128 -1265.888694 -4167.940997
121921.381925 20644.727951 33661.225497 7436.009677 -11704.236021 -19182.465017 1334.376177 1211.727993 6806.537859 -12579.600182 -9917.330834 -7211.276636 -622.069834 496.810865 -4366.828107 -2746.930859 -391.001651 -1807.095908 4591.446987 7736.133351 -1782.233078 -1411.030249 3904.262596 832.535820 733.708197 1279.747899 -5373.630874
118566.601822 24606.291467 45565.709448 18576.708037 -1571.658267 -19702.759734 10432.153245 3262.685650 6243.926393 -11650.876051 -1716.122472 -4035.308380 -3066.028135 -325.022020 -1677.500390 -2730.842474 516.678743 -611.836506 2522.004514 1455.685948 -1694.630543 -1437.806182 -927.963707 -1746.613428 1558.857992 729.139098 -1092.460142
129168.541817 20326.148901 15248.688913 -8317.132430 -18342.790550 -20058.012223 -8489.363030 -19533.158648 -16868.648141 -18967.403460 -1940.955217 -10694.284026 -589.339102 4259.933996 -5327.171504 1046.416620 -629.716748 11863.935776 -2561.353974 13280.090935 -2629.191086 3243.646406 -1736.547351 7333.865563 2901.065103 2160.732956 2849.157101
65832.164782 -150060.489959 -87775.951968 -113369.710525 -171789.123770 170512.465572 176020.905042 55054.253869 91308.807486 22799.141058 -25951.937824 15765.308862 8761.687351 -1787.537863 54729.087679 -27470.377306 -36779.295023 14468.189945 13859.717343 32232.130231 62817.874192 -35895.178190 -9523.124102 17194.069155 -39372.555778 -59645.994796 8113.980660
-53471.688649 -8373.192897 98442.696119 46516.903945 69010.920382 11663.126431 25899.807462 -25444.462361 -4473.225838 8380.460889 -10457.401644 776.872722 11758.171135 11969.091316 -11249.461248 12494.405940 -27632.594789 -57759.937811 -14899.776830 21939.567333 30951.152267 9418.130604 26557.720150 15814.585211 -19680.566920 17605.854726 -4296.495469
64712.259908 29788.187424 19143.820704 16949.455534 -23224.599458 -6431.712792 -19826.172923 -5057.447211 10878.613450 -9838.063714 -12742.719250 -3079.311755 14932.514973 -4391.063133 692.386840 -3712.983782 1515.606383 -3031.638484 -3166.854990 8120.363403 5321.957429 -2429.195860 -5409.560402 -4791.025524 2395.889048 2401.180712 -4132.815522
95187.543674 -41028.330974 5609.583826 -14949.206269 -91323.210878 78136.420985 24476.222770 -4403.444801 15610.356967 -11222.232200 1582.935337 7288.552343 -30311.212376 -11158.527881 4347.430500 -5558.682152 -7356.442595 -20500.786455 613.466528 201.902111 6363.467348 -7918.417234 -27351.522904 19405.775142 21221.172788 22485.266769 26156.939886
126341.760333 -40557.207924 -23471.229142 -44219.386143 -11944.321050 -27656.520771 1429.994637 -7771.498263 -6069.502771 15568.093544 2442.201776 -10314.651598 -15721.387259 9055.405538 1453.636000 -1470.118256 3333.897212 -4607.671600 -2996.405647 -5189.720362 1694.012009 -3027.671379 -2654.268729 2795.217240 -671.871279 755.815737 6938.721837
98958.454488 34525.988258 22257.567759 13486.781704 -17964.936029 -7476.356070 -3195.785185 -8778.450157 -15124.307200 -9136.781299 -5951.125222 -126.354043 7625.116448 3754.741254 6694.715725 -353.544791 207.625107 -68.704065 -964.228388 -2558.866943 -8433.931228 4275.180579 8046.105038 -422.575847 1119.619644 -2149.925784 1440.016280
58755.826766 26174.144138 27158.472763 11413.493841 -19719.685885 -21083.112529 -10195.992349 4571.107378 -451.861338 11262.923524 -7539.199776 -6447.618973 5229.929915 748.350300 1215.402467 -3220.074753 997.531383 -1319.170956 -2086.917774 1146.790972 2235.346745 -2490.420199 4617.087509 -2140.240809 -1104.846989 4071.012784 1387.761221
108350.510939 23381.664775 41676.906993 14893.392201 15047.577466 2368.070567 -1966.416492 -1554.569271 8937.622678 -8186.081639 -5595.040418 22992.928928 -6402.585905 21984.856547 -3002.390687 16056.009217 -7690.606392 6407.242441 17880.960778 4386.288406 -4115.156832 -958.352314 -732.357240 -3888.796511 5306.086095 -1336.325965 -4717.810065
-84690.672280 -31078.960712 21516.044904 -942.958439 27654.482017 33346.649077 3456.886653 18042.064656 16890.314807 3537.354688 19519.668547 2371.376178 4881.479176 -9253.294380 -25679.239668 -33771.637132 9897.367798 -5607.028400 -9859.372560 -5813.152787 2649.704786 5576.788286 10191.957685 -6107.857777 -8871.348350 3512.879708 -18220.064285
91361.344038 -1226.214422 4722.631805 -8484.818366 -13053.446118 -10472.736029 3450.923892 784.168509 8147.804060 -309.114067 4711.987647 -15970.308725 -3495.970080 5386.373150 -7851.532953 -783.049080 -4040.112857 1465.293569 3010.027886 -10729.777957 -3934.595812 -9163.437504 728.697278 -1204.127186 -2781.790175 1998.196461 -2534.349437
105204.103212 -5798.575210 20639.031094 4120.697592 -19881.444546 -9457.339038 10697.561515 -3655.390390 -1607.779519 -635.189484 2403.593312 -1411.579745 -6144.210126 -1114.619525 -7039.218731 2747.969711 -2823.093160 -1879.584711 -9501.435140 -4283.160926 -3502.198156 -3669.459183 3480.169373 -32.652285 3336.908800 770.966760 -2423.881681
147966.712649 15604.395319 31987.976770 12914.510436 -9280.349361 -14794.099610 7088.684221 -8743.431289 311.741855 -9824.169245 -7328.376833 -5083.720562 -4453.683078 -102.317618 1313.721079 -3470.751703 563.536984 76.256530 -1512.879457 -630.389626 -1106.817933 -1394.094034 -1448.467089 -1167.667181 -418.946151 969.197814 866.954100
119618.021717 15283.219608 24429.405745 15888.346598 -10135.012754 -7951.695678 -4955.887587 -8331.067313 3170.963872 599.615111 -5327.823051 -508.535895 -4708.072332 2726.318982 481.403833 -1409.615691 1365.778914 2673.740273 -2249.102565 -1190.013755 -758.258738 -2288.200937 -2667.324933 911.100935 1855.205108 1920.809509 -1716.144636
147383.275008 22483.583026 37465.728103 12112.936263 -8819.114673 -11233.543501 5296.261858 -10964.814929 136.316577 -10833.569331 -10500.939546 -3540.143598 -2872.041415 -2306.386988 3388.857294 -5113.276767 1266.322044 456.585898 -2279.059162 -310.814948 -298.734942 -1318.743775 -2855.612379 -927.530017 -1430.756077 715.954487 -396.782578
5020.431745 44768.292687 12745.209764 6700.187727 -24134.377284 10881.526138 11870.881759 22181.411444 -42215.227095 -2120.139171 22323.530940 -18360.287557 22414.884861 -7676.185418 -10548.498751 -10177.913489 -4454.724093 -5991.674125 24658.880288 -8120.962487 -11215.463615 8427.396316 5495.326497 2916.508511 -2625.986538 4603.176009 -15260.013530
87561.230941 7797.238438 29671.178932 11617.003903 -8136.837926 -4220.491446 4471.370121 -11083.372421 -7216.692058 -4471.603576 -969.629956 -849.855869 65.663402 -2556.323443 -2608.744829 -7391.700235 2023.499785 32.905261 -5374.383794 -3754.978163 -3082.953510 -2469.766443 -933.897249 -1020.520808 561.747921 -1234.197880 1039.847032
123875.379570 5804.401596 56497.000081 17536.384051 30906.073445 11828.800585 3272.583079 -18098.874978 3327.825263 -16400.452431 -16588.458651 1938.222876 -9440.947295 8887.855286 860.598276 -15452.795963 3445.917984 3103.999406 -4663.665468 -2342.672357 -281.431759 -1928.257867 1566.681066 4152.469696 -8849.682592 419.062816 -868.803137
5354.614502 21237.764121 69024.066193 44414.790952 5138.494480 -65024.551959 41906.428664 66224.713981 25347.578255 -28778.798914 72402.486894 28082.636998 -39998.122410 -4896.092526 -8009.728564 -11137.117007 12047.300701 41107.183727 -44820.496496 -43863.009921 53610.756320 41099.118395 31753.634196 -33837.669088 23592.349589 -11547.836887 23066.573572
16084.936518 9953.131320 82825.723848 43730.476306 20776.436605 -51863.396347 40768.913324 34550.532332 26830.629555 -11396.711238 47890.815705 10398.803079 -12508.920776 -14377.117650 -3606.037226 19945.764837 -2184.294790 4604.442662 -18314.987619 -11074.206888 8139.023147 -1541.775381 8913.267922 6961.745331 -4207.461622 2931.173592 -8873.567537
17081.891232 38138.801181 25315.048673 8940.299696 -46182.818365 -8825.229612 -44044.981537 -10788.285576 39134.058123 -33223.087941 -5302.615383 -10704.512552 24905.767921 15212.969898 -7129.299808 13237.283132 3759.286848 -31717.588132 -2997.724162 11915.487997 7268.740599 8320.738093 31650.279393 13922.834172 4138.273338 6542.341717 6952.878704
75701.944133 20658.337438 25425.025356 15166.495632 -7917.962630 2438.609414 479.583020 -7453.327498 -28631.923231 -1024.100881 -12792.625614 -9679.300182 835.641623 -17200.396757 19657.303842 -3369.521434 -3930.114576 10378.219404 -1332.421262 -17070.777215 -16427.289185 -3581.212299 2682.021860 -2300.570021 12246.377022 -1291.957234 -1954.717993
4290.260110 -42162.779446 23539.553839 25323.467938 127975.277048 101521.418524 -35066.171347 -25855.643612 16699.371041 -3093.323917 -22924.008500 -7942.199805 5356.150043 -7823.526438 -15220.726872 -22927.050172 3833.960752 -11772.976113 -34913.233799 -7230.893196 6371.266515 -956.251860 -816.872469 2251.157607 -12229.047050 1284.120180 16196.696416
146085.705391 17121.190069 36208.857879 11625.645284 -7669.323415 -9297.717665 5679.079468 -4721.731416 -1387.540453 -10634.337514 -7859.813265 -2356.529233 -5551.739625 1678.263065 -940.302668 -4365.391950 1284.628839 -964.632574 -2169.988576 -37.679696 -2014.676458 -1041.712698 -904.135197 -200.424237 -1055.330733 1872.836919 249.221380
-9610.613908 131674.139313 -12521.622148 -7962.541598 -75399.686730 -13524.508927 -90156.320621 -25190.656073 -3316.220526 18678.265534 -107036.741366 15853.442416 71486.634217 -7173.844049 24660.803758 25739.610837 87788.878712 48372.072588 3663.018137 17212.452767 49151.044683 19751.431612 -21327.009147 -31805.185698 -13613.915442 10724.845057 3343.145402
-1711408.130581 1384596.199570 -402515.461581 -237193.887025 112787.613097 17373.906412 91387.683137 -34214.098661 47120.791232 -6742.529061 -18770.003213 -15734.085962 -29141.633256 25.638499 14702.703644 14385.436493 -5597.605160 -24002.047760 -13392.994567 -19167.020319 -7304.395146 -5432.488553 3909.425160 3276.583508 -2735.195215 53.527091 -5161.911471
104265.526684 35770.552640 23430.125998 7433.864724 -28098.815253 -14246.188323 -1650.453732 -1184.938120 -3836.713185 -11988.542505 -3191.441349 -809.701443 7778.730284 -813.454742 2519.543104 -7302.853191 1822.388906 -5747.934779 -1025.389343 -751.793470 -6265.157298 3203.526928 -105.053114 -4611.010624 595.346943 1761.655813 7218.692961
140560.367735 18615.719172 36284.077065 11721.948018 -9335.418345 -14773.645850 6956.792755 -8532.750123 -728.109780 -10627.080568 -6348.513955 -4505.562663 -3118.699757 -1228.970727 729.060692 -4685.751474 1225.162023 114.595897 -1231.653443 2036.753242 -1718.711400 -452.955266 -1219.863723 -1324.921762 649.068281 677.357012 808.375030
98197.773484 -43909.217480 -360.385030 -17428.893222 -107549.890180 61018.345275 -21473.669472 -19846.773160 -15603.243089 -26228.798619 26712.495858 11833.586507 -55412.235160 -24125.750178 -30300.080933 5956.247705 -4054.436146 -39192.167670 -7390.745633 3036.375150 -12070.956116 -17374.757157 -10962.576908 336.762594 2729.687134 3106.514439 21572.031932
55288.777637 -138588.515472 -121309.243114 -127682.602971 -39187.173756 5406.153257 12080.391442 11667.980001 12448.910692 10512.326237 -12714.953102 22906.763821 -12092.867105 36368.088886 58031.587373 10936.011552 8099.117187 -6953.175893 34835.371724 -13519.400648 58773.508337 -14528.714642 -27314.302677 23933.172509 5422.758895 1618.165947 -13471.161206
141333.014157 2104.288013 27794.363550 92.510607 -17350.343306 -16360.245421 6583.617482 -5773.299904 2591.457063 -15462.227688 -14331.308183 2940.584275 -13719.928588 -5114.616387 14411.958574 -6521.710440 -5760.968571 1400.013598 -531.367417 11684.628037 5123.087257 -8809.982691 -1170.008347 -8599.598287 -10614.485107 -8821.361151 -7685.781694
56885.153552 -10955.328283 36966.213296 4417.291192 2545.111472 -11608.890847 21669.707331 -7644.492721 9210.743264 -5680.296274 4752.267197 400.234394 1944.553644 -6395.919244 -4714.163960 3299.193504 -298.185187 5668.124443 -8864.975447 -5317.170263 -1689.796142 -3822.054280 5904.511578 4528.305785 -7446.405851 -4158.742926 -8703.987125
105672.479750 17058.334000 27659.341610 8343.836558 -13049.244769 -20800.209342 4573.668178 10498.865514 1998.215598 -2297.905517 -5879.757243 -8398.444502 -746.095976 2369.477026 -12956.643623 -12915.655276 -1198.558717 -4758.253357 10151.401051 3120.578911 -9629.672801 -3514.032748 -6218.447364 -4059.514736 2664.511891 -902.014699 1644.334743
99656.416230 11278.104288 11398.899318 -3398.430318 -19563.143265 -3927.518450 -8907.950184 -6008.973090 814.573380 -2491.390758 -9434.266454 1712.060425 2793.481456 3109.256691 -6320.104447 -202.667277 -1598.967774 2360.759106 1215.082102 -1916.489020 -3430.346701 1206.525841 -3165.219597 -1317.815607 385.733626 -592.625246 1060.074316
-11084.534845 28508.831975 46878.939689 24306.129671 1979.665742 -7937.354530 -6241.831337 -1530.498075 13992.038966 -5070.446059 -3698.551739 8846.524036 10403.705790 -3541.571371 -3567.974638 -641.880719 2090.924676 4396.544582 9521.826115 5359.631590 -62.484802 -798.546461 971.463122 -1698.442726 264.998751 -716.412353 339.882422
146726.674041 18398.106358 36938.082886 11377.000634 -10237.505074 -14680.729092 7445.177885 -8442.139713 845.687135 -10226.248369 -7600.486182 -2817.091700 -3864.755564 -754.358886 420.954844 -2462.849820 -307.465554 -92.797293 -1186.843425 -663.055441 -2214.522370 -776.791681 -1632.931796 -1476.525703 184.330968 828.202832 344.246954
102217.044137 18712.552901 40362.554624 15582.851209 -13254.065332 -9404.173347 2038.288004 -20909.717139 3624.509942 -10166.635133 -3193.952073 -5216.150822 1691.969464 -9408.081059 7970.933279 -2099.818768 284.302981 3205.706187 1788.043526 1483.785009 -3005.838898 -949.236338 -1941.449614 -4159.246077 3071.822818 810.620734 -1547.594812
72496.723569 10908.641326 -2594.628819 10636.700704 -15327.532251 -36905.862296 -6014.323823 26204.648903 13996.827095 10671.141093 1674.376077 -20320.889020 -7512.743406 16354.950001 -15197.251035 -8778.267366 -4318.525787 -10650.623554 -2901.704110 -1867.999711 4132.553603 -9347.743324 5128.245122 372.719569 8324.544774 1802.543847 -5605.882078
108221.769460 -15213.897634 4640.395774 -26274.295149 -7543.866122 -10403.117215 10868.025604 -7705.273408 -2031.233091 -11826.039906 -10148.291896 -138.652086 102.954950 -6931.802395 8743.809523 -6668.986205 1659.184093 -592.091209 3958.363545 1081.147673 1278.028048 -1859.796468 1820.050306 -2639.839950 -6932.565417 -2315.254105 -4529.260129
144147.767409 12210.080208 18712.821476 21513.770625 -3067.410079 -18980.881642 3384.147611 -6822.868991 -1245.535018 2836.010619 -6391.879300 -1097.514492 -8651.330881 7505.589157 3642.763383 -3852.694649 1819.092995 1469.519874 -2464.922887 -3601.310972 -5278.972508 -1967.799996 -1255.412813 -238.396616 -78.128811 1262.075569 1174.365119
86690.101118 -28391.973058 -46135.410595 40491.579944 6240.986833 -30003.975688 7815.911047 -19368.127402 164.470690 15343.193864 6682.174772 -20863.744635 -6140.579967 13158.872525 -2871.793953 -2416.293072 3528.511141 8514.140404 4910.186883 -15076.669227 5262.287527 -8855.568136 -5013.275403 976.220078 -4496.295649 -2054.907362 7216.607870
30331.435826 50400.769460 16277.748111 6060.957224 6781.546007 5172.920219 -13460.519293 -3568.220871 -9723.449167 -4527.011604 -4213.365075 3832.025478 10258.967509 -2491.290564 3145.685872 -10675.362191 1934.573236 15948.778834 6111.193255 254.898458 -9449.015825 3002.218662 12836.328927 11358.877749 5466.747246 473.580615 3158.312890
121589.551349 -6216.817450 14280.952378 -4371.478956 13291.710402 -5272.257875 -4842.165782 -8106.719185 379.598200 8194.888952 -3158.718285 -1360.147327 -10431.940850 10103.861583 746.960083 -3440.635302 1961.320252 2613.554715 -3954.047070 -3398.997662 -4335.441078 -1751.868615 449.026758 -420.920506 -2060.339264 1830.491572 387.992147
141036.043314 14761.691007 19217.614481 15449.142883 -13818.467611 -18685.243796 -2623.645257 -4749.163851 1046.512114 8923.068847 -1192.689774 -10653.798888 -9795.537269 6996.067044 4236.283899 -7016.687839 3619.242154 991.718569 -2391.764958 -708.886702 -2782.827656 -4902.348142 1926.866123 -1597.672068 -1900.932267 2718.395417 1801.223474
121803.017422 26399.121633 33509.287544 11227.671898 -17193.975491 -14533.922131 -741.752057 -4128.851924 -618.890900 -11862.910226 -6552.286783 -4389.375105 1341.197621 -2586.407216 1012.692006 -5001.194219 221.854737 78.539673 1203.294024 782.236453 -2562.340872 -1088.527443 -2075.044435 -1497.197076 1317.156327 1172.672937 -414.440066
95178.634599 31658.484831 8187.628465 -5967.877360 -25538.905668 11069.691527 -9909.494397 -7642.796845 -6486.590021 -4751.770398 -6728.644310 39449.306364 -53.405501 27158.830247 -3592.017493 28373.745277 -18329.890711 14449.690171 20868.079549 -2010.178441 -11740.337314 2639.764868 3939.773806 -6618.754034 8591.843983 880.347519 -6572.950483
-184680.357843 3355.340916 11421.989667 13779.173432 117551.333234 89892.873830 -90012.307924 79311.846180 102642.741411 -21850.836212 89755.175654 -54775.608988 -22022.122588 -20013.506715 15789.388521 65131.292385 -3211.847135 40442.205197 19769.554371 32656.138011 9767.131814 -17255.725490 -11930.816393 -19489.352450 16787.695666 285.997616 3060.037887
144213.148022 -3741.736563 16699.743845 -9216.414077 853.393081 -20763.160795 8517.367637 -10895.542448 -3695.939474 7095.443341 2057.727738 -14924.500480 -634.388429 13977.245623 2667.102164 -4111.382699 4831.087254 1315.226245 5200.889177 -17542.056829 11321.100918 -8631.535271 -8412.003773 7270.302521 -1433.973544 -3131.721323 9107.573889
-1709.208321 -15083.795631 98000.400391 40445.596465 120141.993162 45069.270271 18211.430712 -34488.781202 24396.709343 -5945.836871 22659.531313 36630.837120 -13071.077987 10014.359893 13536.497724 19329.608022 -1584.601002 13881.380812 19843.421298 3641.830219 -9212.385941 -434.760509 -2916.481256 -11961.453232 13676.973753 -4055.993893 -4312.698746
109352.227891 18193.035425 30846.385632 8654.066777 -19356.204426 -2542.000532 -2054.419775 -16407.534049 -3243.771179 -10755.495452 -4817.495744 -3542.593817 -1298.680947 -7238.393932 2717.378376 -6542.591227 -292.830322 2363.444978 -208.461903 341.045687 -2650.227765 -1191.540448 -1594.112751 -1867.858139 804.082451 1201.613936 -2375.744038
134527.867266 10691.119099 30164.960449 21891.724797 4662.097284 -5756.142257 7683.010503 -10045.716320 2077.673150 -10754.677555 -7638.505208 -807.088566 -5206.593280 2316.742187 1042.828724 -3438.804680 1527.126770 -8.634828 -1117.045210 1302.474290 -1832.338049 -1788.491466 -425.586373 -889.514651 -612.933049 876.732697 49.109023
139917.937763 13081.274801 37181.894542 9588.517614 -5034.949910 -7023.161440 7073.721083 -10969.941810 336.611250 -10834.716648 -8459.395587 -2537.116372 -3798.428141 -1221.714793 -140.476951 -4639.741587 712.788111 708.355659 -2171.256592 -870.197388 -2563.185089 -822.742646 -1310.824263 -761.125110 -341.833683 211.062997 -290.506895
108432.833990 15301.165475 38560.124785 13557.321770 16586.412183 11819.998633 -6614.984581 -5530.913970 -3898.189978 -14641.814992 -12569.165618 727.353884 -1686.471068 3974.941386 -1389.820050 -15936.360558 6452.583934 947.041444 -6370.147773 -2327.338059 -162.875023 -1164.773234 475.571314 6225.953308 -6524.101480 1369.295648 -744.697687
147703.785403 -6919.530357 -46297.193364 73846.955135 9685.197481 -27012.550922 10000.507015 -9676.457454 -2075.675986 -10992.296074 -12809.992528 -4384.912545 -5508.841224 10263.202083 -1089.672811 1995.535024 -606.009729 -1873.314661 -2938.056080 -7501.407029 7371.435557 2514.092620 -12243.255333 10944.406964 2304.054413 -4424.086050 5767.981799
120138.459889 27573.017472 32114.165718 8200.017193 -18893.643846 -10603.973194 -3590.795124 -3883.149320 5645.176904 -1173.802982 -20288.932818 4588.418221 4088.231818 -2617.374245 -6459.923186 -2551.638966 -829.774032 -111.069030 -5250.295106 11047.142106 7586.918467 -3364.151332 -7396.649157 -9374.118544 1590.812416 -1225.638577 2476.056575
127922.536766 -16829.400974 -5674.272527 -35147.179692 1679.815586 -33941.592462 10182.325681 -9036.004299 -7591.676587 -2136.346352 -5981.037675 -5560.676802 1331.817930 4856.032055 1602.590810 -2786.092868 -1803.896832 1290.130594 2049.900690 -6565.806418 2570.597457 -986.862067 -3980.861082 -87.228291 1566.298824 -1179.387863 3497.491005
145456.488565 23473.210481 38949.148663 13391.300695 -7388.997303 -13755.420781 6715.486186 -7255.247922 1259.661322 -11823.922966 -7615.950386 -5696.246423 -2158.830300 -2681.737270 3063.225588 -1060.145978 2165.899506 1127.852797 -424.982074 830.382914 -1159.158915 -106.156657 -1338.515148 -1444.863678 -867.100113 1569.761053 107.041463
127231.733639 -6673.080190 14683.782944 -14426.350739 12902.706975 -4778.262526 -4190.804717 -7048.120077 -3924.777982 3063.994953 -8079.415043 12064.619423 -12937.127246 21078.387241 508.837637 3589.846863 -5829.769610 2242.180533 4855.910690 -3810.275973 -1626.796217 3085.656628 -4751.527045 3317.814353 -921.031079 -3298.182194 1450.745569
151483.655075 12934.486545 31104.482463 9890.349850 -12232.055494 -14473.322581 10829.427824 -8351.203898 -1759.137668 -11576.992142 -7906.584443 -4762.500108 -5867.071142 -706.730794 -5048.293291 -2661.599726 907.520182 2512.693152 -1543.201803 318.003374 -4182.230034 -1189.295345 -706.680235 -3238.629742 -3855.730640 -959.710085 -2860.001703
