7444.601313 -12767.579775 -8399.078472 -6397.870583 7602.037747
13444.109658 -19616.550603 -17376.726881 -4081.912027 9741.562765
5245.072640 -641.626820 -8299.420195 8717.744602 4605.428221
2409.649506 1808.082570 -1699.003176 1594.914093 10248.084399
4506.120962 -6453.540416 -4539.762210 11617.226305 9078.587526
12690.896726 -9985.540731 -11807.089347 3418.770144 13260.789226
13033.143991 -10509.194493 -11091.350846 3409.443616 9671.665676
-2249.281436 2609.769307 7351.241057 6662.225976 8855.692047
9147.608449 -3390.289540 -11395.987546 13390.339953 12035.346644
10382.468376 -5426.679882 -2628.823436 11036.632230 16858.715764
7833.737053 1170.483543 -5370.308284 7538.543411 14552.097233
12987.045721 -18992.259710 -8783.699214 -12173.980299 3098.034077
8118.627158 -12771.936976 -7084.734010 5159.355386 15474.782164
14314.742869 -17515.985169 -10435.692015 -7705.296891 5351.039458
-12611.731314 3853.668425 13656.893550 -848.271973 17947.101373
10442.548557 -15661.381929 -12635.396126 -4123.893834 16079.389881
-4933.750480 4131.964108 9097.886623 2640.471900 17366.487212
-5307.056357 4137.568502 5046.448146 1427.143458 8871.787936
5443.780947 -10678.346618 -10588.288169 -959.123165 13387.639879
5864.496613 -9453.948188 -15240.750633 18779.658667 16269.007504
5943.917403 -6212.571419 -7164.170167 11184.012096 -3625.974362
10822.218740 -7949.698185 -6782.274870 6750.404749 12761.690665
10789.865627 -6990.630709 -10336.306654 3182.469237 -945.614785
11516.077119 -8939.626256 -3256.063305 6685.377764 -1501.666118
5269.522469 -6368.058877 -7822.321125 -5458.182566 -6183.694699
6258.056236 -6080.190919 960.996275 6942.449931 13216.194057
5638.811689 -6261.767389 5600.518835 3022.440319 13913.501812
9855.847026 -8575.753987 -3470.309682 -6881.636458 13473.206511
7882.135861 -7771.548229 2611.661810 2183.594235 1346.152344
2254.768960 -7426.732881 -3979.654138 12909.567977 18807.046815
8517.034695 -30931.071678 -20459.667701 -32343.739380 27181.938117
9230.280923 -6294.879797 -2946.679207 8789.721036 14922.640745
11462.370787 -6843.655158 -12478.001524 12058.740816 9913.803343
8671.082027 -4953.305806 -6459.671583 10979.963198 6303.522085
6030.644161 -1474.940651 -6267.703497 11285.776910 12449.341874
5162.307677 -9051.818977 -11676.298802 12121.484580 19502.263982
5380.955795 -2988.354695 -6231.481697 21079.090629 25443.617379
18661.475488 -4698.635512 -22970.285714 32052.936438 8801.081051
7355.804788 -10933.119894 -11248.161485 9879.923531 10612.275711
3212.546482 -11532.469982 -7264.212771 -1515.347269 12833.802639
7868.256060 -5268.640738 -12734.380134 23987.518891 11360.581778
4136.844828 -12017.633863 -8844.356546 6068.245595 3639.262796
10719.535620 -14633.978188 -5851.982197 -4829.909254 -3334.271634
8163.663824 -15678.513647 -10221.027014 -5734.396733 3008.084617
2749.077531 -9551.529208 -3327.790737 -3896.441658 17783.178602
5224.308231 -4068.949898 -17544.484873 21591.912670 13313.398085
2617.226033 -8889.097271 -15644.173129 33638.071814 17690.347381
5517.275318 -3197.512024 -8194.296769 15860.303139 10028.058638
17811.851848 -14162.421488 -29044.495269 20741.764113 18143.775150
9791.469959 -4797.493687 -10796.187179 12199.675747 3913.913223
1340.318076 -5332.732290 -14346.039093 10187.710705 12608.800124
6609.081647 -7048.280339 -15230.465598 15115.191281 10438.602895
9732.535777 -10705.972252 -24218.581921 31974.090377 5528.335712
-4405.415742 -9987.702370 -6013.531604 -14586.239542 2855.222522
6802.522595 -7858.221340 -821.598631 1955.933058 -4186.809997
12668.566843 -19185.136808 -8700.549570 -26003.790927 9115.625822
5061.552641 -7367.664843 -6472.767190 14647.087427 15821.537319
4832.239622 -2286.305402 -8052.403091 12946.731451 16188.787126
8390.371935 -6599.544055 -20805.695055 22931.175378 14554.314148
6653.417762 -5614.210232 -5818.745169 -7212.429760 -7901.173738
10004.676969 -11089.493910 -11934.468627 2431.188794 707.803093
7280.416679 -10383.743046 -8600.282229 12426.266415 3549.180581
5944.963318 -3932.771780 -6042.038743 12958.749272 7921.165782
6300.027015 -5381.923686 -8991.531304 10775.172929 11378.154160
7829.454436 -10122.018599 -7062.286147 3751.351477 9183.957766
11231.579942 -9433.185872 -8170.077217 76.160113 8047.696839
12054.978682 -16970.046939 -19294.182104 -2364.295257 14221.305385
2693.729411 -4066.167361 -5111.562085 18165.236543 19775.257695
6627.124609 -4850.722413 -8527.944609 11046.030847 8516.359836
7707.855198 -12919.007369 -11858.571882 4554.455586 11086.672212
17442.008442 -11805.633847 -21387.074153 12384.018203 15733.255250
10300.055640 -21135.259897 -31026.982735 14609.288590 23544.658186
14133.019628 -12197.565992 -8788.500892 1250.066822 8480.816436
8199.347865 -1707.198891 4994.808356 5101.756218 11016.934122
14058.898929 -21594.991044 -11419.788541 -33352.108025 16932.625086
4801.181883 -9192.979356 -8961.155635 1763.179410 5578.567409
3206.287155 -3500.546421 -1321.791066 11338.049026 11121.100155
7745.120579 -11537.190131 -23498.649640 30242.166693 12753.333397
8029.666235 -5294.779987 -1919.057468 7438.213122 19092.884846
10482.313440 -11018.542481 -11642.122421 5297.308983 7167.328257
-1444.045874 1929.568732 3043.371837 9510.692385 8817.470545
4544.712135 -8027.674881 -11363.128871 10415.369613 14890.920002
5976.355548 -10360.594237 -12208.697861 17466.336114 8488.178994
-1655.866632 -9538.122201 6973.636161 -9178.653509 11278.809241
8930.498036 -17975.417730 -15254.592019 896.677550 11189.188353
11698.034133 -6910.987193 -7677.769755 13423.064202 16578.354458
3712.816040 -14157.868777 -9056.419395 -3841.638147 5381.148609
8196.695450 -13720.155468 -2166.168251 -5245.195263 31314.957755
6598.734179 -6329.500788 -10130.962317 11461.456174 12033.896149
3094.295509 -9222.818199 -8756.721899 -2543.193888 -4372.317012
9255.934896 -11854.145709 -13484.017259 5274.107062 10798.843243
-9263.767875 2139.712507 4375.856285 -2640.476207 -6301.956520
9524.384764 -7590.449032 -9355.616738 7604.109870 9542.565914
12115.407904 -11117.209297 -7981.174914 2267.018961 6085.542390
7004.108071 -12558.653266 -5592.524979 1578.352860 10651.495503
-559.125865 -1410.907274 -1066.368083 7423.547459 8598.534027
7295.476030 -8732.811144 -12988.562184 13783.960704 19707.756241
309.778538 -8492.749000 -7394.594302 10362.648062 14395.366109
6232.673160 -11042.076713 -7562.127066 4381.601159 17119.835875
12639.349019 -8334.929429 -38046.770288 53709.310976 15394.983154
26.298047 -5961.958200 -13509.088580 17295.561812 13303.329571
7555.887735 1412.389225 -4333.010282 6935.621100 504.488209
8803.189607 -7604.476681 -516.857552 5850.182384 3278.253653
3116.299941 -11838.986578 -14496.114209 13103.102908 16911.037935
182.412818 -1628.766384 -4388.467410 16896.170441 21525.724444
-6651.832196 -4267.186530 9872.462849 8397.072343 16946.144087
2237.280115 -10258.411376 -3976.127844 5353.677797 -5245.405738
8046.981745 -9269.519409 -14724.935227 11461.558679 4661.839130
14540.628949 -18694.057841 -16141.402697 -4731.372178 12019.500424
5980.891589 -7496.268560 -9888.573539 6222.524050 11142.111761
16901.891206 -13555.999446 -13393.325338 -1179.421576 15422.601996
4680.766519 -12655.912628 -5568.132640 3164.844976 5785.587016
8888.445671 -4061.162590 -1118.307757 12407.375032 16381.475145
-1483.504276 9476.799720 -4473.476482 6102.223825 19243.415332
9859.225863 -11552.288977 -8568.316572 11486.670099 10847.227308
1239.503806 -3897.913522 -3330.306420 9039.159908 3475.407093
8313.835673 -7359.830908 -11544.141511 14388.846604 7972.300607
6612.609532 -9483.764457 -3857.256107 7236.335142 15965.568657
14078.960906 -2624.226337 -4472.102821 8851.260881 8346.333035
-1513.430853 -1147.107122 1032.986202 5527.852782 617.985409
-8768.939703 9675.758988 -616.045608 -2983.374306 -12430.826991
-6919.337654 6652.386866 3724.898200 -6871.718549 -11571.848678
10570.758546 -21790.230204 -6269.344979 -18102.898016 -5990.288402
11617.130112 -18990.130842 -7796.025127 -7036.846522 -7488.986965
-6848.724234 9704.545069 7492.355453 -3131.947956 -3572.320368
-90.205034 3703.046660 312.597778 -5349.728367 -5797.975724
-1434.213962 -2031.985954 4886.242040 7948.759341 9602.719976
-5462.900239 8873.754477 6804.631461 -4168.460456 -806.574224
3273.136676 -21689.477410 1619.598290 -14835.918052 -20298.982945
14334.869282 -20479.172792 -14553.770911 -17680.854449 16464.743412
-1569.682765 -5764.197995 6447.521059 -5255.116028 3094.455886
1140.472414 4046.162094 297.720670 4899.045459 2044.534488
20045.664522 -12511.068978 -23515.557085 16525.925923 14305.432935
3953.423902 5737.591464 136.784256 3300.722247 -2548.198175
-19779.533160 13991.353771 11169.153455 -1743.174009 -1135.000267
3876.206119 -13264.216572 -6942.157131 -1405.297213 4600.097287
5396.458865 -5369.076517 6094.655122 -1529.336272 3990.233161
10091.425020 -2901.992687 -951.188272 7900.320286 1861.091939
9051.522731 -5427.097557 991.555366 -1830.733484 -11373.654123
10844.789796 -2873.273748 -2500.785189 -1614.003727 -5704.950633
-11568.849712 9467.071166 9505.151114 -3651.676637 -2136.400134
-1626.003061 -1249.534591 -5623.713003 14536.279788 6389.157263
-6036.875665 39.273213 12573.026485 -3377.737709 6016.218753
4666.806016 -2040.600544 3574.198127 7842.284060 13031.019226
5846.386134 -4215.531797 -13185.820529 12780.511187 -11024.551901
-3494.836122 -8500.820780 17438.943106 11820.990998 28397.712603
3920.134179 -4480.483884 9339.508338 12615.508087 22242.729716
-1147.513800 -2400.824403 16730.034678 4779.591171 22009.855341
-3374.284990 3835.851698 6543.490823 7967.657212 4465.576249
8483.570389 -100.229867 3510.416184 6127.759057 7498.110776
2146.278420 -454.537242 14474.199344 1578.754296 15400.675695
1760.660363 -3043.070972 -546.320594 9473.133464 9549.830727
-8729.027246 2460.002945 5934.564106 447.358652 1030.533102
1765.691949 4438.172692 646.790911 4425.328804 -2784.530039
941.764349 1493.266478 -1341.743375 -4669.765799 -11205.646618
3848.134364 -1252.367024 1105.729679 9437.805878 4017.817686
4813.603167 4190.995986 -1024.737919 4484.549512 -3090.177494
2196.559058 -1163.290094 7384.335679 6212.777547 13422.046148
-2112.064168 -22624.119341 -1240.370659 -2307.282364 -29800.837948
-4541.425645 6659.226702 3802.427834 6986.215182 3128.327471
1851.860829 7153.462984 5549.387868 5247.444990 2228.179308
-6064.719215 -3700.378090 15441.685200 -964.277520 658.517525
698.763706 1133.071004 8754.684490 11339.439916 14252.656541
-6464.842334 2222.298702 9305.537286 6710.028743 11498.553020
-4201.728692 1337.193210 12674.774412 6305.906253 7861.258938
-12795.164077 -6149.337760 24010.096755 4153.722621 20561.569136
-8.428072 920.570946 4804.366273 13750.957073 9602.962268
-6189.996326 -1857.222288 17006.271146 6851.080040 20171.607683
-5030.333478 1730.154941 13733.657123 -1715.925822 5103.753723
-1894.374090 3881.982553 2138.060613 11281.278287 3492.927726
15669.191878 -17029.125529 -12445.632558 -3875.165718 2716.216486
-9970.613181 25031.587251 -6529.305086 -11987.102535 -15788.770268
-244.384107 -5447.356233 10323.665480 9126.168677 11346.469334
-82.288831 -2188.513087 4064.928522 12780.662070 13315.349162
5942.176889 -20004.137631 -6537.091840 -650.519237 -16221.183345
1300.562735 2969.055380 4309.275709 -5866.865978 -2639.479854
13936.619128 -15993.364542 -11934.872245 535.517804 4390.829898
10611.373549 -25510.973180 -18947.232993 -21840.514054 7480.495011
5185.467592 -25237.400346 -2514.023521 -9556.207830 -27740.121260
7105.764223 -6557.015648 -8417.247508 6441.853643 4694.910801
-502.836902 -3765.528867 3742.801803 8954.306249 6495.658503
1887.549871 -1905.948273 6153.880445 5109.108417 6156.698615
8417.849857 -7973.771220 -4634.436319 959.809924 12649.970639
14100.523800 -6779.285300 -12946.713633 20385.019948 11270.893939
-1190.117516 4206.340871 4455.401408 2372.885319 1001.100364
-5642.358480 963.242224 6739.222544 3701.551472 8736.059316
-8636.412754 6946.916800 12202.865097 95.716094 9590.318277
2963.240985 -1177.782688 3124.689635 2918.596948 -2576.211418
-3583.187275 3867.548731 927.778027 5696.679659 670.230763
-1232.604672 -749.281874 3867.759880 60.228245 -3362.544925
475.551386 -998.456546 3119.487938 7854.441853 4614.686654
2776.570975 2889.448965 5416.370462 9603.238250 8985.801312
-2456.663816 6309.948147 -2882.226648 11452.259784 11014.260413
7893.056653 -19595.835894 -8546.248037 5744.474227 -19409.520033
9001.091212 -5357.658601 -4092.498856 1567.670900 -689.095673
5465.301864 -4957.737993 -10275.860963 5472.580327 -4506.695236
5297.709274 -562.297667 -3524.510511 6953.987761 307.197673
2276.605069 -1947.272412 -3568.355468 -599.111426 -15483.506830
-4935.310136 1428.691051 449.605778 -5756.126769 -25224.207699
2205.359410 -6172.886516 2627.179944 1203.510881 -10471.618018
5794.031674 -11605.169061 -5369.027103 -16732.937642 6602.302657
3919.694846 3066.567284 513.461918 7277.396200 -1708.380892
-7670.957178 6265.225028 1465.506027 -394.588639 -8611.572695
-6869.347190 433.216143 5836.338230 15622.744091 8306.957571
3613.987220 -8863.816212 -9903.047828 2389.419623 -4828.839643
7387.915083 -4222.254406 -9779.335959 11670.852575 13852.753720
-18296.592325 6316.764715 13955.305023 9287.986757 8307.911541
7655.951849 -33332.687089 -21138.486125 -41175.377321 27291.973765
-20019.227022 7755.147024 13990.145896 -693.736053 -143.473537
-29471.769457 5905.730175 17779.801392 5658.087336 5053.839833
2446.960774 -18961.255505 2302.255168 -10618.688354 -25923.022473
-4115.086795 -2220.932260 -2130.633282 -9085.269198 -26059.483364
-9872.486357 4110.680310 6445.510379 8250.545333 6692.300778
3144.132943 1747.124211 4617.023177 8855.387444 8233.678755
9560.050124 -11653.462383 -3639.263296 -4480.974378 -1500.986923
-10399.153420 22292.274996 2390.343697 -3299.458549 -9084.552837
-5208.290170 7954.592566 -1511.854028 9009.673050 -1614.297474
3530.112458 -4125.442170 -716.632751 -1311.646882 6767.900394
-12004.633079 704.403651 17642.093880 639.049834 9181.596552
2878.891840 5208.588293 2260.238251 8504.799812 1469.524636
-14275.620696 2186.888383 10282.650507 -3179.801724 -5405.102654
-11295.486027 1340.243324 4562.313453 -8675.416651 -9381.091155
-3862.129945 -4727.049239 6218.360421 8998.695810 10684.935811
2609.002491 -1350.682794 -4300.472473 -1681.274454 -2331.370349
7279.672871 -12773.023922 2722.684332 -4606.720071 -16920.143802
-3763.799404 7925.613776 3589.729867 1988.803860 -107.731046
-861.381978 -3088.224284 -80.848025 -6446.907019 -5668.768685
8940.232415 -2237.346491 -378.868866 -990.623138 -7162.880374
-3457.613398 4209.929004 -3624.826049 2696.145364 -8230.470744
-13889.025659 34495.587181 -6027.149637 -9618.535490 -7963.356861
-18817.339260 54115.723897 -17431.872792 -21483.106360 -10123.956102
-1270.842355 2024.755722 6236.650426 -7932.213073 -5874.350497
8600.009995 -23886.437635 -5712.811940 -14072.929548 -14088.474014
712.678772 -2336.642695 -6164.574900 2905.059173 -11717.990993
-13175.106905 13548.882520 8473.652956 -384.903563 24.001117
-4957.727625 51.654845 6051.280724 -4898.249910 -11642.878120
312.387492 -11374.508192 496.454934 -9604.040304 -21684.708695
-4677.021031 -1748.244070 1361.442081 -6088.231393 -4337.093238
-11968.182610 7629.917995 4724.719108 -344.282844 -8183.436601
-1318.628273 4216.061451 15519.882766 -1663.449432 16297.109792
-3515.510398 -4549.122935 7136.711439 -2010.329356 -8424.608789
1014.123558 -3401.497487 5996.103695 3350.940359 -1239.321728
591.159372 -12311.975189 -2175.356525 -14495.370050 -5764.707106
1048.828694 -8037.779070 -5558.546841 5583.833149 -5734.846320
-9447.874432 -12215.366547 4861.706729 -3645.491138 -34972.077093
17093.665817 -12299.257003 -21443.732637 15885.001334 14386.433618
11170.473172 -15337.778916 -7282.617175 -6664.830587 1150.814291
-3237.147886 -1189.128992 9420.693665 12622.312466 10698.041998
-7742.644238 -5826.834767 13073.072609 -2156.410263 2144.779223
-7378.676622 -8159.326635 3942.244369 -16669.951037 9772.994782
1815.491158 -9230.252551 7221.472232 -9938.777162 3989.666038
-7172.611468 -6181.802399 9266.703617 -5999.106926 -9843.362736
6530.416012 -131.780384 -7255.899365 4795.792805 665.866556
-1301.124065 -4746.767924 -10187.772138 20197.134222 10616.603660
-1987.343737 6452.292404 -4739.557779 -6030.046486 -880.885557
-10100.162523 -2352.307986 6190.696731 968.045533 2266.994956
9874.347138 -6635.250864 -6393.927285 -2122.005172 5613.830866
2118.372886 -4742.853588 -5781.697798 14557.625036 8115.541586
15283.609918 -22295.004739 -9280.681544 -29416.892045 15887.713232
11834.684670 -13983.953504 -4347.538864 -18792.119812 17598.785731
7015.477132 -11368.480808 -16769.196001 -2617.616246 -178.878833
-23995.248643 -44469.719619 -45097.439858 -52653.247810 6525.584196
-31049.141363 41130.502507 -11323.295295 -11212.908989 -5501.192930
5677.160081 -8737.120280 -6675.408171 -6100.499080 507.081849
-17292.972239 -4072.970597 -30959.559923 19113.986053 -10723.380209
-17273.038429 546.510340 -3709.122640 25807.789853 5582.456246
-15873.766523 13352.366954 -7809.073817 11725.993463 -2051.034548
-165.842207 -10795.509637 5554.067673 -8408.663052 -18114.909188
-8533.718837 22761.608122 -2970.974847 -10351.123209 -10259.114764
-5899.213090 17538.521386 -157.613557 -8026.198765 -6413.354585
-6550.416839 11200.068176 4787.615851 -8021.071196 -6937.249917
-4994.374793 15709.872303 -1335.710429 -8905.036586 -10206.550760
-6603.231819 8507.097949 6407.977758 808.921022 1566.735070
-2461.211322 -3298.298525 -369.663277 -13242.613162 -655.267979
420.987843 17697.593800 834.372735 -1342.747333 6963.378355
-1277.038628 12533.360400 2343.755335 1503.738980 10010.438362
-11818.721318 4980.133665 7113.191791 -4868.864207 -10825.612660
-13001.332159 22471.576402 -537.250996 -262.577086 11633.820067
-1973.208432 14162.162785 -1619.376889 -3743.121917 -5119.038757
-3949.181142 8091.666229 -3158.509832 -6260.943031 -13452.856906
-6040.391977 15693.260093 1959.955428 -6243.441462 -3022.699437
1207.750698 13902.454907 88.457307 -7559.088971 -5896.945330
7221.670892 32.843745 3589.269725 -5481.455724 -11689.751392
2746.124095 -17613.806478 1926.414360 -12800.946429 -19210.647340
5977.191654 -11314.382744 -4038.627573 -13704.876567 -13334.796146
2461.621013 -8732.491789 -1601.567724 -15926.193157 -9784.137800
9605.041951 -18005.794148 -7327.295353 -19890.687590 3925.737518
8061.764301 -5877.299425 -3291.798001 -8348.778943 -9873.914223
-8767.687343 11088.133339 4771.542388 2147.887732 1321.301541
-7783.436364 18057.886135 850.858238 -11151.136196 -5203.212740
-7558.071710 25432.276924 -1826.919660 -10187.718431 -2373.521472
-7420.529293 30379.524647 -730.926987 -9198.592762 1319.286651
-8178.661818 32496.029495 -1914.108145 -10389.876957 1050.395920
-9529.887115 33026.460658 -1689.139839 -9514.532259 1632.032655
-12772.471894 26472.425998 3077.185933 -4548.081206 1498.573534
-10892.117993 24242.158700 -4525.239363 -11895.174857 -4853.817868
548.895038 1973.159928 -1616.751702 1247.588724 -7545.656488
-4164.177456 10655.530823 1893.283180 -4806.196581 -6925.666365
-8783.491683 7595.276183 5568.788495 -4038.472284 -7425.647239
810.348807 3492.135364 3259.774691 2222.506104 -4312.556784
-1483.415242 -919.896577 1852.344672 6691.022475 -1700.503767
-4087.536006 8294.859368 3004.037281 -2578.540892 -9774.040730
14659.072325 -19044.721939 -15067.920877 -13641.458786 9851.172264
7161.193123 -34514.351013 -21804.404154 -45553.773524 14716.086733
7712.285123 -26951.299970 -8635.483324 -21680.257110 -12270.483992
-12499.851511 3352.300088 13168.625293 2300.822276 2603.571953
-6153.173436 694.872493 13748.584586 5243.757550 11332.694201
-706.825445 1593.549177 10226.978932 9680.245312 9630.422797
-14172.273189 20164.248696 4693.534820 -4498.514079 3442.965231
-8791.945305 15210.071260 1883.802424 -3188.501886 1650.976993
-10936.473145 8194.466748 12898.626659 440.273037 7515.727206
-9289.415175 19141.609550 1004.739080 -4437.723769 792.417181
-3560.853196 7123.461074 2206.786054 9604.857210 10437.023594
-13468.926009 10832.199850 414.544940 -7.306922 -13038.805029
-13568.163151 -5638.276050 17794.118659 1291.445710 1738.414520
1749.753989 297.543636 9169.511907 3612.484739 2655.146202
585.799778 -3065.829700 12557.452538 5893.340071 11634.136320
-7101.106916 -4969.014212 9364.030581 6717.965037 7506.787378
-3542.686629 -2119.174378 10217.618000 3303.806870 -1654.923182
-21023.360245 16557.538068 11111.530590 -3049.632773 18331.423643
-6018.449851 -1816.013429 15493.138845 3025.689956 6778.672012
-16741.922235 -1237.485670 13654.578017 -1670.499854 -3789.792337
-3411.120411 1717.056272 -820.608866 -11302.781242 -13085.322365
-19121.699600 -232.497381 11587.800029 -829.801405 -3323.130452
-5802.130845 556.086495 12559.107660 -689.670113 2893.019697
-9145.129580 -6376.591247 12878.126093 6247.787857 650.163267
-3736.909804 -2302.767237 13926.231634 6454.801237 5470.919712
579.129859 346.390021 8830.550437 335.017956 1598.882021
232.871695 -384.781716 4307.640519 3847.814884 -1120.413834
-12779.580290 11434.598297 7239.594708 -7025.916390 -780.986813
-17082.740849 5224.553661 11644.693104 -4023.183249 -194.855448
-10956.154571 1332.883392 -708.360878 -15679.971681 3909.605334
3667.164272 -6958.757863 -4973.941851 -6871.987215 -2075.289634
-6612.605552 2302.251781 15866.943460 4613.842194 10558.048046
1163.455494 2739.529697 4428.061830 -3230.354152 -4343.342472
-5992.251301 7464.610258 9635.668000 -4308.141626 7758.818030
-606.068873 2583.077265 5149.951387 2957.691966 293.584906
-8055.654376 406.186709 11887.177662 7311.910025 12866.259072
478.820747 2869.929327 7911.128037 1733.761978 2511.363666
-7147.829974 3544.674869 15605.509887 928.847629 12251.038869
2556.153773 2296.351858 -8450.310301 -14818.415817 3369.071044
-3918.000334 1164.218098 8316.516378 2412.518061 5445.151584
-2783.861313 -718.253039 14312.368314 7069.137350 14368.049815
-5888.240554 2005.772059 2275.597478 4914.086789 3516.443665
3676.068018 -4565.378877 4724.030066 -5768.985689 -6924.133098
413.051098 3527.315537 987.537288 8709.004236 1496.700342
9700.955301 -26372.561079 -9557.240677 -29527.388971 3275.937846
6383.780384 -12553.309357 7293.247936 -5091.129012 -15902.903332
5593.158198 -12369.791618 4039.816730 -476.472078 -19115.483789
1824.282045 7567.739108 69.236169 -1770.326269 -10742.907750
-299.134464 5483.213910 1985.019445 -4815.962392 -13775.146089
-2787.657045 -11326.094848 2539.406900 2025.204726 -27210.132837
-6577.041472 2351.890286 3988.521925 -297.909875 -4120.146611
-15898.487165 5152.624436 18698.163323 1728.523360 13626.056323
-6756.488364 -6668.788209 8363.350288 -8068.789224 5191.303830
6696.423513 -18971.062455 -696.285160 -13132.678491 -7664.628551
11513.322677 -17692.364332 -4994.212977 -12729.315802 -1871.459107
-1322.462037 -19066.317492 2692.828091 -11205.734803 -3277.268244
-84.814769 -4364.851382 5346.377740 -432.474097 -9984.017077
-5661.129950 9554.295672 7501.988614 5595.262252 6816.052191
-14377.329159 27237.709473 1330.927556 -7377.342116 10054.259342
-11114.484207 3547.451486 18799.623988 6039.849212 10818.758187
-4299.326756 3775.862203 5725.647760 5205.430485 -1362.858298
-8065.898785 6469.901011 9102.763660 4209.269676 9119.871652
569.170946 -1506.115794 7975.648600 3138.490300 -763.909870
-15750.409708 3674.722564 17592.092086 1802.996769 6059.387867
-1633.436485 1281.655631 6722.857370 1229.998428 -3932.609277
-20377.881598 48236.989082 -20772.496889 -8870.778013 -3965.433883
-6858.081475 4775.210828 10594.596031 7908.735969 14727.150235
3064.027140 4271.721865 7331.932944 4552.963293 3450.492172
-6484.441750 8152.410778 3973.810199 1753.590933 -4008.494111
-6674.872179 5662.900926 7561.538770 2768.291765 -472.092631
-2037.873532 5624.267152 9655.802542 450.423949 2157.770093
-1250.665580 2578.468163 6656.641598 5993.312215 7572.528636
-5343.841858 6224.103960 12686.746372 1602.783861 9867.842992
-7126.764914 -184.784889 13262.629201 10545.705949 16324.456730
-20004.181562 32192.729783 -7042.540870 -10794.163136 -12419.683376
-5446.004886 3943.457145 5786.999001 7345.927177 3434.482223
-9419.797500 11819.562824 -5836.846795 -17449.508672 -11708.365030
-4970.710600 30836.439578 -7199.206398 -6802.587607 2309.035272
1742.649219 3457.345989 -4494.425574 -6979.641779 2135.390147
-3438.695136 14374.476928 1645.572903 -6695.104878 -1512.976628
-4507.203443 8973.909372 -4111.591009 -13954.581238 -3974.392424
-1007.588243 4536.897641 -1927.057389 -14720.549580 -4904.076589
-2119.989582 4612.717857 -4557.401852 -11457.608799 -1980.182946
-6693.043056 -7240.610058 -15141.471027 -21065.853509 -3508.023848
-7633.836789 -2370.411875 15441.252902 6035.370150 7547.871837
862.042375 -1275.588010 12586.930878 9586.615912 13958.336302
-4944.273202 5629.569310 10641.520521 648.301433 -2887.562514
1573.408169 367.655161 6388.953354 6036.196110 -199.758348
-4919.579103 9951.342753 8643.680042 -2533.111666 337.090284
-5098.327326 4375.519775 -765.409090 -7730.722998 -14341.091080
-12699.348604 11373.251106 7511.592900 -586.703089 -1109.301363
-461.237646 3694.925569 -1316.120748 1164.275358 -1379.961082
5543.902703 -7283.241481 -9561.235611 -4626.458970 -2159.644819
5899.342918 -21197.627729 -5202.385157 -18721.638144 -13367.799697
1809.201789 2758.191806 -788.021158 -4185.066543 -5758.733668
5119.745218 -15590.872254 -3846.781068 -21235.076144 1981.146625
-2873.081024 443.929526 4273.876580 -1458.567731 -9387.795025
3121.310072 -672.094589 4481.574426 2629.048389 -5041.546369
5411.802016 3380.827448 4129.283550 2518.920342 -260.766109
-3956.617105 -306.747139 5313.544737 5426.436726 -2096.829856
5731.567586 -4746.786803 -5259.740415 -3922.415285 -6076.751917
11407.671409 -22682.821121 -9109.363996 -25110.274146 1255.664574
2221.948049 -15130.123552 -333.699382 -5129.562156 -22597.208594
-5125.596091 10472.580731 -551.302517 -928.414912 -6353.318991
-9041.207304 -25052.166932 3752.890202 -6708.587099 -44312.154606
-17586.104121 -10221.153003 1576.266675 -9269.758597 -36036.490467
-15197.684715 -9060.756717 7687.009202 -3825.444337 -22090.551150
5339.296465 -1876.227398 853.768310 -980.240464 -13172.106494
6046.375426 -155.233981 4299.528814 -5824.255845 -13524.960775
-4087.614814 8692.808585 2533.212680 2624.677444 -5895.389209
1365.839588 7083.883440 5189.236258 -3656.995621 -10619.871850
-6495.189922 8256.836971 8795.006826 -1023.547551 -6337.389016
-8828.677055 8552.245711 8167.579828 -1318.915174 -9227.957392
-4288.870384 5688.098407 5661.212378 -889.419852 -9544.876878
-9667.745815 6690.476314 9381.178445 -1865.462865 -5100.914667
-11274.723745 5245.348603 2167.933377 -6173.430167 -13969.585665
12682.481521 -14884.429634 -11971.726741 -8043.158626 8727.979850
-947.802389 3191.148613 -2224.913567 1483.263346 -12808.743967
4057.711215 -9670.356996 -5903.604863 -12084.377438 -10597.810279
11311.325710 -9190.641201 -3663.775231 -8277.740819 -7422.726245
4235.684708 -3791.019939 -11787.811060 -5000.149021 -2547.083152
6553.403489 1256.353602 1663.183405 1249.322358 -5735.892714
8733.364510 -3753.512174 4727.510205 1355.072462 -7134.796730
-4963.852576 16629.803194 -712.738118 -3443.951234 -455.077587
7868.732313 373.409751 2110.142238 1138.094368 -5199.101437
3555.719538 -7370.161728 2898.975953 -3514.481236 -14502.218687
7826.975282 -4183.140744 4179.721536 -3276.517490 -10951.816349
7966.668481 -3512.595610 6677.037755 -4594.791406 -8459.075180
-4793.266558 8610.324398 -4357.624407 549.529104 -7249.967846
-3980.419160 -10069.479116 975.280957 -7882.579337 -16852.437025
11120.015999 -258.353827 1524.312247 2979.655580 -4209.487174
4993.737340 -3959.588930 2546.682284 -2026.037075 -10384.968932
6368.934186 -6364.645055 5646.580754 -7307.867261 -13483.121339
7563.112682 -2675.080052 1878.265151 944.016875 -8794.829735
5319.557273 -6168.074467 2439.241849 -321.824189 -11234.699940
6519.401391 -10093.756040 -115.274463 -767.907764 -13517.730607
3161.625981 -5775.140037 5597.328367 -4028.674620 -13724.368517
7166.097527 -12148.546176 1695.980684 -8862.913508 -16854.952832
7105.649078 -7535.736431 4561.578499 -3966.969368 -11127.140036
9045.494608 -9203.531398 2234.604973 -4975.570467 -9800.098355
5532.531086 -12718.519453 -2137.600412 -3447.554052 -17398.166232
6662.591119 -4903.892191 2912.205539 -4660.294110 -10607.510785
2912.652514 -9546.123736 4167.348726 -3750.993954 -15643.488468
15096.036278 -12095.250780 -7361.573653 -12162.733832 8230.216640
9759.994310 -24501.138922 -5845.869537 -25118.187168 6391.549083
9174.441378 -3516.691018 437.725259 -11412.876022 -2785.674434
360.490754 -33412.659266 -28164.158561 -21003.287279 232.710738
-21901.127956 -590.919587 23781.352661 6964.856838 9745.822657
-2240.203768 -1627.651427 19080.985653 6052.902999 9138.557359
-6288.341500 5806.324060 -2218.145254 4972.064390 -1292.310116
-3725.767384 -1118.177307 14833.009733 7738.366546 8280.951757
-5499.430734 1296.621195 6557.110821 9414.677614 10533.564377
-4737.241606 2727.627826 10544.933403 6421.692185 12357.600991
-12728.604676 -3137.307170 17795.076984 14504.601200 21810.126455
-1503.181220 -776.130239 11222.445321 3148.100204 -1038.939362
-13780.758021 3586.753439 20119.520779 5435.276472 6921.706403
-7374.566347 -3423.084470 22316.540881 9213.105146 17487.228048
-4163.285592 -2576.370882 13250.693639 8021.819334 7947.568399
-8064.236316 7756.225727 18380.694380 2748.563740 7427.202517
-6522.143341 -1618.251199 19992.502410 4574.254192 9813.713976
-7045.338176 5397.494921 13593.589579 -1627.049327 4468.305113
-14328.973537 719.648585 18508.545526 1490.368033 11952.584938
-5924.601269 -1065.182820 15124.079811 1244.433428 3649.932876
-9334.919590 -4667.793928 11794.492312 15549.966978 9967.054171
-9740.610037 -12633.638449 24816.499005 10677.159978 12828.418717
-22106.952956 13133.345287 11876.463084 -289.387042 2583.994608
-5736.599581 -12774.854599 21298.472500 13856.250447 17601.689106
-8187.487705 -10913.207857 16069.387420 15571.541154 9706.942890
2086.611808 -9945.526230 13036.886917 15337.838235 10331.754342
-10533.788144 -14629.992912 27007.274203 10915.491395 16403.292495
-18912.214589 6904.215966 19473.600513 7806.920354 6966.369291
-8052.664990 -7741.975149 20361.958737 8490.069457 8683.084051
-17423.798511 14495.754516 -1306.528140 13107.859018 4578.306853
-19782.952909 27628.491908 928.821768 -4973.800136 -2366.722335
-13938.011154 -6058.246094 19564.586228 12808.266872 11082.410662
-7865.313645 19518.935011 -4629.007743 2864.452745 4900.728807
-16758.789705 6557.427988 20752.608230 5566.427888 8364.281205
-9597.437842 11059.410978 8347.780622 4545.687207 10180.912858
-7013.637508 9118.250486 2791.618486 6987.425000 8958.647243
-10857.589867 7972.602187 8986.357043 7017.147151 9179.329732
-9858.430298 9304.193975 2426.763037 9305.726665 11851.807966
-17715.701099 43655.597597 -9055.573581 -14733.878353 -2175.350015
-4195.509599 9850.553370 -933.681810 3801.400127 2379.163670
4579.908318 -11152.063450 -2476.188698 479.756319 -18121.067975
308.400945 -397.886440 9187.037507 6254.156637 6460.701878
-6825.912730 -591.864186 1849.914144 -10627.244621 -11790.561941
-9602.942537 34806.013594 -3897.709605 -10472.980332 -14.917484
-7224.734382 23092.628988 -3187.593260 -4081.261299 -757.223191
-4152.277135 11415.492115 -2575.156423 -3531.454877 -8865.944091
-1243.163866 11178.826473 5208.118746 1453.401912 -632.272375
3594.023439 -641.087599 11510.544101 7545.434814 7844.402290
-6961.780349 -5139.069864 13733.344400 -828.774716 554.224785
-10131.329529 236.669982 13823.930608 -529.122041 7398.636327
499.954298 -6974.844758 6146.683357 5316.646061 -1094.963615
3588.204843 -4504.228108 3836.308537 -411.763385 -4615.909345
-2654.618519 -1392.638031 11280.784112 3273.812430 410.392860
-3388.810112 9829.750594 -2457.026791 1891.819816 2013.673018
350.003426 -1615.904562 6149.917720 4060.266382 -916.575163
-2857.172154 16680.461963 -4981.872555 2231.409952 1434.189110
-3976.569707 7253.524628 5794.714687 4854.921965 2755.355371
-8092.887888 13735.421723 6781.726660 -4390.776257 -2478.962500
1107.976295 6752.766123 599.550708 1633.481846 -1585.865813
5274.644085 -1231.984649 -157.510794 6773.152622 -2239.049503
2152.511867 1350.692649 3420.025573 7836.682195 -132.738143
3625.253795 39.489208 4846.058165 6695.868048 6910.357023
-3117.874691 642.915004 2853.426699 8988.808852 5021.324778
-3365.387566 5571.683779 4000.819545 6954.206950 8957.874266
-9666.010342 3334.481182 16148.097122 1232.573628 9358.807581
-4393.736732 12443.143123 -4503.892039 -1434.884875 -9300.414874
-10834.175931 16081.460377 2394.804983 -5650.994303 -12878.536148
-4793.614995 26077.111656 -5353.345125 -4886.698272 1122.924527
1434.222069 23590.448933 -4660.813998 -315.400312 4743.268878
-3744.964184 16125.721289 2091.186713 -123.290238 7819.459139
-2937.191574 21902.688692 -4700.815789 -835.465824 7560.007757
-478.699919 15254.473749 -3129.395391 3191.743552 839.124695
-4939.164988 23729.650027 -3122.806044 -3493.523631 6554.197567
-2394.425477 22238.464248 -4286.140418 -2592.783886 3114.970625
-1034.923661 6315.273730 4271.942585 6917.041079 7377.639314
-7962.797432 23296.188232 -3705.311765 -1647.537590 4906.641233
-1677.953451 20363.542804 -7899.876027 3525.589459 2885.843635
-5108.729372 27577.479350 -6589.320637 -6092.555207 -110.321255
-13394.840217 11728.110580 10064.137180 -336.931533 5891.640516
24.819133 7661.357681 -664.110051 -10230.401179 -4370.446595
-45.334198 8946.116351 -343.491028 -9749.240815 -4310.165433
-4906.164402 14454.902079 4825.510426 -4935.634954 -7048.808720
6478.923605 -2296.310303 -7744.033676 5867.918247 -7431.913451
-3234.284233 5018.609288 -492.989288 -3585.142148 -3969.587808
9710.708450 -11176.751233 -9751.301406 7137.133233 9998.861635
-3682.646223 991.018347 4504.883776 11550.648816 7922.564141
5170.102214 -9378.064618 -699.219149 1889.231382 -7176.725248
-3512.272982 4475.819812 3701.495296 4421.582230 6800.723920
9785.840215 -5657.642907 -2388.961552 136.180418 5260.038258
5228.870998 -7730.211228 -5307.526563 9298.987060 3379.369874
3352.606331 2464.428254 -1625.997890 4737.847850 -5664.762480
-422.739631 -5931.725722 5654.235044 -4465.812013 -16885.937406
7909.117198 -6761.524840 -5042.286075 4546.195889 -7919.361508
3849.313913 -5087.013111 -1641.115674 -816.763882 -10017.471547
-3193.835758 -14307.466631 1224.898063 -415.765753 -27465.334573
1984.357401 2090.615201 -1173.044172 1858.422235 -6798.026775
5175.556563 1627.358560 -60.791750 6226.899427 -5144.007754
5491.818467 -3693.772651 -1591.498072 7977.886106 -9201.261097
7356.434231 1704.560651 -3628.214905 8636.950956 -1199.740796
1661.516564 -1247.041200 2026.192266 6930.912547 645.296795
3688.466102 6755.988580 -1360.077129 4783.276594 -433.181531
3041.254893 -1217.780399 1189.279438 3724.824602 -9391.572744
494.611627 20271.456968 -5832.199938 1331.522523 4916.500535
1969.534443 -5371.037238 1212.721510 -2746.944326 -7138.877421
1993.811562 20007.415258 -6171.215754 200.860000 4059.305713
2553.662023 12712.922610 -1497.573807 3650.627477 1399.479776
7211.418587 -9772.991944 7082.047548 -1061.588639 -17553.385421
-21128.678472 19789.732128 1218.262934 1909.109670 528.153143
-1865.204303 -10824.400710 -5424.387950 3124.200067 -23964.336426
-2336.436259 -10358.790094 -6682.591394 -17338.238269 -7665.952138
-1949.157627 11573.954317 -2359.988910 5627.564269 1739.207962
-4048.289365 5613.407488 4782.372507 360.123223 189.738985
210.560496 504.220984 -253.159271 -264.625878 -7245.216103
3901.790859 1378.459738 -5437.022901 5204.487152 862.639514
169.586644 -622.333638 -869.309082 -150.548630 -8401.438416
-1626.342938 3490.312070 4833.484709 1105.045977 -4151.912731
-12595.796378 7778.276126 2907.936431 -10900.936222 4619.788321
-995.451082 8407.158670 2411.211506 -357.717024 1596.346857
-19178.742904 14461.635896 3187.933410 -9621.446613 1494.930268
-409.619875 3911.769783 6671.596796 -4723.540658 1179.228584
4836.383773 -7215.439550 5073.771272 502.637682 4572.868601
-1091.937076 9366.854490 494.603126 -4187.128615 -337.946032
-4031.976171 -8395.371737 5779.206188 50.842198 2271.664228
-10094.566610 -7329.950338 4421.344104 -7659.287884 -5722.046006
-21717.826537 37497.982479 -6141.190541 -13474.607215 -3028.471996
2008.997159 4093.877008 1174.145154 -3969.337912 -6493.871173
3908.284989 2603.145591 -3968.671918 1374.000405 -4557.929124
3412.866824 2980.439954 -3358.962800 -1884.288584 -5950.511619
-952.517286 9919.145642 -4700.634974 -1659.913354 -3199.389900
5491.839781 512.667746 -4025.019263 -1205.793749 -5432.468623
1648.037451 9985.802697 -1480.790959 -1846.323213 -3819.411819
3372.863521 950.209131 -3579.861461 436.989165 -6882.330396
-2266.055861 -5977.945820 -10657.196864 -16744.770698 -11414.233536
600.915520 25994.364903 -3289.546303 -10162.266889 -608.091427
-6600.749709 31382.263095 -7634.362967 -11725.261399 -1911.784230
6439.466182 9816.696133 -4493.001071 -1380.455453 -1687.240854
5742.642708 -1443.507114 -2454.669621 -10536.311787 -4716.255496
6257.453606 -7383.173697 1156.757628 -1566.280504 -13575.338723
9382.872275 -4799.963494 -2219.488561 -726.441681 -10069.231487
4535.103366 -5645.175117 -288.406796 -5207.494001 -13491.069483
8082.102775 -15699.396220 -4277.189680 -5855.877418 -11831.664137
404.109642 13929.787020 -958.240812 -8244.384582 -7856.491305
5954.807799 -3166.167365 -1251.444192 837.014275 -9322.729585
7862.345828 -16532.646405 -2156.668497 -1492.319506 -17300.099775
7131.003420 -18705.553226 234.827897 -11768.560800 -18234.397319
9517.670335 -18811.027435 448.984693 -12985.573632 -15082.037064
3468.200257 1709.350105 -3394.264272 -4568.786990 -5306.104200
-3674.681924 21508.628471 -5022.383316 -4470.345416 -2144.941127
-1141.736056 13977.447569 -3237.189810 -301.899614 -1170.863792
2260.890622 -3990.079085 -8259.434621 -12283.852027 -63.602503
5685.861368 -237.397330 -1915.862372 -4944.010427 -7520.102279
-4267.813867 9141.695915 -3991.664798 -14588.031750 -8028.735699
5548.921737 -4234.297815 1950.359911 -1125.886935 -12542.680659
12466.164581 -12986.166235 -3014.320311 -8712.039579 -6410.025630
10878.332617 -21846.284291 -6360.838112 -20034.725819 -3347.371215
10119.472284 -12004.660096 -4396.296016 -11841.940979 -15.048705
265.364858 -8995.558813 -561.413771 -11687.759283 -19670.921672
6535.166945 -1327.761017 -5350.227319 -4092.351426 -6502.113073
9587.375948 -21197.437474 -5546.978975 -15493.757026 -4642.075890
6442.472336 -5126.326867 -3328.804548 -9698.977797 -2009.546952
9277.843692 -17286.981346 -1012.255932 -15363.323110 -14737.022483
9040.456054 -11106.545122 -2910.608434 -3710.464688 -9037.787867
9227.358397 -8009.207507 -1406.231390 -421.699050 -6090.105006
8432.307248 -7684.475524 -3438.010483 -1544.570619 -1983.629800
10551.104574 -9163.427021 -9307.035624 9033.510321 -3353.821484
618.484142 705.114441 4390.649931 -298.744075 -3684.312991
5799.117625 -2337.491287 1514.131917 -1237.348996 -14509.564770
-354.212534 1656.459622 3225.852621 6141.023395 -3996.614625
-12.297869 -5126.502287 1093.473359 -591.836769 -23806.740875
-1545.641819 1256.594179 4920.725810 -5081.706038 -12310.674960
196.100201 4006.718280 4099.870724 1134.109045 -3121.365102
1010.856869 515.133448 -661.581594 -1465.776599 -6365.594950
-6876.997081 13995.087104 -8948.014086 2320.345260 -6002.576307
-6610.755141 22424.603317 -6276.999975 -4282.177332 -8596.474749
-2003.005719 696.874986 7396.903854 1780.993516 -3105.145659
-3480.294867 -9467.250332 -8476.285151 9565.236736 -20147.593211
5153.340068 -24546.206022 -769.754367 -12594.107963 -32082.554951
4871.286365 -14537.882988 -2873.271078 -5229.568888 -17746.533714
1400.297390 4272.956772 -300.050748 502.039698 -6414.232174
2534.671424 5819.082189 -1295.400773 5552.006904 2529.004619
5252.459186 -20117.601392 -6788.557131 -3629.174880 -22469.575254
16782.094361 -18892.802673 -26399.818566 5204.369622 11084.769444
2511.357462 -4873.078324 3670.278545 -7682.491370 3884.967538
5516.493111 -888.506886 -10071.150369 9002.304435 -17.642711
-661.036633 -7806.759495 2277.355937 -5165.428589 3648.313854
6512.373040 -3949.270711 -900.013027 -1271.895164 4782.870625
7889.934507 -4912.824941 356.043620 3040.104394 2437.094851
-549.889768 -7376.698958 2640.402690 523.501855 3096.898322
3527.001937 -13400.838759 2841.346751 3362.537486 6390.798805
5172.581199 -6099.020103 148.792478 2134.243278 4459.051791
4279.393769 6475.429889 5450.171492 4185.798922 3646.135589
889.186533 -7445.087147 8216.747534 1697.605305 -6476.285718
-1746.757564 2413.404436 -3954.032674 -10306.056905 -7737.265252
8514.859171 -15975.867772 -8835.804256 3122.582109 -6416.271032
1590.101526 -523.710875 -2219.640629 -6183.154465 -10999.875289
5036.812483 -15922.530713 -3836.923538 -12053.304276 -13618.047100
3869.382426 -352.201412 -2083.841282 2146.874993 -10972.426877
7023.604271 2711.669170 -1008.438608 5673.324819 -2441.245043
3855.436396 -12190.484096 -2004.394963 -1736.729681 -16649.131538
7581.996761 -9520.192627 5230.726345 -5589.951465 -18843.702093
1094.662124 -22548.447513 -3665.882839 -13152.327800 -17477.507982
1543.582471 -25264.195799 -6206.478751 -19936.132799 -18356.113194
4378.180139 -23353.436131 -5185.072451 -19732.666677 -17884.625776
4508.951023 1671.590501 1686.433266 -3182.415157 -3253.064800
986.519820 -5112.292790 -1255.253004 -1864.547017 -15185.140951
1924.084855 -2495.490782 4872.485685 -4956.895597 -12572.493908
12004.751589 -20132.301500 -12604.547893 -23574.194432 2120.959288
12166.381643 -20261.071168 -9333.361015 -19111.019370 220.591696
6825.153874 3335.228063 1528.343053 3914.368363 -2925.085265
1610.601439 -16661.352387 -2971.794033 -13913.314493 -11199.372270
-24823.816522 12509.111252 13105.601082 2201.691585 7437.736532
-1096.210161 2578.224521 -4600.186188 3001.711616 -9653.902327
7464.541982 -4069.176671 -1785.296951 -4394.136760 -10717.410744
-2511.137909 -11818.467029 10789.395838 -3737.833346 -514.809463
6734.247824 -9414.585825 1210.717372 123.670450 1380.833613
5979.834497 -8745.656583 -1569.428636 667.473941 -402.534815
6804.236449 -3849.714723 -1585.943630 4011.270802 -7679.259616
-2335.622115 3421.928992 4272.033476 981.194941 -4819.618744
3846.857747 -9290.028951 2012.417388 3340.693742 -15809.302224
1746.929035 8955.720592 -3618.684858 -321.148360 -9224.092173
1142.630056 3518.556825 -1317.039479 2806.738719 -6344.533121
-382.342610 -1516.922256 3135.696671 -1022.396241 -10407.320708
-1159.126806 8865.594542 -1502.494429 6497.005241 2302.447803
-5224.211901 10862.259659 5720.421478 778.130450 1888.780110
-4433.200856 8992.183457 5962.101633 3152.984917 5172.122720
1000.683778 4772.292156 1330.965175 9588.016258 4490.479644
1519.272921 -2115.555551 5502.781515 1688.051425 -639.560464
-7187.484690 741.573775 9664.821676 -4445.362080 -1015.724966
722.022993 6875.785562 2589.352551 5534.290687 985.864232
-1776.384994 11788.062692 4347.890498 2356.110356 2239.440839
-7574.648318 11884.989085 7939.141531 -5847.844865 -202.142248
-3562.756522 5298.792036 4590.082980 7460.862219 3914.794586
-11623.092081 11230.777518 9526.048654 -4645.202020 1367.760938
2488.341955 3677.144313 1085.833471 7270.145235 5756.738531
-1168.955414 5597.509326 5224.969533 2725.917380 2898.881854
-243.586219 6259.819540 4290.023654 1556.026788 3623.185170
-9646.628597 8022.519861 7341.156225 2143.150670 1662.525830
2231.433323 1932.252428 3390.272126 -804.307685 191.091125
-5409.908890 4428.019220 7099.386150 -5559.852032 -860.594020
-2611.263997 2875.345993 6250.865812 -2933.580553 -1826.664526
-7091.138701 12001.293687 5332.898683 173.198385 -653.315031
1350.573570 -5049.574518 821.056925 -9203.473183 1097.328153
5082.858290 -1858.769703 -1313.821975 -6806.268537 3682.625734
4754.721306 -1968.627484 -7619.411056 -271.905360 1722.389248
-4657.042720 -10113.890965 7319.683242 -2373.118560 1449.682607
2460.675348 -382.067985 1519.933573 -1760.064435 -2683.045086
8425.868532 -5086.858771 -3151.877937 -815.309021 -2285.994741
5822.094020 -6281.526428 1497.575450 1601.365615 -319.177924
-2763.874673 5606.130766 3632.457344 5721.617203 718.264743
3173.210401 6807.874686 -5778.372644 5544.629246 -3427.049340
1321.143476 7164.749898 -2884.563553 -1754.389481 -8747.725729
-175.088304 7480.594237 -1954.538159 -319.898086 -7897.885231
-4026.449234 20210.025239 -6086.096002 -6228.030259 -3865.292863
1206.300864 9661.518832 -3883.115752 40.875680 -5742.678412
-2334.075236 22153.124032 -8246.443719 -2530.088908 -732.362673
-1600.084159 16055.662490 -6369.588382 -3262.206582 -2696.740555
-13440.193280 36561.703491 -5860.631933 -12805.594192 -1975.156880
-11414.705215 31509.994581 -4087.394679 -9195.423895 83.241002
-9146.393489 27730.118222 -4365.273760 -6676.198306 988.471012
-1143.430212 27966.249038 -9050.436846 -5392.616508 2077.474202
-8875.780487 26652.342397 -1852.981689 -7387.711874 -295.719329
-10484.099019 25285.510508 582.343423 -3491.029539 1502.341367
-6165.576861 18512.543163 112.338685 -1339.363222 -2435.778718
-902.653380 26165.365139 -6265.194216 -370.039108 7084.881773
-6621.037786 21205.301277 -5210.786992 -2972.055600 -1708.541966
-1888.231472 13990.969076 3182.800389 -6156.436919 -2793.768315
-3801.228690 33414.295036 -10156.654986 -3956.219807 5197.367402
-13568.442638 40063.219191 -7865.039964 -8929.538241 4134.975170
-4476.773255 6676.096068 9613.617394 4357.791022 2881.968887
-1709.845031 2789.835561 -2030.977614 5297.319382 -2888.570777
5095.914187 6171.300567 3500.467393 7101.540239 978.873144
-3863.205870 7554.427829 2107.256586 4011.340147 292.651110
-818.530039 19824.834934 -3641.128272 -1518.069623 -3231.195679
-4118.319144 10309.666120 4656.181597 5050.985221 9.938002
-2604.308883 20957.389424 -1945.173424 -4901.272008 -4427.708748
-1509.148551 8201.015405 3417.344272 7953.978501 1818.417997
-7483.988256 5076.262422 7977.265410 2617.668680 -1822.067378
-9266.739119 8377.229071 5625.445445 1931.646574 -2340.617171
-1379.926843 5783.420428 442.076260 6383.053165 -2022.655037
1103.373366 -811.022472 -514.918414 17044.387446 10484.334680
-4711.909771 16679.436295 1600.517111 -1486.683355 -7749.178940
-6701.725285 23856.431781 -604.474805 -4722.447399 732.516410
-9197.886818 5572.279689 8353.066970 8480.640684 6934.610630
-6718.191967 7437.201293 3556.097825 1571.224391 -3744.145724
-3916.198496 6212.323921 5530.583974 8575.990801 3463.937881
246.887636 9514.846269 1705.312773 2418.089985 961.929122
-3307.722633 18132.007149 -653.029795 773.118227 1239.718450
-11998.792180 8677.517139 4366.393226 -1085.873966 -9451.942606
6735.192323 5349.113268 147.172109 6937.368493 -665.860491
-6153.182164 17491.809794 4976.644618 -3130.762381 2042.972523
-2842.572413 10658.744103 4362.933413 3308.530376 400.021339
6193.947785 11945.153940 341.329861 1313.174110 -4241.137162
-5487.925316 9824.635468 4967.863978 89.460762 -3302.166314
-6248.630730 9881.753087 1199.532888 897.720562 -7107.775236
-7157.182178 13334.560758 6132.939296 -4761.829749 -5469.333957
2914.768207 6560.702393 3028.975295 6177.911049 2362.174490
-490.161060 9274.910785 9416.248243 656.372051 1296.934336
-12787.340174 18076.419882 5622.841404 -3364.789069 -3111.846150
-1138.930438 8855.930861 2980.402120 2933.852874 -1971.539984
-2602.136761 2960.459166 8427.432600 6145.201294 6745.917629
-2958.681017 13901.736718 123.342728 956.787958 5287.896833
-3643.425753 32253.430350 -15140.743126 -1725.138066 4032.881993
-9166.643147 5636.616581 -1628.006798 -6088.900897 -19272.649570
-3388.705198 -4047.862251 1459.390512 -3937.098932 -19411.605082
5348.431208 -13162.155125 -2154.343333 3515.678359 -17434.930072
2359.093825 -13112.778914 4530.161033 -3995.797930 -23380.366536
13820.956553 -9168.269187 -1402.976172 2471.885279 -8737.952969
-14865.931445 15679.148008 2531.801077 -6977.103038 -11749.288274
10985.539079 -15978.788548 -8497.756672 -4887.268374 -5342.258238
4068.789160 -10533.960371 -6838.538117 -2719.857029 -10906.859097
1861.615124 -2751.313007 714.317521 -2163.933621 -10586.833556
11601.940506 -12075.385710 -12758.971567 1283.702995 5538.180836
13304.344005 -13173.939388 -10320.979212 1355.645848 4034.584092
3566.925900 -10457.334898 -4297.084190 -6142.317935 -12040.770075
-3651.359584 -1253.735262 -481.681366 -5506.537131 -16109.523584
5290.520562 -1003.718731 2897.348314 -2621.989048 -11354.536432
8856.801720 -6337.512221 -8042.422402 -4674.679740 -4121.003084
10286.720403 -10723.981601 -10167.012197 5181.278634 231.122318
6526.570832 -4187.022354 -3240.974659 3497.744322 -4432.488031
5580.107193 1151.674700 3932.179983 -2661.167543 -3476.856370
7153.734016 -2675.466109 -4041.183060 2587.983878 -8782.747700
5040.693627 -6027.730141 -4905.138607 3014.561959 -6155.999824
5433.053919 -5077.378176 -6479.367881 4277.066315 238.107750
1985.506721 -4365.171223 -4565.915551 8534.154314 -3030.313622
446.058950 -5248.569880 1131.288590 -2134.594154 5396.292712
-1220.910769 -899.687433 1340.981125 -2658.282018 5401.135108
-1969.742122 -4501.463692 11128.491077 -2163.401931 2910.961488
-4750.004143 2050.364598 16123.959938 5747.050546 9499.469881
12454.441589 -22449.560377 -11662.438289 -25652.723608 -2259.384977
7406.489129 -4407.657075 10687.277820 5572.260295 33490.247128
789.505422 -2506.418798 -1792.918966 4442.795640 -6541.685086
-4251.648024 -2434.198746 -849.880692 -9468.550663 -18362.229183
2801.041667 4923.760767 -1002.542344 860.053100 -9343.705176
-1268.774416 1788.953777 4839.107422 4203.252018 170.971564
-4923.893734 5427.423826 2697.366014 5560.482726 478.169426
-16364.599924 6912.163172 4850.895783 -7028.694548 -11142.241228
-3061.730882 7060.470258 3805.035826 -391.588987 -7097.460107
795.914044 5600.735207 -2816.125826 -2654.403114 -7134.752296
2542.543341 546.780795 117.669971 -1710.136296 -12640.790362
-11763.030878 11140.843040 5745.275138 1348.401414 407.680243
5840.905645 6113.557027 3904.974528 1929.398025 3177.176381
10097.173774 8407.602297 -837.342915 2262.311496 3974.947573
6898.113918 -1580.912825 1248.824844 -1926.481180 6645.735213
5453.306916 7957.245927 3531.885067 2334.077816 6114.373802
3533.731088 3585.049783 3412.103369 -5451.274942 -2688.460100
-3294.763443 4071.859634 5150.264501 -7626.616904 -4357.083228
229.757703 15090.187311 -2418.930469 -3380.369258 -2290.203937
5155.844081 7430.829762 -6338.690341 4694.841845 -1275.522376
9362.877579 -10688.880692 2297.073546 -11788.842940 -8035.290149
-13953.597807 37092.580416 -6429.935709 -9062.422466 2659.771021
5087.622894 -10832.553129 1082.278719 -3369.235528 -17567.215953
7202.851215 -15395.037471 2953.536784 -9952.702828 -20388.336172
6836.856025 -3150.073684 -3404.071094 220.204588 -8605.816465
2227.237105 2404.167509 2015.918383 -3183.735917 -6765.031815
7618.814452 -7630.064995 439.334256 4704.170645 -10921.625282
