0.855177 0.083675 -0.000280 0.232068 0.628739 0.464187 0.280455 0.398472 0.444969 0.004799 -0.152216 -0.233567 -0.217340 -0.084261 0.066651 1.041249 -0.082783 -0.185611 -0.326949 -0.332620 -0.222782 0.277862 0.926597 0.870834 1.026340 1.257362 1.648630 0.768176 0.260103 0.178259 0.092977 1.022618 0.151018 -0.211293 -0.325031 -0.314898 -0.199226 0.017082 0.448180 0.892927 1.477915 1.266625 1.181133 1.060275 0.985134 0.455542 0.003331 0.975998
-0.040153 -0.233141 -0.487555 -0.628139 -0.721871 -0.710956 -0.661385 -0.626745 -0.606481 -0.520466 -0.302515 0.294147 5.386466 -0.105358 -0.211478 -0.600104 0.538190 -0.339272 -0.694291 -0.769253 -0.807102 -0.739145 -0.446210 -0.552193 -0.067204 5.683618 0.345611 -0.363328 -0.425308 -0.429224 -0.234311 -0.573918 0.969908 -0.403402 -0.630025 -0.739446 -0.863278 -0.642382 2.497652 0.235868 0.180945 0.073987 -0.428989 -0.444490 -0.454185 -0.428600 -0.302603 -0.631936
-0.299287 -0.119220 -0.109050 0.036027 -0.265389 -0.586718 -0.607646 -0.563641 -0.384782 -0.388698 -0.475867 -0.444112 -0.494690 -0.467855 -0.270277 -0.509934 -0.334528 -0.157316 -0.226568 -0.140271 -0.407960 -0.548450 -0.655915 -0.552064 -0.373999 -0.374877 -0.471676 -0.399373 -0.417581 -0.362834 -0.237130 -0.491646 -0.179081 0.122699 0.004781 -0.273926 -0.625273 -0.720283 -0.713791 -0.549070 -0.433351 -0.387856 -0.403725 -0.366099 -0.406979 -0.360708 -0.266217 -0.511993
-0.194968 -0.258239 -0.127032 1.147753 0.688762 0.185489 0.415581 -0.517079 -0.603772 -0.577455 -0.612364 -0.547002 -0.625905 -0.596057 -0.355007 -0.473411 -0.215768 -0.359296 -0.280670 0.628044 0.514055 0.188719 0.671246 -0.487305 -0.583661 -0.594413 -0.672002 -0.527471 -0.556466 -0.537075 -0.354143 -0.448888 -0.406909 -0.435261 -0.501975 -0.258329 1.000062 0.801115 0.326791 0.781935 -0.415889 -0.584333 -0.559379 -0.502620 -0.562760 -0.540024 -0.400939 -0.459938
-0.388034 -0.455389 -0.349892 0.109418 -0.393817 -0.610246 -0.542205 -0.391240 -0.158719 0.276175 -0.133713 -0.524982 -0.613663 -0.597477 -0.364126 -0.340312 -0.410931 -0.560840 -0.411021 -0.045659 -0.477459 -0.534751 -0.167177 0.208633 -0.340193 -0.549598 -0.637970 -0.511039 -0.553031 -0.531827 -0.353709 -0.323443 -0.434671 -0.482787 -0.263987 0.053722 -0.237208 -0.186574 -0.565738 -0.581813 -0.611831 -0.562817 -0.545729 -0.485200 -0.553319 -0.519813 -0.359249 -0.350515
-0.295507 -0.329751 -0.378179 -0.472898 -0.469882 -0.402800 -0.279927 0.016298 0.485907 0.260043 -0.193772 -0.051481 0.276917 0.959006 0.759790 -0.860373 -0.322540 -0.391769 -0.399707 -0.422243 -0.570351 -0.484521 -0.374897 -0.158596 0.340852 0.837011 0.632564 -0.028506 0.413157 1.013516 0.977674 -0.823044 -0.364460 -0.405230 -0.499051 -0.394668 -0.469690 -0.541193 -0.450780 -0.292537 0.041801 0.572823 1.135700 0.608865 0.565942 0.967318 0.860562 -0.829012
-0.337840 -0.290291 0.311279 1.591249 2.788761 2.901220 0.533829 -0.277654 -0.432493 -0.502978 -0.535015 -0.491114 -0.527972 -0.471303 -0.233136 0.455156 -0.234309 0.333268 0.473212 1.338413 1.627931 2.215190 0.314285 -0.340465 -0.444627 -0.505350 -0.547217 -0.446548 -0.427884 -0.390649 -0.197982 0.453044 -0.358729 -0.275097 0.187227 1.069392 1.790722 2.259588 1.636114 0.022908 -0.316631 -0.423528 -0.457715 -0.405862 -0.448049 -0.358635 -0.236939 0.444404
-0.307149 0.136213 0.434529 1.779660 0.871445 -0.343216 -0.431723 -0.576507 -0.600460 -0.575797 -0.611606 -0.550736 -0.630878 -0.600723 -0.293739 0.026403 -0.407894 -0.397689 -0.173669 0.486427 1.856707 0.133625 -0.261511 -0.461840 -0.559695 -0.588551 -0.665041 -0.530474 -0.569560 -0.549146 -0.318139 0.051594 -0.434850 -0.545634 -0.383153 -0.229566 0.888750 2.292740 0.191953 -0.145579 -0.372693 -0.554324 -0.546137 -0.498644 -0.571729 -0.552722 -0.366144 0.041606
-0.352354 -0.406479 0.377754 -0.179501 -0.597048 -0.279519 0.072849 0.474074 1.425378 1.042061 0.590178 0.512418 0.296427 0.030147 -0.232471 3.023646 -0.409173 -0.492672 0.028237 0.690257 -0.227112 -0.024312 0.734753 0.717273 0.690817 0.406638 0.254085 0.081040 -0.237051 -0.448380 -0.280509 2.967157 -0.429298 -0.451799 0.120050 -0.194155 -0.253013 0.164117 1.111847 1.901138 0.950194 0.106450 -0.046373 -0.009174 -0.138375 -0.321839 -0.187506 2.919311
-0.388034 -0.400659 -0.449974 -0.579129 -0.129751 -0.013636 -0.255594 -0.306081 -0.456725 -0.517753 -0.541537 -0.503219 -0.517260 -0.377383 -0.275501 -0.218091 -0.409972 -0.497286 -0.410058 -0.146582 -0.370438 -0.411658 -0.330707 -0.497904 -0.516683 -0.511591 -0.393815 -0.402023 -0.422947 -0.336068 -0.230190 -0.251420 -0.434671 -0.475475 -0.467755 -0.584763 -0.355403 -0.280366 -0.365644 -0.336238 -0.205609 -0.186284 -0.064302 -0.310998 -0.397302 -0.374183 -0.274704 -0.254320
-0.266480 0.848238 1.997042 1.013410 -0.147055 -0.274258 -0.336566 -0.523083 -0.482462 -0.415835 -0.394727 -0.434325 -0.349703 0.392035 0.624430 2.500013 -0.269634 0.570943 1.761679 0.805246 -0.151765 -0.334328 -0.327135 -0.301428 -0.245599 -0.448056 -0.385565 -0.418631 -0.363486 0.552721 0.556798 2.422646 -0.048869 0.689537 1.628796 1.004706 -0.114679 -0.326212 -0.369152 -0.550745 -0.558710 -0.465050 -0.360126 -0.355685 -0.363077 0.508404 0.482069 2.428548
-0.379416 -0.308585 -0.183943 0.114808 -0.299726 -0.636643 -0.628769 -0.619638 -0.614759 -0.596150 -0.627530 -0.565932 -0.658804 -0.634802 -0.382269 -0.516445 -0.405337 -0.418584 -0.264361 -0.076675 -0.390642 -0.669161 -0.721539 -0.621994 -0.599850 -0.622020 -0.704745 -0.554857 -0.602833 -0.596118 -0.375507 -0.495174 -0.434850 -0.557037 -0.580960 -0.469773 -0.053839 0.053156 -0.480485 -0.585036 -0.640873 -0.599621 -0.584643 -0.527046 -0.610910 -0.598328 -0.430111 -0.506576
-0.354924 -0.385162 -0.509039 -0.590158 -0.262685 -0.412077 -0.432345 -0.386094 -0.325482 -0.307134 -0.356962 -0.361825 -0.400965 -0.198467 0.211700 0.327853 -0.346836 -0.383760 -0.505384 -0.508680 -0.317270 -0.433497 -0.455207 -0.378985 -0.353525 -0.383954 -0.345860 -0.175687 0.289297 0.384515 -0.074354 0.216190 0.196512 -0.050173 -0.314427 -0.308953 -0.205598 -0.419547 -0.576614 -0.526897 -0.562937 -0.537715 -0.526985 -0.472324 -0.513901 -0.366668 -0.134997 0.187460
0.262070 0.148611 0.071582 -0.084798 -0.431219 -0.430919 -0.494161 -0.453608 -0.334513 0.025604 1.219279 1.842262 2.391853 0.943184 -0.023019 0.667123 0.205566 0.083231 -0.216999 -0.061468 -0.515208 -0.441736 -0.465924 -0.445554 -0.323052 0.048121 1.674412 2.693005 3.335333 1.879737 0.069987 0.666080 0.270126 0.075782 -0.293162 0.004377 -0.468585 -0.488132 -0.427625 -0.426346 -0.360562 -0.059829 0.853934 2.599502 4.110426 2.644130 0.061993 0.651870
0.133561 0.692059 0.611524 0.688086 0.452635 1.078969 2.242830 0.845466 0.444367 0.031635 -0.101864 -0.119474 0.132886 0.403192 -0.018364 -0.843011 -0.041864 0.551615 0.230083 0.065182 0.279886 1.035878 1.663409 2.663546 0.883814 0.657563 0.323954 0.024677 0.095673 0.758977 0.250331 -0.775486 -0.275980 -0.026322 0.217434 0.445353 0.429054 0.118728 0.329364 0.587021 1.037504 2.966782 3.351730 0.833055 0.378769 0.448805 0.350955 -0.703548
0.663774 0.285210 0.164659 0.347752 -0.017185 -0.181773 0.104326 0.717911 0.874970 0.314620 -0.083361 -0.206525 -0.191518 1.442605 6.175048 -0.844811 0.466103 0.322821 -0.059928 -0.245161 -0.306560 -0.183439 0.404650 1.329191 1.581683 0.703512 0.134199 -0.078509 -0.085500 2.115121 7.081736 -0.809812 0.279798 0.241168 -0.081426 -0.241327 -0.378940 -0.210958 0.542322 1.086035 1.924024 1.091098 0.322795 0.041382 0.030151 1.761543 5.496778 -0.460979
-0.107280 1.542648 0.478105 -0.638422 -0.664732 -0.614263 -0.605057 -0.603096 -0.599256 -0.573083 -0.579150 -0.450679 -0.568140 -0.600114 -0.368306 -0.029520 -0.124021 1.099659 0.736743 -0.598242 -0.702285 -0.698346 -0.663457 -0.589937 -0.565409 -0.597627 -0.596461 -0.394955 -0.525555 -0.538387 -0.357613 -0.018276 -0.377177 0.167440 0.908757 -0.074946 -0.708120 -0.710785 -0.684321 -0.557578 -0.599516 -0.552059 -0.469736 -0.369697 -0.532548 -0.525254 -0.383223 -0.035266
-0.354622 -0.326047 -0.312648 -0.172867 0.171266 1.374787 3.855121 1.620842 0.054099 -0.338644 -0.508019 -0.501931 -0.564505 -0.387931 0.393700 2.250040 -0.323659 -0.302445 -0.286447 -0.172369 0.394122 3.340301 3.077628 0.201912 -0.231632 -0.422907 -0.564749 -0.478175 -0.506879 -0.256819 0.499105 2.213294 -0.302309 -0.202850 -0.211196 -0.067915 0.831989 3.290566 1.727682 -0.004035 -0.342732 -0.447120 -0.484201 -0.453200 -0.503988 -0.215079 0.432848 2.203062
-0.247581 -0.391663 -0.572213 -0.689920 -0.421034 -0.279901 -0.319378 -0.511565 -0.558168 -0.556198 -0.585065 -0.506953 -0.588989 -0.569281 -0.327840 -0.585257 -0.266437 -0.489799 -0.628454 -0.668750 -0.502524 -0.329464 -0.292868 -0.493768 -0.537158 -0.568507 -0.627141 -0.468457 -0.515251 -0.501125 -0.310331 -0.561931 -0.280995 -0.450929 -0.572477 -0.656224 -0.571401 -0.482379 -0.440372 -0.484099 -0.452835 -0.372757 -0.471162 -0.440324 -0.508237 -0.490272 -0.348535 -0.578006
6.033633 0.767125 0.035685 -0.233653 -0.317301 -0.486295 -0.490847 -0.501273 -0.449501 -0.317838 0.678295 0.934023 -0.278739 -0.574352 -0.345128 2.632609 5.958951 0.889322 1.009361 -0.019031 -0.254228 -0.469333 -0.601141 -0.555813 -0.521127 -0.516129 -0.576351 -0.443721 -0.506879 -0.541799 -0.324429 2.585581 4.775993 1.188393 0.234859 0.637812 0.419112 -0.264475 -0.544103 -0.558351 -0.575069 -0.510348 -0.487461 -0.414951 -0.503280 -0.536138 -0.352778 2.578256
0.077168 -0.205323 -0.434349 -0.495040 -0.094963 0.724714 1.503419 1.269545 0.871508 1.290521 2.400740 2.359545 -0.259803 -0.494631 -0.395568 -0.897479 0.869535 0.976991 1.722501 -0.034719 0.510409 0.865632 0.505070 0.073944 -0.167829 -0.120927 -0.133159 -0.279579 -0.342879 -0.171011 -0.227262 -0.855786 -0.062123 -0.020751 0.160746 1.012824 2.251523 1.733004 0.035012 -0.263919 -0.245496 -0.201194 -0.195100 -0.177885 -0.126574 -0.019438 -0.162577 -0.831642
1.478218 -0.029036 0.009688 1.335169 2.738471 2.213081 2.298019 3.143167 6.651470 5.140453 0.027657 -0.509271 -0.647902 -0.645959 -0.434799 -0.909494 1.951322 1.599298 2.946635 5.089943 2.978254 0.769639 0.057479 -0.218055 -0.365270 -0.526718 -0.684377 -0.550263 -0.602618 -0.607664 -0.434176 -0.880512 -0.269711 2.518270 1.883063 0.590193 0.972447 1.269616 2.632958 6.125030 5.576714 0.991633 0.207277 -0.363069 -0.574561 -0.587445 -0.468511 -0.897083
0.031964 -0.018075 -0.341878 -0.615451 -0.512511 -0.361387 -0.233954 -0.138213 -0.088582 -0.222856 -0.119153 0.156359 0.650287 0.412320 0.070071 -0.853333 0.288203 0.170988 -0.385444 -0.586461 -0.602784 -0.387436 -0.222878 -0.201510 -0.101168 -0.119982 -0.015852 0.312500 0.820368 0.491579 0.047430 -0.834901 0.196333 0.192161 -0.370428 -0.492400 -0.528575 -0.433063 -0.391021 -0.230144 -0.121975 -0.119848 -0.006441 0.058992 0.638876 1.038060 0.094348 -0.852006
-0.383347 -0.474666 -0.609121 -0.574236 -0.092620 -0.094166 -0.334081 -0.478727 -0.513166 -0.380255 -0.153278 -0.124110 -0.360223 -0.550010 -0.356337 -0.233098 -0.387914 -0.540120 -0.506708 -0.213424 0.158814 -0.248361 -0.576267 -0.587352 -0.584137 -0.597816 -0.677158 -0.536305 -0.577503 -0.554132 -0.326381 -0.227316 -0.402969 -0.494712 -0.440300 -0.190575 0.201245 -0.321371 -0.602576 -0.595477 -0.644366 -0.589995 -0.566918 -0.506786 -0.584003 -0.540284 -0.332942 -0.252107
-0.370647 -0.238282 -0.141243 -0.737022 -0.713399 -0.646494 -0.548522 -0.440620 -0.254593 0.019875 0.276386 0.508168 1.360494 0.349436 -0.124563 1.771531 -0.320622 0.013844 -0.419085 -0.731083 -0.738591 -0.664495 -0.573621 -0.349255 0.005646 0.428951 1.255198 1.191695 0.748242 0.028685 -0.104936 1.722645 -0.238009 -0.264565 -0.166831 -0.663319 -0.763606 -0.580828 -0.247763 0.128357 1.033828 1.178296 0.211556 -0.061435 -0.159854 -0.304737 -0.191007 1.659046
-0.313499 -0.226187 0.294644 0.245004 1.147858 2.315131 1.114506 -0.432778 -0.475238 -0.498002 -0.585671 -0.534768 -0.617489 -0.578612 -0.306563 2.801622 -0.071754 0.523930 -0.081833 0.502596 1.582966 1.160063 -0.050880 -0.509408 -0.481131 -0.559431 -0.636681 -0.512982 -0.546592 -0.497976 -0.283653 2.754381 0.122181 0.583255 -0.007485 0.648998 1.738635 0.937921 -0.327520 -0.523545 -0.535549 -0.553380 -0.537987 -0.480277 -0.553319 -0.496750 -0.292843 2.741583
-0.388034 -0.491523 -0.122250 1.730899 0.165408 -0.125058 -0.183010 -0.209649 -0.136896 -0.143554 -0.261414 -0.263442 -0.233598 -0.270682 -0.306658 -0.586210 -0.410931 -0.606982 -0.310339 1.015748 0.190336 -0.017264 -0.082633 -0.143472 -0.093233 -0.098614 -0.107378 -0.218268 -0.184459 -0.237663 -0.331586 -0.564033 -0.434850 -0.564349 -0.449127 1.155555 0.278654 -0.076253 -0.128595 -0.097753 -0.061869 -0.065491 -0.082638 -0.179589 -0.185346 -0.180356 -0.310559 -0.572850
-0.297019 -0.407916 -0.530793 -0.512952 -0.459608 -0.229403 0.054004 -0.256578 -0.393813 -0.098928 0.226337 0.082057 -0.072927 -0.041257 -0.190770 -0.864237 -0.362340 -0.553179 -0.597882 -0.516554 -0.549388 -0.301172 0.159354 0.316953 0.771127 1.130859 0.028751 -0.370749 -0.540796 -0.558593 -0.414330 -0.869485 -0.180873 -0.251334 -0.116563 -0.155612 -0.549053 -0.454981 -0.177946 0.214211 0.586248 -0.362377 -0.547563 -0.511330 -0.591084 -0.578375 -0.451539 -0.888203
-0.230799 0.871974 0.311482 -0.141272 -0.408778 -0.530481 -0.574511 -0.578222 -0.547933 -0.486997 -0.473895 -0.360538 -0.223461 -0.181833 -0.129217 -0.207717 -0.329893 0.190141 0.321377 -0.337970 -0.220276 -0.323011 -0.464866 -0.527505 -0.507795 -0.491547 -0.436871 -0.285763 -0.184674 0.090351 -0.040627 -0.196571 -0.382550 -0.344646 -0.073402 0.030392 -0.386078 -0.262192 0.082959 -0.092210 -0.324351 -0.447120 -0.410245 -0.308158 -0.234912 -0.058048 -0.059892 -0.198151
-0.376846 -0.467635 -0.603060 -0.556075 0.138190 0.464283 0.107536 -0.411580 -0.573068 -0.573837 -0.609331 -0.551509 -0.638338 -0.607011 -0.355957 -0.336819 -0.393988 -0.571026 -0.628694 -0.507357 0.105646 0.380010 -0.002059 -0.485237 -0.566837 -0.590820 -0.672260 -0.531534 -0.568272 -0.547309 -0.324320 -0.324092 -0.408879 -0.522480 -0.563478 -0.443055 0.100809 0.218090 -0.088717 -0.492607 -0.623779 -0.586409 -0.562843 -0.502810 -0.575506 -0.537433 -0.346626 -0.344708
6.032121 -0.282505 -0.649935 -0.489235 -0.753505 -0.657301 -0.542102 -0.452996 -0.398328 -0.367138 -0.385020 -0.338517 -0.286964 -0.183862 -0.160184 -0.820885 7.423391 -0.261005 -0.652405 -0.730182 -0.725603 -0.655859 -0.583015 -0.431723 -0.355112 -0.308506 -0.274960 -0.274101 -0.324203 -0.357848 -0.321718 -0.859704 7.250755 -0.019446 -0.532010 -0.666707 -0.666824 -0.597997 -0.548313 -0.446714 -0.447688 -0.427680 -0.373369 -0.259874 -0.472360 -0.279602 -0.262717 -0.870964
-0.387883 -0.488273 -0.692500 -0.868379 -0.757651 -0.629852 -0.278892 0.873770 1.003203 -0.079027 -0.404433 -0.536571 -0.637955 -0.614517 -0.394238 0.303928 -0.410931 -0.598450 -0.723178 -0.768231 -0.710488 0.067016 1.310284 -0.069277 -0.246710 -0.546572 -0.656275 -0.532418 -0.574712 -0.545735 -0.355878 0.299396 -0.426253 -0.536755 -0.632203 -0.595885 0.507907 -0.065842 -0.383888 -0.496732 -0.630396 -0.585654 -0.558564 -0.503378 -0.578338 -0.538211 -0.361371 0.275712
-0.385917 -0.479806 -0.519883 -0.243936 0.345207 -0.214004 -0.373324 -0.576629 -0.558920 -0.518959 -0.530617 -0.475017 -0.518217 -0.505382 -0.328315 1.433637 -0.408374 -0.582344 -0.542516 -0.314046 0.219806 -0.351501 -0.436023 -0.525824 -0.452880 -0.505918 -0.597750 -0.489660 -0.531995 -0.520543 -0.319440 1.411666 -0.430731 -0.523960 -0.474232 -0.281404 0.286812 -0.397537 -0.439320 -0.578719 -0.582789 -0.529788 -0.511502 -0.462099 -0.532076 -0.499860 -0.328274 1.391087
0.579109 -0.072579 -0.121510 0.116550 0.307805 0.626395 0.539834 0.200462 -0.144270 -0.296430 -0.279765 -0.396079 -0.459495 -0.537838 -0.348928 0.947427 0.726160 -0.073477 -0.085444 -0.003703 0.275101 0.586786 0.412456 -0.014470 -0.314322 -0.282979 -0.144761 -0.328698 -0.373790 -0.457827 -0.332345 0.939334 0.955938 -0.001688 -0.044513 -0.017739 0.279504 0.428414 0.286679 0.027033 -0.259282 -0.240452 -0.172078 -0.311566 -0.371810 -0.460732 -0.356703 0.924360
1.973507 2.113009 0.592734 1.438496 0.382699 -0.498346 -0.541895 -0.526392 -0.528518 -0.514436 -0.547149 -0.494591 -0.539831 -0.441889 -0.011335 2.327559 3.622752 0.719380 -0.380449 -0.400663 -0.414568 -0.283105 0.036839 0.180325 0.786364 1.247718 1.802291 1.233570 0.170375 -0.147656 0.012836 2.281426 3.834234 0.451034 -0.271037 -0.488054 -0.597657 -0.555622 -0.451599 -0.288670 -0.177486 -0.097010 0.052438 0.276555 0.470822 0.820393 1.011089 2.999230
0.188593 2.536716 4.418666 -0.336151 -0.668427 -0.635112 -0.521600 -0.417952 -0.114169 0.021081 -0.073351 0.586592 0.878288 0.924927 0.463802 -0.364502 0.224906 3.067307 3.726094 -0.437150 -0.703956 -0.673529 -0.579972 -0.400313 -0.036572 0.162710 0.414191 1.124200 0.977285 1.939567 0.508973 -0.400008 0.136689 2.108896 3.681556 0.211154 -0.704551 -0.723023 -0.608306 -0.399920 -0.070140 0.263291 0.318721 1.171613 1.114007 1.603476 0.571388 -0.403716
-0.357948 -0.451987 -0.651349 -0.797974 -0.688615 -0.589396 -0.385025 -0.061386 0.327723 0.421814 -0.155553 -0.456474 -0.594344 -0.595043 -0.373245 0.121205 -0.351151 -0.548913 -0.680570 -0.721947 -0.702285 -0.491470 -0.043206 0.280243 0.206897 -0.040563 -0.462395 -0.491957 -0.541010 -0.530253 -0.350564 0.124293 -0.274189 -0.454062 -0.573852 -0.587320 -0.312832 -0.151140 -0.221918 -0.336753 -0.488494 -0.541112 -0.540024 -0.484821 -0.547654 -0.506856 -0.274598 0.071501
0.517576 1.553912 0.652944 0.458460 0.220474 1.290336 1.091830 0.815568 0.558903 0.506695 0.413490 0.143739 0.367581 0.889225 2.640108 -0.153673 0.303707 1.523207 0.412189 0.319864 0.263100 0.779268 0.924215 1.311870 1.026181 0.827367 1.076529 0.603857 0.714970 1.433112 2.913098 -0.066249 -0.066242 0.674566 0.461498 0.258518 0.768600 0.894450 0.430171 1.481147 1.058642 1.375339 0.994104 0.703540 1.149176 1.673440 2.929329 -0.065499
-0.292635 -0.185290 -0.577669 -0.791672 -0.562170 -0.109469 -0.087852 0.218352 -0.343393 -0.547453 -0.560343 -0.425955 -0.416267 -0.295228 -0.192100 -0.618260 -0.410931 -0.575205 -0.512907 -0.698384 -0.740186 -0.619328 -0.463807 -0.405095 0.174519 0.410231 1.263190 -0.209787 -0.212580 -0.134536 -0.165014 -0.594207 -0.434850 -0.547027 -0.498879 -0.653667 -0.801334 -0.688958 -0.527964 -0.479071 -0.497317 -0.196664 0.302422 0.609433 1.516913 -0.010887 -0.208934 -0.609646
-0.370043 -0.387732 -0.130198 0.207936 -0.488538 -0.655580 -0.609199 -0.574179 -0.549137 -0.503581 -0.464340 -0.366719 -0.305327 -0.153434 0.024761 -0.116832 -0.408374 -0.561014 -0.536076 -0.374877 -0.208579 -0.147504 -0.456398 -0.396564 -0.310989 -0.341975 -0.307445 -0.275338 -0.320554 -0.225330 -0.124239 -0.112665 -0.433238 -0.555557 -0.603429 -0.430399 -0.389392 -0.241918 -0.096552 -0.153958 -0.198992 -0.205157 -0.217104 -0.282028 -0.355996 -0.256798 -0.136800 -0.141252
-0.358250 -0.387808 -0.582922 -0.689754 -0.490160 -0.290996 -0.273922 -0.226313 -0.127715 -0.155465 -0.254741 -0.232923 -0.240867 -0.294213 -0.379420 -0.908806 -0.088217 -0.281899 -0.486909 -0.563679 -0.649876 -0.427740 -0.060009 -0.095129 -0.173542 -0.241189 -0.321110 -0.371986 -0.555178 -0.603990 -0.433633 -0.880512 -0.241949 -0.219911 -0.323484 -0.346026 -0.409105 -0.585942 -0.518960 -0.376200 -0.268105 -0.295186 -0.322231 -0.383330 -0.579990 -0.601697 -0.472330 -0.897760
-0.364298 0.070295 0.488948 -0.055359 -0.201851 -0.005315 0.637477 2.338261 3.931187 0.852700 1.087938 2.249444 3.172640 5.494167 0.792371 -0.841503 -0.379123 0.144260 0.552891 0.633634 1.931522 1.964437 1.800214 1.006816 1.845466 2.978852 1.080912 0.669054 1.581555 0.601792 0.808174 -0.866839 -0.392580 0.102331 1.660608 1.560864 1.248349 1.275187 0.837142 0.690150 1.239329 2.089148 1.019571 0.694451 1.322423 0.356296 0.708762 -0.754979
-0.352959 -0.238433 0.125125 0.006671 0.989509 1.202059 1.321284 1.022645 1.066567 -0.016459 -0.548817 -0.539404 -0.618063 -0.558529 -0.212428 1.031086 -0.088377 3.599767 1.769442 0.187444 -0.502372 -0.686732 -0.713733 -0.596918 -0.565091 -0.572478 -0.653181 -0.511569 -0.543157 -0.481706 -0.187246 1.020932 -0.224934 2.052578 1.539952 0.835769 0.257156 -0.448132 -0.674030 -0.598700 -0.621941 -0.566403 -0.549193 -0.488040 -0.548362 -0.494936 -0.203206 1.011414
-0.387732 -0.472473 -0.051062 -0.553172 -0.739536 -0.701870 -0.632600 -0.583614 -0.549890 -0.442822 -0.147666 -0.252497 0.385370 3.634826 0.767579 0.903493 -0.408693 -0.563539 -0.140389 -0.591149 -0.764036 -0.743017 -0.711484 -0.556718 -0.469069 -0.389437 -0.204318 -0.058190 0.296810 5.570297 1.077010 0.829923 -0.419626 -0.499674 -0.094724 -0.580416 -0.822492 -0.763023 -0.658125 -0.516068 -0.452467 -0.345390 -0.250720 -0.111991 0.165633 1.475467 2.477217 0.854492
-0.032896 -0.331641 -0.440949 -0.409459 0.261751 2.976107 5.584313 5.420896 5.365679 7.357300 3.932847 1.320086 1.899318 2.722398 1.470406 -0.440831 0.149463 -0.016714 0.460213 2.465099 4.604977 4.584832 6.454872 4.441781 1.258540 1.464228 2.572913 1.756564 1.927588 1.331034 0.027802 -0.787603 0.356278 0.894442 3.937027 3.202683 2.931040 4.469126 1.809778 0.843038 0.940636 0.956717 1.246939 1.368348 1.786225 2.678076 0.828208 -0.698783
-0.310777 -0.415778 -0.628989 -0.750954 -0.683568 -0.523690 -0.303018 -0.324460 -0.443330 -0.320703 -0.347407 -0.481585 -0.597022 -0.603968 -0.373720 -0.613152 -0.310552 -0.507559 -0.676779 -0.707160 -0.709880 -0.540707 -0.344335 -0.321464 -0.414630 -0.224360 -0.301000 -0.450612 -0.536503 -0.553345 -0.356854 -0.591742 -0.279025 -0.465726 -0.602569 -0.682175 -0.760717 -0.570508 -0.277467 -0.178709 -0.437027 -0.482414 -0.502333 -0.494289 -0.587307 -0.571120 -0.377177 -0.614020
-0.382138 -0.303822 0.128223 -0.249160 0.157387 -0.382620 -0.644611 -0.621353 -0.607233 -0.556047 -0.538959 -0.524338 -0.540213 -0.589160 -0.332115 1.426068 -0.406455 -0.388809 0.014997 -0.303407 0.020653 -0.549641 -0.745751 -0.625743 -0.585724 -0.559998 -0.550053 -0.500791 -0.462874 -0.523167 -0.326164 1.412418 -0.419805 -0.388430 0.005813 -0.326595 0.021615 -0.400551 -0.732970 -0.632217 -0.650064 -0.564704 -0.475237 -0.446005 -0.456546 -0.507893 -0.225058 1.366140
-0.313650 -0.194437 -0.195998 1.530463 2.889340 -0.497389 -0.630218 -0.575404 -0.426774 3.297051 4.045533 -0.549835 -0.664351 -0.654275 -0.436603 -0.909653 -0.367934 -0.340230 -0.334592 0.638864 2.389301 0.025720 -0.726435 -0.574685 -0.436850 4.948052 6.365694 -0.518990 -0.601974 -0.608189 -0.434067 -0.880434 -0.370908 -0.296511 -0.087043 0.932798 2.357737 -0.313974 -0.732035 -0.578848 -0.464415 6.633782 3.162256 -0.512845 -0.609730 -0.605325 -0.472330 -0.897682
-0.372159 -0.422128 -0.499274 -0.490396 -0.429416 -0.325331 -0.366594 -0.441478 -0.603019 -0.581828 -0.568533 -0.397882 -0.496411 -0.475157 -0.305138 -0.358680 -0.397185 -0.521924 -0.569356 -0.534947 -0.478674 -0.370660 -0.412737 -0.390489 -0.582867 -0.600085 -0.596719 -0.319687 -0.415219 -0.376479 -0.283003 -0.340489 -0.429656 -0.515342 -0.548689 -0.532094 -0.529000 -0.504388 -0.345179 -0.284416 -0.560915 -0.587919 -0.514150 -0.275590 -0.382432 -0.378329 -0.330396 -0.354811
-0.346004 -0.171456 -0.173099 -0.110008 0.506260 1.915351 4.246519 3.767340 2.689194 2.322356 2.152163 1.350090 2.044878 2.025196 1.021771 0.195496 -0.193391 0.420503 0.209621 0.957863 2.912250 3.137297 2.248996 1.911897 2.181148 2.073859 2.624993 1.518213 2.292511 2.728115 0.938525 -0.318540 0.509417 1.568955 1.771864 3.180439 2.576199 1.485236 1.088107 0.779099 1.190435 1.128657 1.277500 1.364939 2.260412 2.080788 0.221537 -0.609021
1.703336 2.370181 1.460871 0.017617 1.436618 3.743053 3.218529 3.255528 0.861575 -0.007413 0.007031 1.195819 -0.472884 -0.574352 -0.415896 -0.901634 1.776778 2.874991 4.017969 2.233618 1.740040 0.515809 -0.033813 -0.183672 0.082306 0.429897 0.304876 1.971945 -0.315831 -0.550458 -0.418017 -0.874156 3.601749 7.995850 3.714973 0.498661 -0.487534 -0.486580 -0.251271 -0.095819 0.100436 0.276314 0.111929 0.136247 2.755842 -0.051311 -0.324349 -0.880495
3.205227 -0.146586 -0.563054 -0.732627 -0.615073 -0.449760 -0.236024 -0.065307 0.006388 -0.285575 -0.438406 -0.412305 -0.233790 0.871780 0.788572 -0.545558 2.895008 -0.096200 -0.610520 -0.721406 -0.719450 -0.614265 -0.503499 -0.298843 -0.008320 0.221707 0.367010 -0.199009 -0.240056 0.128926 1.268958 -0.389915 1.363413 0.156647 -0.361773 -0.540659 -0.693165 -0.684209 -0.589127 -0.391283 -0.228401 0.048507 0.300181 0.361573 -0.001713 0.072552 0.640128 -0.236378
-0.361576 -0.386447 -0.572079 -0.769198 -0.692040 -0.580597 -0.386785 -0.136130 0.234709 0.688668 0.979347 0.505979 -0.049017 -0.479620 -0.278161 -0.311888 0.227304 0.227490 -0.093749 -0.293369 -0.474268 -0.563043 -0.544117 -0.372263 -0.163067 -0.022600 -0.311055 -0.464040 -0.515680 -0.456777 -0.232901 -0.314103 0.207975 -0.117284 -0.335119 -0.332795 -0.190049 -0.048855 -0.082636 -0.199077 -0.365892 -0.461464 -0.494999 -0.472135 -0.520982 -0.491568 -0.299739 -0.316089
-0.375939 -0.387732 -0.434820 -0.289878 0.084295 0.039062 -0.473141 -0.571360 -0.543719 -0.496796 -0.513024 -0.478623 -0.468294 -0.302530 -0.135107 -0.526105 -0.379603 -0.395339 -0.501533 -0.464920 -0.210705 0.115359 -0.293265 -0.554520 -0.537792 -0.529932 -0.573773 -0.448845 -0.406204 -0.172323 -0.094416 -0.498781 -0.398670 -0.372066 -0.410150 -0.277569 -0.008634 -0.217351 -0.645495 -0.597927 -0.599883 -0.524126 -0.490313 -0.421957 -0.399190 -0.181911 -0.064348 -0.530977
-0.379567 -0.356890 0.584652 0.125008 -0.698979 -0.652519 -0.584555 -0.508502 -0.497362 -0.268237 0.258489 0.555686 0.270796 -0.109821 -0.415991 -0.907006 -0.398943 -0.462549 0.302360 0.057067 -0.690891 -0.645734 -0.710558 -0.572487 -0.433041 -0.086513 1.082717 0.543960 0.531649 0.055975 -0.423765 -0.879422 -0.358012 -0.357007 0.393461 0.083892 -0.800144 -0.755991 -0.704903 -0.541464 -0.398059 0.183644 0.815020 0.205549 0.606776 -0.012960 -0.464905 -0.896900
-0.387127 -0.486988 -0.675797 -0.806433 -0.629493 -0.056101 0.039714 -0.416726 -0.470120 -0.278338 1.049567 4.457910 3.325470 -0.202118 -0.349593 1.669583 -0.410132 -0.600104 -0.723780 -0.741001 -0.651623 0.046566 -0.010924 -0.464555 -0.445579 -0.199211 2.293695 6.560863 3.520371 -0.098585 -0.339503 1.648805 -0.433238 -0.556950 -0.657882 -0.713431 -0.683223 -0.015430 -0.176660 -0.499052 -0.456878 -0.133626 2.490133 7.842983 2.283307 -0.374442 -0.367205 1.636468
-0.388034 -0.492657 -0.687381 -0.428532 0.244808 0.357452 0.331503 0.254253 0.491777 0.190842 0.153386 -0.195193 -0.301119 -0.094810 -0.106325 0.786750 -0.410931 -0.606982 -0.674191 0.185100 0.047617 0.178395 0.224052 0.191054 0.327996 0.379976 0.393566 -0.207844 -0.316905 -0.259444 -0.201235 0.774012 -0.434492 -0.560519 -0.584514 0.353438 0.087468 0.109230 0.250776 0.354982 0.170101 -0.067945 -0.007460 -0.178264 -0.318231 -0.259390 -0.182308 0.748871
-0.384708 -0.342073 0.923488 2.989240 2.517125 0.597320 -0.334599 -0.361342 -0.145776 0.004949 -0.192407 -0.133639 -0.381263 -0.341883 -0.148405 1.755016 -0.406136 -0.402565 1.026633 2.116947 1.682542 0.267141 -0.493444 -0.409619 -0.296229 -0.373932 -0.268257 0.021850 0.501811 0.381891 -0.028699 1.730195 -0.432701 -0.462419 0.178515 2.133641 2.768320 0.759196 -0.408329 -0.488997 -0.364238 -0.355960 -0.348921 -0.286383 -0.190774 0.773750 0.432000 1.744199
-0.380475 -0.470206 -0.556252 -0.539075 -0.389941 -0.495955 -0.522014 -0.474316 -0.385836 -0.191045 0.052985 0.225897 -0.137387 0.288580 0.084699 -0.375936 -0.388394 -0.526277 -0.412104 -0.044337 -0.221187 -0.216297 -0.180011 -0.404966 -0.478116 -0.490034 -0.559851 -0.480825 -0.491638 -0.348401 -0.200259 -0.380108 -0.265950 -0.088560 -0.253153 -0.247719 -0.200500 -0.349591 -0.512645 -0.473528 -0.531689 -0.522238 -0.476459 -0.446005 -0.492186 -0.339201 -0.243622 -0.395122
-0.371403 -0.399600 -0.339184 -0.051710 0.112324 -0.437709 -0.637466 -0.616207 -0.602869 -0.580923 -0.607662 -0.547259 -0.630113 -0.577597 -0.314922 -0.275205 -0.380881 -0.472126 -0.370279 -0.178320 -0.051276 -0.629255 -0.738210 -0.621865 -0.585724 -0.597060 -0.662205 -0.519696 -0.556895 -0.507423 -0.290702 -0.259255 -0.412462 -0.448056 -0.344978 -0.162771 -0.070919 -0.538818 -0.733789 -0.628736 -0.652269 -0.588674 -0.560398 -0.493532 -0.558511 -0.500896 -0.327425 -0.275413
-0.387732 -0.448434 1.189182 1.335749 0.103041 -0.353067 -0.374360 -0.371635 -0.317806 -0.187879 0.036605 0.283201 3.948263 2.734772 -0.284620 0.231066 -0.410931 -0.603413 -0.522716 1.424610 3.604881 1.429180 -0.263099 -0.295741 -0.325750 -0.506485 -0.639259 -0.516693 -0.553031 -0.537338 -0.334514 0.253240 -0.434850 -0.552772 -0.219393 2.436552 3.258181 0.873993 -0.397102 -0.590192 -0.627823 -0.569423 -0.540636 -0.489555 -0.554263 -0.532510 -0.352460 0.233187
-0.274795 0.039301 2.712228 2.380220 -0.287470 -0.238202 -0.019306 0.316499 0.577115 0.448952 0.193577 -0.244899 -0.539831 -0.621413 -0.427389 -0.907509 -0.133611 0.072697 2.195460 1.729423 -0.330182 -0.169840 0.206588 0.410021 0.594636 0.463933 0.178544 -0.380114 -0.556037 -0.589295 -0.432766 -0.880512 -0.076989 -0.192840 0.272804 2.917221 1.434862 -0.156711 0.153361 0.351888 0.570073 0.371439 -0.081212 -0.406620 -0.571965 -0.585113 -0.469890 -0.897708
-0.360518 -0.384633 -0.296417 0.571324 0.566733 -0.334417 -0.595945 -0.607140 -0.587366 -0.565545 -0.589614 -0.535670 -0.615385 -0.587537 -0.349308 0.238371 -0.402939 -0.538117 -0.529276 -0.308276 0.453291 0.395893 -0.264157 -0.560078 -0.571916 -0.580987 -0.648283 -0.518636 -0.554749 -0.522905 -0.326598 0.241928 -0.434492 -0.556166 -0.639081 -0.682686 -0.753920 -0.724392 -0.543518 -0.031879 1.403839 2.016483 0.949893 -0.232607 -0.534200 -0.514371 -0.354476 0.228917
-0.388034 -0.492657 -0.702131 -0.857267 1.726820 4.940002 0.117476 -0.472233 -0.470120 -0.435133 -0.421419 -0.341737 -0.346642 -0.307399 -0.130642 -0.076577 -0.410931 -0.607330 -0.744181 -0.804657 0.357208 5.458099 1.481356 -0.429138 -0.439231 -0.422907 -0.401549 -0.251309 -0.244993 -0.145819 -0.088669 -0.066353 -0.434850 -0.565132 -0.676453 -0.777989 -0.037525 3.693769 3.288088 -0.173037 -0.330417 -0.126265 0.100520 -0.115399 -0.251906 -0.323912 -0.180187 -0.210390
-0.386976 -0.477689 -0.509444 0.152043 1.045927 0.027203 -0.558565 -0.484976 -0.395468 -0.281655 -0.071986 0.397294 2.055972 2.742278 0.510822 -0.814533 -0.410611 -0.596012 -0.617561 -0.196232 0.714119 0.403239 -0.600347 -0.494285 -0.370666 -0.265393 0.064072 0.424343 1.712498 3.987954 1.054779 -0.754029 -0.434850 -0.560780 -0.627503 -0.381054 0.390052 0.824859 -0.207650 -0.474946 -0.366811 -0.190625 0.105002 0.551681 1.647674 3.329781 1.272470 -0.773962
-0.318186 -0.423261 -0.644480 -0.804194 -0.709975 -0.626122 -0.546968 -0.476767 -0.355734 -0.234767 -0.092916 0.020374 0.087171 -0.166417 -0.065669 -0.580387 -0.098926 -0.405612 -0.601553 -0.636111 -0.505486 -0.334526 -0.299086 -0.310994 -0.358286 -0.437278 -0.547991 -0.489660 -0.542084 -0.496926 0.802535 -0.801587 0.974386 0.224368 -0.363378 -0.637432 -0.795046 -0.759188 -0.724784 -0.617263 -0.647123 -0.582257 -0.555508 -0.493532 -0.553083 -0.491309 -0.249881 -0.584490
-0.297624 -0.187482 0.314041 3.616005 6.564630 1.614368 -0.078119 -0.379109 -0.504286 -0.516697 -0.544570 -0.496265 -0.499472 -0.141871 0.033405 1.405451 0.066986 0.391511 0.975239 3.916553 2.843055 0.512037 -0.229758 -0.423579 -0.503193 -0.523692 -0.580992 -0.466160 -0.453214 0.057287 0.083542 1.393556 -0.108870 0.013632 0.180808 2.294013 5.104866 2.204336 0.280714 -0.246258 -0.412212 -0.502043 -0.487664 -0.428963 -0.450173 0.054413 0.026775 1.388509
-0.063435 0.083902 0.203183 0.038183 -0.702584 -0.727884 -0.664181 -0.635077 -0.616866 -0.589969 -0.620554 -0.556660 -0.630113 -0.605388 -0.348548 -0.066917 -0.062004 0.013757 0.137344 -0.168462 -0.749528 -0.775180 -0.768111 -0.637376 -0.599532 -0.609351 -0.687213 -0.537719 -0.562477 -0.544948 -0.333538 -0.054314 0.147973 0.698503 -0.038838 -0.392303 -0.867187 -0.823024 -0.767703 -0.645237 -0.663666 -0.602075 -0.577308 -0.507922 -0.573617 -0.532251 -0.357340 -0.073364
-0.279330 -0.390227 -0.606562 -0.698876 -0.129300 1.686386 1.454960 0.650641 0.075923 -0.130890 -0.286135 -0.393117 -0.511139 -0.539461 -0.308747 0.846935 -0.198026 -0.491627 -0.649396 -0.609783 0.454354 1.500753 1.412821 0.398646 -0.001813 -0.118469 -0.183176 -0.373753 -0.466952 -0.470685 -0.287774 0.837422 -0.195560 -0.447969 -0.586348 -0.554146 0.707336 1.497748 1.196165 0.067124 -0.134290 -0.205535 -0.357681 -0.391093 -0.486994 -0.471615 -0.268551 0.805979
-0.348876 -0.096467 0.143511 -0.624407 -0.310632 -0.004837 1.287425 -0.087363 0.082545 0.469154 0.735623 0.713820 0.178218 -0.245123 -0.098156 2.565279 -0.371611 0.039701 1.145550 0.110745 -0.442671 -0.276950 0.388111 1.041199 -0.542871 -0.490980 -0.576351 0.072735 -0.237480 -0.105670 -0.057111 2.527283 -0.358012 0.014937 0.535955 0.787574 -0.268052 -0.341006 0.689907 0.393011 -0.615875 -0.483547 -0.484201 0.146093 -0.205172 -0.115833 -0.084927 2.516618
5.511433 6.306234 1.736668 0.789921 0.550872 0.459309 0.457102 0.611309 0.749296 0.721082 0.619146 0.494132 0.831616 4.469562 8.586262 -0.461792 0.900064 1.938049 2.294879 3.991810 1.416397 0.973636 1.247042 1.401448 1.834198 1.170001 1.523846 0.354198 0.078500 0.853707 7.602815 0.310501 0.773425 0.557925 0.312297 0.527361 1.066765 1.194638 1.784518 2.520684 4.219455 6.140231 8.207969 2.332707 2.304314 2.338101 8.557072 0.002311
-0.364449 -0.386447 -0.657950 -0.839355 -0.650943 -0.053805 0.828413 2.319636 2.321654 -0.064553 -0.599473 -0.551895 -0.636425 -0.605591 -0.309222 1.616757 -0.384078 -0.488928 -0.705906 -0.785903 -0.756744 -0.401731 0.960203 2.838952 2.902664 0.129430 -0.644158 -0.529414 -0.569131 -0.551508 -0.308379 1.601922 -0.408342 -0.446663 -0.644699 -0.780738 -0.866337 -0.679095 -0.028373 1.624753 4.900474 1.555961 0.043881 -0.444111 -0.573853 -0.551944 -0.344929 1.593527
-0.219158 -0.386901 -0.626565 -0.813067 -0.746025 -0.620958 -0.619450 -0.580918 -0.548084 -0.442822 -0.487241 -0.389641 -0.192474 0.122039 -0.135582 -0.497733 -0.066319 -0.380625 -0.584762 -0.557729 -0.637115 -0.604835 -0.647712 -0.555942 -0.563980 -0.515561 -0.588726 -0.358028 -0.148611 -0.457564 -0.253831 -0.565564 0.198661 -0.237233 -0.450445 -0.627077 -0.795556 -0.724575 -0.728994 -0.622162 -0.632602 -0.507517 -0.501518 -0.464561 -0.541281 -0.457622 -0.240864 -0.510587
-0.251059 -0.238357 -0.357705 -0.631953 -0.696456 -0.673178 -0.623488 -0.591333 -0.579991 -0.553484 -0.581880 -0.511718 -0.572156 -0.557312 -0.338859 -0.356986 -0.351951 -0.498157 -0.614431 -0.620903 -0.513689 -0.568602 -0.609079 -0.566671 -0.545569 -0.537307 -0.583570 -0.477292 -0.533927 -0.511621 -0.351974 -0.327439 -0.400461 -0.456500 -0.551842 -0.551589 -0.523392 -0.652702 -0.681046 -0.578074 -0.576172 -0.515255 -0.515984 -0.476679 -0.552611 -0.519035 -0.383435 -0.345385
-0.314255 -0.396123 -0.484794 -0.346683 -0.129661 -0.382907 -0.343504 -0.337694 -0.352724 -0.365782 -0.364090 -0.271169 -0.267072 -0.211653 -0.186021 -0.068849 -0.393668 -0.570852 -0.675575 -0.640980 -0.575592 -0.280425 -0.326209 -0.209524 0.077703 0.320791 0.251507 -0.038577 -0.131652 -0.009103 -0.191909 -0.041912 -0.395804 -0.537278 -0.636789 -0.721357 -0.756299 -0.596445 -0.386226 -0.248578 0.086467 0.214974 -0.010923 0.063158 0.652330 0.751465 -0.083124 -0.047349
-0.353110 -0.450929 -0.651484 -0.847233 -0.788834 -0.712104 -0.642540 -0.603341 -0.586162 -0.555745 -0.579453 -0.483388 -0.563932 -0.616139 -0.380085 -0.021924 -0.297126 -0.451057 -0.669737 -0.777668 -0.807710 -0.770514 -0.746016 -0.629750 -0.599532 -0.608973 -0.686182 -0.538249 -0.580937 -0.568827 -0.381146 -0.009896 -0.421596 -0.524917 -0.633235 -0.728516 -0.786804 -0.782750 -0.742794 -0.628221 -0.636829 -0.594714 -0.572826 -0.514360 -0.584947 -0.570861 -0.424488 -0.020241
-0.383196 -0.438305 -0.195459 -0.458967 -0.601735 -0.577728 -0.480182 -0.524309 -0.564037 -0.563434 -0.589008 -0.530004 -0.614620 -0.614517 -0.378185 -0.602830 -0.392070 -0.448532 -0.238905 -0.528155 -0.669624 -0.602055 -0.580369 -0.562664 -0.575725 -0.594980 -0.663494 -0.528177 -0.572351 -0.566465 -0.362927 -0.581131 -0.428223 -0.408015 -0.200019 -0.491825 -0.708715 -0.649871 -0.619650 -0.584262 -0.644182 -0.584899 -0.555916 -0.497319 -0.578338 -0.560236 -0.373888 -0.605271
-0.032442 0.985215 0.208234 -0.694729 -0.776397 -0.712869 -0.635706 -0.567685 -0.475840 -0.494836 -0.530466 -0.497939 -0.424109 0.373170 0.025521 0.045962 -0.031474 1.099833 0.067114 -0.669772 -0.792291 -0.756418 -0.725111 -0.563956 -0.451610 -0.494005 -0.539225 -0.463687 -0.339444 0.713842 0.093953 0.056186 0.000566 1.138081 0.093855 -0.647659 -0.867442 -0.797727 -0.732619 -0.574852 -0.494192 -0.486567 -0.458327 -0.430099 -0.321772 0.701454 0.043854 0.042361
-0.383498 -0.340561 -0.298639 -0.483513 -0.366058 -0.220795 -0.012679 0.104276 0.120473 0.051536 0.054198 0.044069 0.325883 -0.052211 -0.184881 -0.859897 -0.380721 -0.287210 -0.098624 -0.058883 -0.288787 -0.217985 -0.051674 -0.027784 -0.074504 -0.096913 -0.157910 -0.289650 -0.325491 -0.240025 -0.230841 -0.814689 -0.351206 -0.227832 -0.290640 -0.310104 -0.143739 -0.038718 0.084012 0.043533 0.237927 -0.132116 -0.211399 -0.240560 -0.271261 -0.173619 -0.117600 -0.882656
0.424596 1.264612 1.444101 2.307410 2.668895 1.511267 0.723108 0.552739 0.178118 0.039625 0.208289 0.062998 0.296044 0.294260 -0.166453 -0.885357 0.960323 3.165685 3.158470 1.408441 0.237959 0.052522 0.119133 0.187822 0.174995 0.027510 0.644682 0.308789 0.413801 0.165664 -0.230515 -0.866943 0.921728 4.636776 3.859130 0.726724 0.169041 -0.229589 -0.399090 -0.331984 -0.110211 0.222524 0.295698 0.337147 0.167521 -0.263018 -0.342807 -0.886901
-0.386522 -0.476480 -0.606629 -0.590904 -0.212576 0.611283 1.409608 1.769104 1.227008 0.594138 -0.173146 -0.372900 -0.276444 -0.305370 -0.319576 -0.876597 -0.406136 -0.582257 -0.640068 -0.272992 0.211831 0.539534 1.449603 1.496842 1.071256 0.862349 0.265172 -0.441777 -0.552173 -0.460189 -0.343081 -0.855968 -0.414074 -0.463637 0.107497 -0.299621 -0.371293 -0.010864 0.871757 1.633777 1.820171 0.751369 0.045715 -0.429721 -0.547890 -0.436114 -0.383223 -0.877552
-0.388034 -0.491674 -0.650945 -0.644807 0.119895 0.887112 0.811638 0.694998 0.410201 0.021986 -0.286287 -0.390671 -0.412250 -0.518770 -0.355102 0.008142 -0.377685 -0.456542 -0.378042 0.356170 0.288773 0.232000 0.201825 -0.086598 -0.152275 -0.266906 -0.341735 -0.351314 -0.383020 -0.408493 -0.306969 0.006138 -0.424820 -0.457283 -0.386936 0.217674 0.520313 0.211424 0.100618 0.033221 -0.151201 -0.247435 -0.307970 -0.307779 -0.349387 -0.323135 -0.256034 -0.019876
-0.387883 -0.489860 -0.644143 -0.618104 -0.498632 -0.364639 -0.275889 -0.092632 -0.408111 -0.554539 -0.592041 -0.540949 -0.628200 -0.605388 -0.374765 -0.009300 -0.410931 -0.607069 -0.732626 -0.673318 -0.621241 -0.465859 -0.309141 -0.121886 -0.127356 -0.188811 -0.579960 -0.507682 -0.556037 -0.548097 -0.375290 0.006372 -0.434850 -0.565045 -0.670779 -0.668944 -0.703532 -0.589230 -0.397219 -0.209518 -0.140540 -0.265554 -0.140703 -0.308158 -0.542933 -0.541061 -0.410592 -0.007793
-0.388034 -0.481016 -0.536383 -0.124354 -0.246913 -0.402800 -0.458956 -0.287946 -0.256850 -0.273664 -0.371370 -0.514036 -0.621888 -0.616139 -0.390913 -0.418043 -0.410931 -0.572158 -0.474211 -0.205609 -0.409631 -0.513706 -0.340233 -0.280617 -0.338447 -0.239677 -0.572999 -0.539309 -0.588236 -0.578536 -0.384508 -0.398762 -0.428402 -0.496453 -0.379083 -0.191279 -0.447003 -0.477813 -0.304949 -0.434081 -0.317366 -0.421829 -0.567529 -0.514171 -0.595096 -0.574748 -0.404970 -0.419262
-0.048166 -0.025710 -0.166566 -0.369820 -0.453299 -0.498537 -0.465790 -0.433881 -0.370484 -0.302008 -0.311766 -0.223909 -0.156132 -0.218549 -0.145840 -0.188635 -0.105320 -0.260308 -0.388333 -0.493652 -0.441456 -0.293330 -0.181731 -0.161698 -0.099105 -0.038861 -0.049110 -0.267211 -0.362198 -0.367820 -0.285280 -0.174622 -0.183380 -0.152799 -0.383611 -0.510681 -0.571401 -0.538544 -0.399090 -0.195983 -0.088521 0.024726 -0.004200 -0.036440 0.123383 -0.029803 -0.213284 -0.195468
-0.300497 -0.407840 -0.495233 -0.490147 -0.222219 -0.304672 -0.483496 -0.575036 -0.601213 -0.578511 -0.608572 -0.546744 -0.632217 -0.622631 -0.371915 -0.606297 -0.312630 -0.505209 -0.546367 -0.511505 -0.323194 -0.352295 -0.567667 -0.585801 -0.584613 -0.595547 -0.665557 -0.524644 -0.564623 -0.566990 -0.358806 -0.583544 -0.357654 -0.488010 -0.559236 -0.543663 -0.457964 -0.336258 -0.391138 -0.472368 -0.599883 -0.579992 -0.556731 -0.495804 -0.563232 -0.561273 -0.400833 -0.598526
-0.387883 -0.492506 -0.694184 -0.595963 0.426860 0.059912 -0.316168 -0.303630 -0.287705 -0.354625 -0.472530 -0.458534 -0.593579 -0.612894 -0.363366 -0.418308 -0.410771 -0.606547 -0.706989 -0.263615 0.108456 -0.342468 -0.403608 -0.324049 -0.272263 -0.317204 -0.432230 -0.393542 -0.486701 -0.529465 -0.352299 -0.398477 -0.434671 -0.564697 -0.653296 -0.322440 0.120437 -0.301736 -0.435110 -0.324765 -0.272332 -0.282540 -0.342197 -0.370075 -0.436247 -0.506079 -0.382481 -0.414991
0.314078 -0.102665 -0.359389 -0.538245 -0.498902 -0.421546 -0.345575 -0.351417 -0.339028 -0.286479 0.003846 -0.458921 -0.503680 -0.521407 -0.370586 -0.828931 0.385704 -0.217736 -0.462536 -0.533565 -0.502751 -0.412254 -0.338381 -0.338397 -0.360032 -0.305102 0.329626 -0.429409 -0.487989 -0.413217 -0.360541 -0.793103 0.337830 -0.366582 -0.524616 -0.589109 -0.580748 -0.429593 -0.275128 -0.150477 -0.038892 0.023027 0.169179 -0.386927 -0.473776 -0.392063 -0.395847 -0.808961
-0.387883 -0.483661 -0.642931 -0.599529 -0.144892 0.188454 0.399946 0.313926 0.102864 -0.121241 -0.321928 -0.437287 -0.500811 -0.428907 -0.218127 -0.393192 -0.410771 -0.595316 -0.695495 -0.573357 -0.145460 0.397680 0.658016 0.174767 -0.010066 -0.148156 -0.451824 -0.432943 -0.425523 -0.315337 -0.189089 -0.373933 -0.420163 -0.541456 -0.630541 -0.545261 0.029773 0.449236 0.455782 0.008599 -0.130063 -0.447120 -0.461790 -0.396584 -0.408631 -0.323912 -0.233227 -0.390487
0.454229 1.178359 1.181572 0.865302 0.497337 0.839674 1.282144 1.486425 2.254979 1.707386 0.182961 0.170782 1.366423 0.181475 0.112436 -0.832716 -0.151833 0.705886 0.487475 0.741891 0.411971 0.692706 1.362413 1.512741 1.996086 2.666661 3.681021 0.514276 0.840546 2.352866 0.133210 -0.726476 -0.271323 0.494208 0.298311 0.854753 0.856291 0.576818 1.058753 1.389878 2.156729 2.410947 2.345685 1.822030 1.883234 1.834099 0.134764 -0.754093
-0.341620 -0.141370 -0.306182 1.013742 -0.181212 -0.339773 -0.640469 -0.611061 -0.589172 -0.568259 -0.594013 -0.523951 -0.625522 -0.603157 -0.336294 1.049427 -0.373848 -0.207637 -0.443639 0.479394 -0.157917 -0.277149 -0.723391 -0.623933 -0.590644 -0.595547 -0.661174 -0.510509 -0.524482 -0.534451 -0.317922 1.038678 -0.404760 -0.249158 -0.353232 0.498917 -0.095050 -0.320367 -0.686426 -0.631057 -0.632602 -0.571499 -0.550008 -0.492774 -0.565120 -0.535878 -0.368584 1.030970
-0.385161 -0.363391 0.030095 -0.545211 -0.586864 -0.520821 -0.609302 -0.595132 -0.578185 -0.542478 -0.544115 -0.463041 -0.535432 -0.570700 -0.377330 -0.683341 -0.401181 -0.273106 -0.089597 -0.652100 -0.579162 -0.675316 -0.709367 -0.601442 -0.552870 -0.541089 -0.527881 -0.419868 -0.480691 -0.508735 -0.361843 -0.661561 -0.427328 -0.345691 -0.041475 -0.584635 -0.639378 -0.673433 -0.714493 -0.607079 -0.615691 -0.517142 -0.437953 -0.401507 -0.490534 -0.517221 -0.402424 -0.678002
0.403732 0.308644 0.103573 -0.258697 -0.337128 -0.150020 -0.226291 -0.224598 -0.263021 -0.533281 -0.579908 -0.529102 -0.577321 -0.343303 0.125355 1.568800 0.064588 0.016282 0.062841 -0.188058 -0.446013 -0.120404 -0.130264 -0.173073 -0.145767 -0.499300 -0.550311 -0.030273 -0.173511 0.454316 -0.113828 1.437482 0.169108 0.096934 -0.011211 -0.137075 -0.495096 -0.395071 -0.033635 0.255850 0.190871 0.347846 -0.170652 -0.369886 -0.540573 -0.514630 -0.255397 1.402102
-0.380172 -0.322494 -0.233647 -0.410454 -0.270706 -0.087758 0.123689 0.151572 0.501409 1.794830 3.278418 2.088735 2.048321 0.312111 -0.302858 -0.905445 -0.386795 -0.124059 -0.359988 -0.305871 -0.210174 -0.114745 -0.034474 0.470644 1.876733 1.541377 2.527279 3.699415 3.277589 -0.398259 -0.418451 -0.880045 -0.274368 -0.005693 -0.065033 -0.160022 -0.179767 -0.210319 0.094186 1.195996 1.740581 1.176220 0.860453 0.263679 5.302149 1.517704 -0.462889 -0.897682
-0.388034 -0.492657 -0.702266 -0.889609 -0.788654 -0.587196 -0.347956 0.372986 1.060697 1.953435 4.939894 5.105383 0.143406 -0.369268 -0.221547 -0.001439 -0.410931 -0.607156 -0.738283 -0.748695 -0.577871 0.125882 2.301786 5.732187 4.626623 0.021270 -0.256139 -0.334528 -0.351465 -0.264167 -0.206766 0.009303 -0.434850 -0.559300 -0.640686 -0.586041 -0.074742 3.431664 5.269380 0.334485 -0.454305 -0.265743 -0.262944 -0.298690 -0.355288 -0.277529 -0.232272 -0.008262
0.217016 -0.052093 -0.325916 -0.517596 -0.473307 -0.398401 -0.232815 -0.071189 -0.063448 -0.154560 -0.262021 -0.336071 -0.380689 -0.327887 -0.185261 -0.771923 0.836608 -0.006267 -0.290118 -0.472674 -0.458470 -0.439056 -0.307951 -0.220770 -0.080853 -0.048883 -0.326524 -0.420575 -0.472319 -0.462550 -0.312283 -0.773540 0.548463 0.050190 -0.250001 -0.384953 -0.319375 -0.245114 -0.222503 -0.264434 -0.342180 -0.376343 -0.450585 -0.423093 -0.489826 -0.471874 -0.349914 -0.792946
-0.377148 -0.242288 -0.246174 -0.162667 -0.334154 -0.456646 -0.560636 -0.587535 -0.575175 -0.562077 -0.601899 -0.551638 -0.636043 -0.619994 -0.371441 -0.327820 -0.401820 -0.343015 -0.332666 -0.292227 -0.409935 -0.479955 -0.620722 -0.587999 -0.557473 -0.567373 -0.647251 -0.528884 -0.571707 -0.572238 -0.364662 -0.310030 -0.419805 -0.330023 -0.274419 -0.289650 -0.422531 -0.522654 -0.610177 -0.583360 -0.609258 -0.548662 -0.551434 -0.507354 -0.585419 -0.572934 -0.400408 -0.326088
-0.366263 0.600514 0.088958 -0.602348 -0.452849 -0.157959 0.695669 0.821450 0.152983 0.300147 0.294737 0.453311 0.541451 -0.107387 -0.253938 -0.892238 -0.372410 0.125891 0.479291 -0.323604 0.487395 -0.482040 -0.385350 -0.058936 0.166107 0.480384 1.374053 0.798919 0.810494 0.135749 -0.347202 -0.874545 -0.356400 -0.342993 0.733705 -0.346473 -0.362286 -0.355162 -0.015860 0.349310 1.984314 0.885562 0.042251 0.348508 0.557209 0.387651 -0.268763 -0.885859
-0.357192 -0.414719 -0.545745 -0.521245 -0.106950 -0.163506 -0.541274 -0.561313 -0.574272 -0.537201 -0.595681 -0.553312 -0.645798 -0.623645 -0.367641 -0.615878 -0.383279 -0.526538 -0.624602 -0.611045 -0.381604 -0.174803 -0.267200 -0.463521 -0.549537 -0.543736 -0.629462 -0.531004 -0.579649 -0.566728 -0.357288 -0.591976 -0.404581 -0.494712 -0.573222 -0.618704 -0.486089 -0.305298 -0.446453 -0.476493 -0.437027 -0.181188 -0.447325 -0.500348 -0.585419 -0.565419 -0.396908 -0.608239
-0.295054 0.191019 0.871157 1.925612 0.080150 -0.073125 -0.353133 -0.443193 -0.322020 -0.229792 -0.482843 -0.466905 -0.570244 -0.486720 -0.310267 0.256818 -0.323499 0.128590 0.652490 1.087518 0.084758 -0.040095 -0.305172 -0.426423 -0.295594 -0.139647 -0.450535 -0.425169 -0.495717 -0.395110 -0.292221 0.264163 -0.329175 0.123744 0.637066 1.243507 0.131993 -0.139542 -0.362136 -0.429956 -0.316631 -0.127586 -0.362367 -0.395259 -0.483925 -0.406056 -0.301648 0.244541
-0.356738 -0.350388 -0.305980 0.691901 2.918991 4.313744 3.560019 1.530291 0.226431 -0.071941 -0.247916 -0.329503 -0.325602 -0.328901 -0.112879 -0.581578 -0.370811 -0.536463 -0.389597 0.536858 2.475434 3.785124 2.806004 0.964160 1.069987 1.167921 1.955951 0.366566 -0.186391 -0.148706 -0.006033 -0.595115 -0.428581 -0.528660 -0.556829 -0.206875 1.439535 3.190747 3.159681 1.337927 0.726864 0.539038 0.567685 0.675516 1.307081 2.195063 1.354257 -0.424027
-0.118921 0.919674 0.588760 -0.303478 0.220113 2.009557 1.794690 1.283146 0.519922 0.011131 -0.081086 -0.098484 0.139772 0.396295 0.016497 -0.861088 -0.158546 1.036366 0.449020 -0.387019 0.371639 1.880952 2.251377 1.550485 0.828740 0.246289 0.495920 0.397840 0.411869 0.015302 -0.360975 -0.878592 0.267081 1.350297 0.541114 0.269960 1.606419 2.071457 1.689558 0.569103 -0.209101 -0.339728 -0.457512 -0.448845 -0.541517 -0.553240 -0.465435 -0.897760
-0.233218 -0.371706 -0.555107 -0.730720 -0.711507 -0.652902 -0.565814 -0.493186 -0.404499 -0.180039 0.045553 -0.214251 -0.374186 -0.468260 -0.267142 -0.345182 -0.369373 -0.500333 -0.562435 -0.689969 -0.718539 -0.661120 -0.627073 -0.487822 -0.400822 -0.282790 -0.216693 -0.198479 -0.041066 0.261706 -0.275303 -0.307591 -0.295861 -0.471732 -0.580215 -0.698730 -0.668948 -0.583020 -0.207066 -0.178967 -0.256892 -0.343880 -0.421858 -0.405673 -0.496671 -0.505301 -0.369539 -0.327521
-0.388034 -0.492506 -0.678357 -0.479035 0.008771 -0.080681 -0.411015 -0.515486 -0.520240 -0.478403 -0.466615 -0.423508 -0.397904 -0.326670 -0.196660 -0.362041 -0.410931 -0.607069 -0.735756 -0.588084 -0.274735 -0.109583 -0.140187 -0.345506 -0.456689 -0.449001 -0.404901 -0.355201 -0.327423 -0.202763 -0.175642 -0.351075 -0.434850 -0.565219 -0.678001 -0.769424 -0.616351 -0.382103 -0.121462 -0.025047 0.045477 -0.099841 -0.285559 -0.289602 -0.294628 -0.193831 -0.209146 -0.355462
-0.146286 0.134626 -0.395151 -0.525723 -0.437527 -0.317201 0.073366 -0.117751 -0.466809 -0.538558 -0.512114 -0.417971 -0.496985 -0.483271 -0.350828 -0.180007 -0.091094 0.175254 -0.481071 -0.516374 -0.501308 -0.212227 0.154459 -0.377304 -0.506367 -0.549220 -0.486630 -0.361031 -0.428314 -0.389600 -0.328550 -0.166631 -0.209709 0.056719 -0.322395 -0.523912 -0.526621 -0.378450 0.192420 -0.289830 -0.545291 -0.530920 -0.397410 -0.327093 -0.420197 -0.402687 -0.371024 -0.182656
-0.362181 -0.333682 -0.352182 -0.028656 -0.277556 -0.535072 -0.508968 -0.447727 -0.356186 -0.095008 -0.214095 -0.343282 -0.568905 -0.590783 -0.354342 -0.425295 -0.389193 -0.414057 -0.444782 -0.198096 -0.380161 -0.554406 -0.544117 -0.428750 -0.340828 -0.016738 -0.009664 -0.204133 -0.492282 -0.525267 -0.340913 -0.405378 -0.426253 -0.448840 -0.469475 -0.248742 -0.344442 -0.483475 -0.491477 -0.402756 -0.377840 -0.110977 0.090741 -0.069577 -0.432235 -0.518258 -0.373570 -0.421267
0.046326 -0.045969 1.798630 -0.198657 -0.652926 -0.678247 -0.633014 -0.590598 -0.560877 -0.510968 -0.469345 0.103047 0.540877 -0.395031 -0.077543 0.545696 0.024789 0.001482 1.485570 -0.364778 -0.686182 -0.712641 -0.715453 -0.589808 -0.547157 -0.526529 -0.494107 -0.236644 1.463921 -0.246585 -0.052231 0.557707 0.040866 -0.068452 1.348851 -0.140591 -0.741769 -0.756904 -0.717650 -0.594962 -0.603560 -0.510159 -0.411264 -0.159139 1.623363 -0.266386 -0.093944 0.543931
0.762801 1.053401 1.111528 1.961851 2.545784 3.233955 1.342200 0.728448 0.895740 0.600772 0.559693 0.558133 0.688733 0.970569 0.700136 -0.278302 1.707568 1.628202 1.374417 1.825057 2.973773 1.649061 1.028737 0.673324 0.631299 0.659076 0.993769 0.846448 1.856535 1.588985 0.748312 -0.667710 3.599421 2.277068 1.893266 3.057715 1.548384 0.696181 0.496830 0.932373 1.198523 0.989746 1.110437 0.471207 0.602763 1.348754 0.314888 -0.822085
-0.329525 -0.233519 1.590250 2.898517 -0.305945 -0.463150 -0.331389 -0.245673 -0.298391 -0.289796 0.096361 0.704162 0.417887 -0.417547 -0.148215 2.934932 -0.155669 0.445228 2.559673 2.020231 -0.570883 -0.717406 -0.713469 -0.591359 -0.540173 -0.530311 -0.548764 -0.424992 -0.401052 -0.362571 -0.108080 2.878035 -0.410491 -0.451364 0.334938 3.110256 1.769734 -0.186209 -0.648886 -0.591739 -0.602457 -0.521861 -0.471773 -0.393555 -0.403439 -0.345938 -0.226650 2.902332
-0.079461 -0.319999 -0.492269 -0.623495 -0.445188 -0.290230 -0.285415 -0.452383 -0.531377 -0.534940 -0.593558 -0.552153 -0.639868 -0.621819 -0.357952 -0.573374 -0.192432 -0.433297 -0.569477 -0.593253 -0.510347 -0.313581 -0.269979 -0.429525 -0.483353 -0.522369 -0.620180 -0.523937 -0.573210 -0.566465 -0.350456 -0.548440 -0.170305 -0.390171 -0.513954 -0.579585 -0.574375 -0.388039 -0.328338 -0.397213 -0.529668 -0.517331 -0.518836 -0.495614 -0.576214 -0.563605 -0.391179 -0.564491
-0.383045 -0.419935 -0.561370 -0.332171 -0.177607 -0.555730 -0.622245 -0.614369 -0.608136 -0.582883 -0.613881 -0.557046 -0.641781 -0.623848 -0.387684 -0.409230 -0.402619 -0.471952 -0.640550 -0.416532 -0.299952 -0.590044 -0.713733 -0.615143 -0.589692 -0.599707 -0.678190 -0.538072 -0.576215 -0.568040 -0.376808 -0.390278 -0.426790 -0.434216 -0.582966 -0.380095 -0.339259 -0.630875 -0.698822 -0.618810 -0.650799 -0.593959 -0.567529 -0.510194 -0.582114 -0.565678 -0.415472 -0.405981
-0.340712 -0.051790 0.318486 -0.513367 -0.710425 -0.713921 -0.653412 -0.624661 -0.613856 -0.584391 -0.614184 -0.557175 -0.643311 -0.628716 -0.387209 -0.620960 -0.370172 -0.158709 0.127896 -0.476221 -0.715425 -0.756021 -0.750911 -0.629362 -0.592073 -0.603300 -0.674838 -0.539309 -0.578147 -0.570139 -0.379953 -0.597061 -0.381834 -0.132256 0.110248 -0.398376 -0.775927 -0.795992 -0.747238 -0.636084 -0.656129 -0.595657 -0.565084 -0.509816 -0.585419 -0.565937 -0.418442 -0.613421
-0.286285 -0.248941 -0.426132 -0.581782 -0.393907 -0.380611 -0.363177 -0.341370 -0.330900 -0.404227 -0.408528 -0.361310 -0.275679 0.018382 -0.196280 -0.888454 -0.294888 -0.246727 -0.545043 -0.523406 -0.503511 -0.418508 -0.383497 -0.369549 -0.350985 -0.335168 -0.264132 -0.127804 -0.016165 0.015564 -0.252530 -0.866995 -0.255203 -0.170208 -0.454400 -0.529665 -0.580238 -0.493247 -0.439203 -0.384193 -0.452283 -0.333877 -0.144370 -0.154216 -0.244117 -0.161958 -0.165760 -0.859454
-0.353866 -0.123378 -0.432665 -0.850716 -0.806679 -0.733240 -0.632186 -0.532273 -0.419399 -0.145966 -0.452510 -0.309028 1.110114 0.721872 -0.238360 -0.891418 -0.362500 -0.193446 -0.492024 -0.782116 -0.798139 -0.717306 -0.718628 -0.407034 -0.261312 -0.425554 -0.444863 0.295715 1.691891 0.031834 -0.240709 -0.869978 -0.238725 -0.012047 -0.506274 -0.757088 -0.887920 -0.680830 -0.560592 -0.500341 -0.541431 -0.294431 0.977194 0.823966 -0.257807 -0.151075 -0.370918 -0.896614
1.063210 0.402381 -0.233512 -0.618021 -0.634901 -0.639416 -0.611787 -0.574546 -0.538301 -0.510968 0.330226 0.344755 -0.048826 -0.247760 -0.092741 -0.837189 0.362048 -0.049797 -0.450018 -0.530920 -0.581365 -0.460101 -0.355581 -0.377433 -0.385109 -0.331008 0.290438 1.223675 0.146333 -0.025110 0.015547 -0.808955 0.063971 0.032956 -0.468672 -0.557661 -0.717297 -0.639185 -0.493816 -0.378134 -0.360378 -0.111921 0.677906 1.520585 0.349974 0.144849 -0.124070 -0.781306
-0.325745 -0.180301 -0.441218 -0.804857 -0.751162 -0.668874 -0.576996 -0.397612 0.009549 0.297584 0.344938 0.725925 1.101124 0.597727 -0.037837 -0.127048 -0.361381 -0.301749 -0.480530 -0.745089 -0.776720 -0.714030 -0.678143 -0.434049 -0.142752 0.456748 0.888837 0.760048 1.911059 1.340219 0.124752 -0.101301 -0.379326 -0.298425 -0.418461 -0.718097 -0.854526 -0.767133 -0.676836 -0.437046 -0.131901 0.374270 0.647142 0.808061 2.078196 1.559942 0.106653 -0.112294
-0.332548 -0.331792 0.684262 4.111663 -0.154806 -0.634443 -0.614894 -0.575649 -0.557265 -0.516546 -0.543509 -0.507983 -0.631261 -0.615936 -0.318626 0.318458 -0.271871 -0.008443 1.447295 1.616118 -0.247316 -0.609004 -0.725641 -0.604285 -0.587153 -0.603489 -0.686182 -0.538249 -0.576215 -0.558068 -0.299595 0.322617 -0.391327 -0.387125 0.225058 3.181014 -0.438590 -0.320823 -0.453704 -0.594704 -0.641792 -0.591694 -0.571807 -0.511330 -0.582350 -0.555572 -0.326258 0.306674
-0.386220 -0.467333 -0.358782 -0.683368 -0.759363 -0.710286 -0.646992 -0.605914 -0.568252 -0.487449 -0.430822 -0.339676 -0.212367 -0.029694 -0.163983 -0.482224 -0.407574 -0.518877 -0.287109 -0.660034 -0.787886 -0.772797 -0.736622 -0.554003 -0.430184 -0.382819 -0.375510 -0.279755 -0.088720 -0.211160 -0.364554 -0.477739 -0.385953 -0.476955 -0.380057 -0.324038 -0.595788 -0.716721 -0.636724 -0.572918 -0.602273 -0.547152 -0.528412 -0.497508 -0.570785 -0.544948 -0.374100 -0.508139
-0.293240 -0.249545 -0.110464 0.426284 0.112865 -0.078385 -0.262428 -0.225946 -0.305615 -0.120336 -0.330118 -0.320747 -0.332488 -0.208204 -0.077068 0.573512 -0.312630 -0.330305 -0.217059 0.147291 -0.058188 -0.111470 -0.280166 -0.184318 -0.236711 -0.007850 -0.187302 -0.212968 -0.229108 -0.031933 -0.026530 0.574649 -0.328101 -0.273879 -0.190963 0.146468 -0.093266 -0.118993 -0.356288 -0.205136 -0.119218 0.048507 -0.162910 -0.150997 -0.197147 -0.036799 -0.079093 0.564555
-0.350086 -0.455087 -0.629191 -0.794159 -0.718897 -0.584423 -0.478629 -0.393568 -0.298692 -0.242456 -0.431581 -0.447975 -0.535432 -0.580843 -0.366406 -0.644462 -0.358664 -0.551176 -0.677019 -0.737695 -0.735249 -0.616350 -0.529034 -0.365412 -0.245123 -0.219066 -0.435839 -0.402376 -0.484769 -0.525267 -0.351106 -0.622254 -0.353893 -0.505158 -0.608416 -0.714198 -0.784849 -0.612244 -0.450196 -0.310971 -0.296779 -0.337274 -0.472996 -0.479330 -0.583531 -0.561273 -0.388527 -0.641597
-0.367624 -0.351296 -0.205158 -0.352156 -0.338120 -0.428910 -0.459370 -0.509850 -0.540558 -0.550619 -0.585368 -0.527815 -0.564123 -0.458523 -0.268852 0.012138 -0.374488 -0.435909 -0.298243 -0.539455 -0.530399 -0.417118 -0.337719 -0.386352 -0.466371 -0.532580 -0.610641 -0.496727 -0.485199 -0.375954 -0.257952 0.026583 -0.393118 -0.454498 -0.452394 -0.474567 -0.613802 -0.645943 -0.572989 -0.442460 -0.334644 -0.216671 -0.056560 -0.146453 -0.307374 -0.325726 -0.241713 0.006009
-0.267840 -0.242969 -0.403435 -0.630378 -0.524768 -0.395531 -0.228362 -0.083197 -0.022810 -0.127724 -0.265357 -0.270010 -0.030081 0.390006 0.114811 -0.104737 0.124848 0.061292 -0.402114 -0.503630 -0.464926 -0.461292 -0.429672 -0.341628 -0.241313 -0.015981 0.284250 0.150478 0.066694 0.105309 0.066083 -0.225345 0.003611 -0.165072 -0.425970 -0.547370 -0.577689 -0.497082 -0.279455 -0.118121 0.107605 0.121926 0.123134 0.159916 0.207175 0.771159 0.322101 -0.348952
-0.045595 0.352489 -0.275538 -0.647295 -0.763058 -0.709999 -0.648028 -0.622701 -0.609190 -0.578511 -0.606146 -0.545199 -0.622653 -0.605185 -0.371820 -0.541349 -0.259564 0.169421 -0.242215 -0.568608 -0.755757 -0.747980 -0.740724 -0.619797 -0.585883 -0.598573 -0.663752 -0.526411 -0.568058 -0.547047 -0.370952 -0.515931 -0.030778 0.416216 -0.342284 -0.595757 -0.849768 -0.795718 -0.743261 -0.628479 -0.649880 -0.588674 -0.557953 -0.497508 -0.568661 -0.548835 -0.402424 -0.534362
-0.356436 -0.427722 -0.404715 0.769769 1.482402 0.259802 0.449543 0.236119 0.864435 1.807796 1.264172 0.348361 0.765435 1.648500 1.093393 -0.319536 -0.410931 -0.589483 -0.648253 0.196040 1.264336 0.859974 0.857401 0.187822 0.280381 0.905273 1.635739 2.934183 4.629093 4.633749 1.044368 -0.874804 -0.434850 -0.564958 -0.674676 -0.738040 -0.000902 0.975364 0.469932 0.068284 0.775206 1.634854 2.385821 1.358880 3.005799 7.425804 1.927618 -0.345827
-0.294752 -0.371101 -0.209468 1.133323 -0.306486 -0.690680 -0.646992 -0.617187 -0.600159 -0.572631 -0.604629 -0.544040 -0.623610 -0.591797 -0.347028 0.007930 -0.296966 -0.461243 -0.276457 0.319504 -0.107027 -0.629950 -0.742708 -0.616048 -0.580328 -0.585525 -0.658080 -0.521110 -0.555393 -0.525529 -0.336466 0.020175 -0.381655 -0.488358 -0.558835 -0.243820 0.097665 -0.190684 -0.266240 -0.080092 -0.480222 -0.569612 -0.550211 -0.491827 -0.559691 -0.527586 -0.378450 0.007988
-0.365809 -0.407840 -0.373397 -0.348756 -0.040077 -0.423937 -0.592217 -0.593048 -0.591430 -0.564640 -0.604174 -0.549320 -0.630113 -0.607011 -0.389299 -0.232330 -0.410771 -0.596535 -0.650119 -0.585619 -0.280812 -0.157729 -0.529431 -0.339172 -0.392092 -0.449947 -0.564491 -0.483652 -0.557110 -0.543898 -0.384941 -0.213150 -0.434850 -0.549029 -0.598442 -0.570253 -0.225057 -0.421556 -0.593220 -0.548296 -0.567165 -0.497702 -0.464642 -0.404348 -0.360717 -0.089143 -0.246911 -0.235988
-0.379870 -0.255139 0.377552 -0.500265 -0.633729 -0.690680 -0.646578 -0.620740 -0.611598 -0.578812 -0.612819 -0.551380 -0.634130 -0.614517 -0.381034 0.058454 -0.407255 -0.434342 0.209200 -0.474177 -0.644863 -0.730310 -0.742311 -0.620960 -0.593501 -0.595547 -0.674065 -0.530298 -0.568487 -0.556494 -0.372470 0.069237 -0.431447 -0.445271 0.091906 -0.321226 -0.648215 -0.742384 -0.737999 -0.623709 -0.656681 -0.587353 -0.563047 -0.503756 -0.570313 -0.556609 -0.415047 0.056970
0.762650 0.118675 0.014739 0.200472 0.044821 -0.256278 -0.536407 -0.578835 -0.575928 -0.560419 -0.606146 -0.546358 -0.621888 -0.578612 -0.355577 -0.044261 0.681085 0.047101 -0.127270 -0.020173 -0.065328 -0.204881 -0.561449 -0.568739 -0.552394 -0.570965 -0.663494 -0.523230 -0.554534 -0.510572 -0.345033 -0.030548 0.789187 0.059243 -0.119142 0.034163 -0.017556 -0.263562 -0.561294 -0.576656 -0.608339 -0.562628 -0.557953 -0.494289 -0.557567 -0.510484 -0.383542 -0.045005
-0.008403 0.133794 0.205608 0.606900 0.708229 0.997865 1.582009 2.171741 0.901761 -0.138579 -0.436586 -0.474502 -0.574452 -0.542707 -0.069849 0.959045 -0.034831 0.065906 0.026371 0.176083 0.423213 1.165622 2.160483 2.424544 1.060305 -0.009363 -0.367517 -0.418631 -0.500654 -0.500075 -0.108080 0.980795 -0.027017 0.045577 -0.017057 0.128124 0.641568 1.028425 1.978414 2.579080 1.154959 -0.070021 -0.355236 -0.381436 -0.507293 -0.499341 -0.121843 0.962639
-0.305486 -0.069026 0.174560 1.259207 1.444459 0.057138 -0.377363 -0.021809 0.104218 -0.270800 -0.568988 -0.545328 -0.619593 -0.584494 -0.280821 -0.110930 -0.325098 -0.093762 0.090945 0.807890 0.845293 0.191002 -0.357301 0.120219 0.102304 -0.350295 -0.644158 -0.538249 -0.579005 -0.535763 -0.285605 -0.096293 -0.433597 -0.480263 -0.379656 -0.073796 0.821537 1.021758 1.313929 0.308445 0.527245 0.019253 -0.430619 -0.486147 -0.578810 -0.552722 -0.321485 -0.108206
-0.192398 -0.454633 -0.657882 -0.787940 -0.667436 -0.366361 -0.111771 0.328997 0.729880 0.352764 0.134732 0.046258 0.034379 1.574256 0.452214 -0.863999 -0.198506 -0.573551 -0.722576 -0.766187 -0.686486 -0.429526 0.099023 0.593183 0.783348 0.598188 0.625087 0.140937 0.101898 2.967434 0.210857 -0.833681 -0.392401 -0.471820 -0.641317 -0.756641 -0.767005 -0.600007 -0.193500 -0.030977 -0.032643 0.520731 1.421744 0.673433 0.612677 0.509441 1.325297 -0.774379
-0.308661 -0.156337 5.525558 4.020774 2.757938 1.095514 0.828930 4.947926 1.947039 0.935470 0.581533 0.709055 2.368708 2.523400 0.033120 -0.898617 -0.410931 -0.598363 0.916924 4.154285 2.300434 2.337390 3.070484 2.141722 7.589031 5.556738 2.478035 1.016951 2.024185 0.753728 -0.356095 -0.870212 -0.427865 -0.493059 0.026219 5.872189 3.258690 2.970377 2.108106 4.812202 2.640703 1.703932 1.841847 2.480400 2.394006 2.013415 -0.358825 -0.885599
-0.387732 -0.467560 -0.652090 -0.852209 -0.791718 -0.699383 -0.623488 -0.547222 -0.344898 0.333617 0.573647 7.002990 2.722760 1.261458 -0.387874 -0.906504 -0.326856 -0.445224 0.974517 1.660779 -0.772847 -0.779051 -0.767317 -0.633757 -0.594136 -0.595169 -0.508029 4.953187 -0.418439 -0.605565 -0.434284 -0.880512 -0.268815 -0.302865 3.055291 -0.580928 -0.875599 -0.824759 -0.766300 -0.640854 -0.657416 -0.582257 -0.334048 5.152887 -0.263708 -0.603770 -0.472436 -0.897760
1.843184 7.901051 6.565437 0.592388 -0.200139 -0.496050 -0.438868 -0.373718 -0.328492 -0.164058 0.508431 0.594962 0.148571 -0.155868 -0.180227 2.724790 -0.354188 7.768993 5.479816 1.251916 0.701055 -0.026198 -0.432583 -0.400054 -0.316703 -0.158935 0.923900 1.091867 0.316559 0.121316 -0.215767 2.698988 -0.412462 2.870281 5.843624 0.681789 0.195127 0.386952 1.273349 2.741250 2.427482 0.575842 0.615767 1.135636 0.529830 0.306026 -0.168624 2.690517
0.380903 0.114518 -0.153433 -0.253887 0.129808 0.464665 0.666055 0.410113 0.328626 -0.016610 -0.375769 -0.445657 -0.473841 -0.428907 -0.254128 1.079043 0.711615 0.430863 -0.191843 -0.154817 0.166258 0.650715 0.468157 -0.001156 -0.125293 -0.406456 -0.455949 -0.391245 -0.387313 -0.317174 -0.184860 1.041428 0.526612 0.582124 -0.192052 -0.152096 0.318676 0.487319 0.293929 0.086332 -0.047348 -0.389555 -0.400669 -0.345081 -0.368270 -0.280897 -0.137330 0.997195
2.445815 1.391006 0.056630 -0.276775 -0.303962 -0.202432 0.045513 0.330958 0.689695 1.868855 4.953696 0.776017 -0.457965 -0.562992 -0.415896 -0.906212 2.859364 1.527386 -0.085324 -0.321560 -0.048694 0.563260 2.563355 4.476035 0.343391 -0.309830 -0.445121 -0.421635 -0.509670 -0.576699 -0.432983 -0.880512 3.216663 1.491746 0.140512 0.350753 2.471514 1.739122 0.180024 -0.114382 -0.225644 -0.325195 -0.367868 -0.398478 -0.516970 -0.579671 -0.471376 -0.897734
-0.388034 -0.492355 -0.671554 -0.249575 -0.356054 -0.621723 -0.598016 -0.561068 -0.523701 -0.253009 1.766482 0.943809 1.198483 2.289715 0.878337 -0.813607 -0.410771 -0.595142 -0.575495 0.000625 -0.101786 -0.525420 -0.613974 -0.518715 -0.446690 -0.390194 -0.401034 0.164083 3.575109 2.366774 1.484331 -0.845823 -0.244994 -0.253858 -0.205407 -0.057496 -0.448362 -0.647770 -0.613218 -0.504080 -0.474157 -0.386346 -0.362367 -0.355306 -0.414768 -0.344124 1.329965 -0.100732
-0.280540 -0.314557 -0.601241 -0.823433 -0.760715 -0.676525 -0.557116 -0.396019 -0.213805 -0.269744 -0.482388 -0.519058 -0.616341 -0.600520 -0.346553 -0.323850 -0.097328 -0.415537 -0.676417 -0.765225 -0.760390 -0.639976 -0.433774 -0.309055 -0.374158 -0.498165 -0.635134 -0.524114 -0.567628 -0.535763 -0.331912 -0.307202 0.069881 -0.396612 -0.613746 -0.718992 -0.727239 -0.586034 -0.546091 -0.506658 -0.558158 -0.558853 -0.556323 -0.502620 -0.574089 -0.528882 -0.346414 -0.329916
-0.385464 -0.485854 -0.687179 -0.860170 -0.766573 -0.620766 -0.424890 -0.274713 0.173151 1.449578 3.010731 1.421688 0.533991 0.102565 -0.005826 0.555727 -0.391271 -0.581299 -0.708795 -0.726755 -0.605290 -0.385253 0.256467 2.103978 2.685701 1.011542 0.329884 -0.070558 -0.088506 0.086415 0.058166 0.467521 -0.414074 -0.536581 -0.637992 -0.672012 -0.566812 -0.002736 1.651434 1.767587 0.833474 0.240077 0.048364 -0.036440 -0.047739 0.044826 0.056477 0.459090
-0.352807 -0.376620 -0.397710 0.173272 -0.097577 -0.454159 -0.549661 -0.518182 -0.445738 -0.413423 -0.429609 -0.383073 -0.359458 -0.242892 -0.007726 -0.439322 -0.287695 -0.342754 -0.073709 -0.259768 -0.436975 -0.577238 -0.596775 -0.469208 -0.409710 -0.390383 -0.395362 -0.324987 -0.292004 -0.062110 0.080940 -0.464611 -0.407984 -0.458502 -0.502834 -0.179390 -0.233214 -0.311691 -0.424000 -0.419385 -0.415521 -0.338218 -0.320601 -0.260252 -0.240813 -0.103395 -0.054482 -0.434209
-0.236998 -0.232310 -0.327397 -0.571831 -0.697087 -0.654336 -0.606714 -0.563764 -0.472378 -0.468151 -0.581728 -0.538503 -0.614046 -0.581249 -0.339714 -0.633637 -0.297126 -0.367566 -0.431121 -0.509401 -0.704032 -0.674422 -0.629454 -0.489502 -0.526206 -0.569642 -0.634103 -0.508919 -0.549812 -0.551246 -0.347202 -0.607906 -0.307503 -0.386341 -0.428435 -0.342383 -0.640313 -0.720191 -0.684087 -0.602825 -0.639219 -0.583012 -0.560602 -0.512088 -0.588723 -0.569824 -0.389482 -0.624124
-0.133133 0.040813 -0.239371 -0.079822 0.344756 0.222789 0.163036 -0.005390 -0.164890 -0.303365 -0.413078 -0.392216 -0.363092 -0.255874 -0.083147 -0.632658 -0.287056 -0.445921 -0.617501 -0.532964 -0.339145 0.063839 1.203646 1.316782 0.567655 -0.060040 -0.221849 -0.303078 -0.271397 -0.050301 -0.021975 -0.581961 -0.178365 -0.291810 -0.405220 -0.273926 0.174649 0.281744 0.286679 0.164194 0.128559 -0.132304 -0.290449 -0.318951 -0.261820 -0.056234 -0.015445 -0.587667
-0.282354 -0.230647 -0.321471 -0.150228 -0.199418 -0.412077 -0.485360 -0.543301 -0.569907 -0.548207 -0.568988 -0.526656 -0.606395 -0.591594 -0.349118 -0.411321 -0.312151 -0.294958 -0.353669 -0.263555 -0.299648 -0.480153 -0.592938 -0.577011 -0.557949 -0.553191 -0.610641 -0.498847 -0.541654 -0.528416 -0.338744 -0.391523 -0.378968 -0.298600 -0.273616 -0.229055 -0.296433 -0.517083 -0.619767 -0.589419 -0.617713 -0.543566 -0.519040 -0.467780 -0.545530 -0.523440 -0.380359 -0.406554
-0.007345 -0.316749 -0.344168 -0.358541 -0.441403 -0.346754 -0.150393 -0.313065 -0.525206 -0.552428 -0.558220 0.460136 -0.400582 -0.607822 -0.426534 -0.908938 -0.163980 -0.423285 -0.532586 -0.358106 -0.405909 -0.297797 -0.027991 -0.376529 -0.537475 -0.579663 -0.610899 0.832313 -0.276978 -0.536026 -0.421704 -0.879345 0.001640 -0.357964 -0.401036 -0.563094 -0.780346 -0.757635 -0.709581 -0.596380 -0.584627 -0.486944 -0.314489 1.136394 0.421255 0.527320 0.024972 -0.834819
-0.330583 -0.306544 -0.197278 2.679008 1.342167 -0.158150 -0.245343 -0.123877 1.220838 2.618609 1.497279 0.695663 0.821096 1.951764 3.351484 4.080230 -0.380562 -0.479700 -0.463438 -0.135642 2.750010 0.800710 -0.207530 -0.282944 -0.141323 0.175758 1.808221 3.107513 3.128186 2.509788 3.257954 4.556662 -0.358370 -0.430125 -0.435485 -0.293485 -0.159629 0.392979 4.559403 4.383187 1.383252 0.735326 1.462695 1.624538 0.653510 0.821171 1.957851 4.407536
-0.295659 0.528397 0.370278 -0.631622 -0.693572 -0.652232 -0.595841 -0.570993 -0.552900 -0.504636 -0.503924 -0.456345 -0.437307 -0.183862 -0.257263 -0.521023 0.331199 1.892516 -0.316658 -0.727296 -0.791531 -0.759495 -0.744428 -0.617082 -0.573503 -0.590253 -0.657306 -0.521463 -0.562691 -0.497189 -0.315536 -0.513803 0.132391 1.419760 0.086231 -0.665237 -0.833708 -0.798549 -0.743495 -0.622935 -0.636829 -0.581691 -0.549804 -0.493910 -0.561580 -0.491568 -0.346732 -0.533607
-0.387429 -0.465972 -0.493414 -0.349088 -0.632557 -0.638651 -0.562293 -0.475664 -0.309528 -0.010881 0.403480 0.108713 2.937371 -0.412882 -0.431949 -0.909574 -0.409812 -0.569024 -0.542877 -0.412385 -0.680941 -0.676408 -0.613710 -0.391652 -0.072282 0.631847 0.781584 -0.123741 3.320736 -0.481969 -0.431248 -0.880408 -0.422134 -0.450319 -0.374669 -0.475781 -0.769554 -0.673889 -0.472298 0.116497 0.507761 0.048318 -0.199786 -0.327093 3.351821 -0.519035 -0.471057 -0.897760
-0.371252 -0.452290 -0.593563 -0.551514 -0.388860 -0.436466 -0.522739 -0.562171 -0.585109 -0.551675 -0.574600 -0.496265 -0.492777 -0.360546 -0.250709 -0.224681 -0.374648 -0.536028 -0.612506 -0.510843 -0.389731 -0.397661 -0.551526 -0.580760 -0.578741 -0.584580 -0.665814 -0.527117 -0.557969 -0.479607 -0.297860 -0.224047 -0.382729 -0.501241 -0.562159 -0.494829 -0.388627 -0.498270 -0.566907 -0.552035 -0.621757 -0.570178 -0.518021 -0.449034 -0.526647 -0.527068 -0.375055 -0.243904
-0.380928 -0.435508 -0.521567 -0.456811 -0.178869 -0.154516 -0.416917 -0.456549 -0.462746 -0.455336 -0.504683 -0.475790 -0.519747 -0.430530 -0.231331 -0.215312 -0.360422 -0.417887 -0.485404 -0.460773 -0.276330 -0.416621 -0.513554 -0.473345 -0.444627 -0.476609 -0.476317 -0.419868 -0.407491 -0.352337 -0.233118 -0.215667 -0.251263 -0.340381 -0.437090 -0.415825 -0.303231 -0.495165 -0.525976 -0.463473 -0.462760 -0.451839 -0.445491 -0.446005 -0.514846 -0.409424 -0.275765 -0.236222
-0.338596 0.036806 -0.333459 -0.655505 -0.664822 -0.643720 -0.586108 -0.546487 -0.520992 -0.478554 -0.466160 -0.342252 -0.000051 1.327994 0.060477 -0.176487 -0.141763 0.388987 -0.551422 -0.718941 -0.744363 -0.687129 -0.598759 0.098762 0.365452 -0.033189 -0.285015 -0.410857 -0.404916 -0.295656 -0.212080 -0.165800 0.568702 0.912982 -0.224035 -0.618768 -0.771084 -0.739918 -0.704202 -0.591868 -0.604295 -0.538281 -0.493369 -0.414762 -0.412408 -0.257317 -0.199811 -0.197864
-0.157020 0.121094 0.148832 -0.392044 -0.659144 -0.596473 -0.502962 -0.364038 -0.050955 -0.036963 0.302472 0.496836 0.776720 0.973206 0.156701 1.236438 0.496792 1.269339 1.716844 -0.638275 -0.793886 -0.752348 -0.730007 -0.548962 -0.347017 -0.559431 -0.626626 -0.494960 -0.521047 -0.423713 -0.090621 1.209397 0.428997 0.944667 1.717469 -0.359769 -0.856905 -0.798458 -0.736128 -0.565441 -0.373612 -0.550171 -0.508649 -0.457934 -0.522871 -0.414866 -0.127041 1.196927
