-12441.573128 -2145.127257 -54623.772460 41570.939813 -4313.873291 3207.106609 4063.572435 333.988239 -12360.886542 -6902.501998 -2901.862232
22005.643751 2564.790211 15352.382142 -37630.401916 -18437.817337 -2795.447663 -14583.596095 -2643.897164 -9431.355643 698.149464 -6189.268555
21161.536964 4246.519068 25468.312794 -20578.625524 -1566.131107 2212.948412 1409.616093 -3128.168628 -2938.099666 308.818751 5016.873239
-6725.876010 12795.279514 30147.192170 -11519.106610 -6062.659082 -13506.948923 7303.345166 13744.617631 -2188.892528 4481.502682 4743.512513
17077.443859 6785.923855 18723.236293 -11368.026976 -10397.007073 -5762.014309 3007.225118 -2529.161309 127.858883 661.987465 822.919603
16775.170296 1895.669528 24431.490905 -46644.206023 -19002.258715 -1569.445508 -10354.034483 -2071.500924 -6209.534965 13182.698394 9719.608561
-51741.138724 4905.548044 -235.359969 37113.010654 14288.380473 -21834.676273 16891.788198 24591.376574 11387.721216 -6493.795470 13807.774792
-13441.714315 -1957.456582 17535.569943 17929.713076 1477.057504 -14425.616440 11790.599572 17114.368021 -7563.637711 6397.760075 1101.270229
-15450.576637 -22765.632025 -133374.325052 138048.551872 10245.935758 -3896.500174 7150.272884 -10797.983439 2000.992172 -18771.662055 -26901.146754
20586.588760 8508.609214 9686.323459 -9661.502317 -9981.357785 -5719.941385 2019.705748 3049.693001 -2651.105532 -2886.502568 1868.934163
-22825.593553 -40022.601733 -87927.253829 125225.262391 51815.375250 5174.065717 15668.108061 -32124.595306 5899.823764 -9886.486040 -10741.237086
22259.800091 6524.227578 28965.734743 -17070.267546 -9509.933338 -7307.303638 4626.008261 494.554921 -3973.639788 1811.393676 851.747409
21593.245239 744.748207 -12861.582178 10728.269229 -1804.100756 -4449.913174 653.272393 2164.182859 527.628472 -1889.590637 -2165.122107
4288.059120 -31307.049841 -46990.715651 7012.699386 5987.106865 764.827431 16427.431495 -1092.965804 -3003.394062 -4323.301357 -9065.322090
-35995.263615 15785.565636 27655.153130 -40192.301085 -8096.349941 7955.166606 -7217.720148 -5195.360051 -14864.881959 3509.618456 10178.511417
-9434.849680 3237.707193 3415.960505 -40244.941709 -1648.283488 1766.780870 -39522.744632 -4541.842231 -7502.873581 78269.665824 30526.712904
16445.192649 -4692.768290 10098.748154 2290.897764 19144.346178 15916.478301 1042.485856 -19076.483705 -738.334265 -6405.904222 -8721.261255
-35650.312790 -1905.413346 -95894.527041 111975.340978 7399.259638 -20473.278426 -6877.042546 28816.004179 6549.851683 -8704.474446 -22822.463387
29473.913921 13442.793145 23025.970495 -25842.408257 -13267.830220 -3937.223896 -266.269180 4340.168290 -4972.209185 55.908335 415.920598
-2415.250514 -26413.686352 -104020.241299 123002.723212 46931.340339 17201.736849 9655.664109 -9178.227151 9311.293277 -19577.690785 -22542.481298
-28784.257026 2398.177016 42695.069083 -39433.040673 -8334.298404 796.995548 -11205.828040 2957.085006 29511.869716 379.934794 -3420.990603
-100049.133160 15074.935454 52410.422817 -29380.166662 14221.132425 20799.904328 -33322.122967 8167.026730 37166.376560 -14327.450367 25420.379453
19785.353929 5980.753078 27081.057913 -48711.760881 -7218.483902 2554.551449 -6888.659023 1025.746022 -4821.021164 5634.058267 826.637408
19349.714802 7009.706776 12706.324334 -7926.501518 -8793.917803 -8451.353087 3590.651413 7704.543067 2740.614785 -3726.339254 1601.024301
17873.276347 -19463.336236 -86084.642547 71012.588879 4033.674056 2811.355669 5976.797603 -9341.281471 -5749.607979 -12375.866884 -15017.082764
-29133.380785 -15399.793608 -107657.824785 138791.296622 34310.796273 -12896.879316 19116.025291 18918.739474 11003.346471 -30410.282266 -7845.498937
-8010.680505 2345.857591 36369.007615 -18535.490879 -10199.998270 -14634.779287 9107.717520 1940.819172 -564.741622 2477.340683 10792.359260
16764.263135 17175.404651 32253.305650 -43032.296589 -17637.248131 1379.483990 -6841.503270 -1762.135275 -314.835738 2385.610404 3737.178177
10321.599447 -2178.968968 15071.615390 -5867.258282 4274.414473 802.269880 2534.088277 -6909.257350 -5908.937013 1756.181275 -7400.718795
15752.879351 14372.494936 15574.831846 -11785.662329 -11235.034207 -10242.472707 2045.791102 13803.842194 -968.301896 -2435.965738 884.293520
31604.673774 17875.984562 30973.248853 -43735.216430 -2026.512656 13502.891598 -7905.548688 2913.413035 -3786.966352 11237.390531 1038.726155
20386.066084 7321.824599 -14704.895549 15620.564748 -14782.623833 -7816.332461 -5981.024324 5311.880490 -1485.828650 -4108.922089 -13070.371286
14896.446758 -6830.457471 -58112.041183 70645.658067 4179.311774 -12249.093436 12328.734274 6336.938297 -936.245115 -14641.918403 -5750.917820
-7321.527608 205.259211 -37069.626640 47987.037833 8194.440254 -3482.727949 5090.797212 7263.253382 1698.616938 -10700.125496 -6383.034206
-3285.998138 -26496.477582 -109628.889067 116535.760855 34536.909876 16325.026161 14166.212461 860.058114 -24067.574413 -11937.041725 -16571.572881
-26097.985993 -36592.798534 29663.998194 -21041.669628 64122.812377 50918.110348 -2821.969410 -63939.931186 3786.437204 9763.763802 -7809.072236
24679.326018 7950.308955 -8615.894432 4818.909438 -14672.569557 -3175.508994 -4037.647724 785.032589 -2116.269060 -3538.269221 -7999.737315
-38976.049458 -2313.146943 -9067.034486 -12803.034556 14338.592583 10951.757433 -18836.319215 32.801627 -2198.584479 30410.632741 8592.730175
26482.133792 7710.908561 17984.326585 -33611.588840 -18321.666183 127.613838 -1114.049794 -150.032667 -5037.273193 -3531.769574 2378.310520
19263.781223 2746.107494 6329.251007 -2820.166464 -9423.434654 -6956.910333 4006.400101 2059.693492 -8902.037795 4813.494271 -1628.076312
24431.661224 15372.197203 36162.538762 -42639.757070 -15133.089803 435.437801 -4169.243155 -19.158468 -792.338520 473.176520 2245.692044
-55499.086650 -14662.301544 27928.428036 -48136.397154 -5752.012822 1144.101254 -30658.871031 -2034.763390 14559.501417 16669.202526 7921.658356
-16082.117620 -9604.546651 -35358.850899 50625.665338 43271.157786 17315.975512 -4505.872448 -18915.708467 29474.606800 -26328.158045 8452.382193
23655.398705 -18756.922768 -51667.040608 30478.130628 7634.521106 -12755.031876 -2542.464322 -9605.642841 -3071.690302 15402.197506 -1337.440366
-137894.340252 309.778648 15084.498748 -41257.573905 -8997.035754 4511.003648 -47297.509588 30048.249346 63378.315189 8097.700949 7409.795252
31631.479234 14049.329912 22669.973166 -28432.781588 -16739.286388 -1963.068487 -2543.696375 1697.487243 -4304.717178 328.646734 -2260.934271
14395.825288 -11947.715296 -54744.324507 71293.144700 11536.026394 -6461.393134 13422.477053 -4469.918296 -252.949106 -13514.080544 -6780.696007
-31775.113502 -13859.511032 50852.480848 -32270.140585 -33519.495572 12608.812525 3703.372336 17574.893242 -2637.425376 -4643.630641 38882.801742
26646.200300 10120.223196 13667.444761 -15594.235593 -11122.371424 -5809.680070 2733.459264 2769.230442 -3947.105521 -510.230343 -1384.498705
-91103.168455 -9864.240791 79.216327 -24894.310121 1908.497400 690.433150 -29111.400622 18165.000235 37680.142638 -2580.982212 7388.301335
-69765.533309 -2711.741690 48836.376508 -47157.805677 86068.792812 74160.322106 -27000.196420 -1517.096642 37125.348121 -33897.691631 22383.289638
25294.134713 6538.863366 5867.156485 -24450.097921 -4509.366327 8165.464497 -10588.613153 827.606388 -4674.304313 12592.383842 4808.791547
18899.333767 2939.468733 11473.509955 -16038.479899 -10456.035404 3010.009990 -6083.577058 -314.213885 6681.356714 -239.167889 -4384.802626
19032.950980 9975.250279 23481.035219 -21677.595047 -8235.559024 -7307.351940 2236.355580 7129.164058 -1978.382097 2384.539447 4921.060944
13978.082960 -4923.444078 40328.337481 -43685.720950 -7867.542251 4022.668214 6984.041431 -16277.971423 -552.599911 2699.708725 4808.700790
9733.492343 -38428.274156 -102092.703642 45304.403878 -13053.341687 7227.810205 38709.690298 10052.785565 2077.308568 -10549.541267 -20555.944451
-1538.319251 1455.643183 -36312.688259 36372.999565 -10182.738881 -10825.445449 1746.651358 8054.671799 3198.223038 -10478.472549 -4050.416013
-53272.658305 -30748.842434 -47037.300680 99964.530651 26788.394850 -28581.699440 30617.760449 1693.333190 11456.273772 -10940.839111 11955.511710
20175.505766 5139.361965 16200.862758 -17314.513721 -7341.200513 -3986.891661 -737.187823 4090.968543 2320.076342 2707.816349 1964.402731
20875.942840 5237.180009 17129.718874 -7256.160369 -5456.610944 -7370.364791 6330.131454 1645.106742 -1195.208290 -2138.133106 4636.782464
-40301.043887 -20862.172255 15696.488496 24385.945907 10035.765284 -30127.093836 14547.473789 18369.986748 6654.419168 2182.924659 -3024.596428
-46582.625888 -9988.104097 71589.946415 -22022.142525 3941.161171 -3085.245649 10287.774263 -37815.217052 5386.341161 4748.745891 1549.138608
13690.566433 3733.614998 -9423.017522 16146.842694 -8029.818202 -4053.620871 8292.392505 7441.810734 -20317.372797 -4091.141041 9281.243525
-25644.129867 30748.297015 -970.305396 -2251.342538 -13249.061744 -19608.261189 1889.180527 52842.833813 -2953.809086 2155.108213 -668.896749
2344.616332 -5334.856940 20727.697076 -49092.716360 -7860.386496 -22648.286512 -834.943210 19083.483686 -5819.659778 18965.853935 13197.150685
31937.600930 10333.993521 23081.349326 -33031.659873 -8663.781461 2636.550175 -6144.999597 3997.707820 -1798.690850 6064.142853 2105.115934
-87119.447766 -17944.333852 -19811.989607 93423.207479 35517.233552 -38091.667838 36426.564760 28159.695181 22653.608985 -12341.375032 38069.512720
24393.184436 -615.460460 9064.588966 989.976387 8562.803634 7234.665495 2799.622854 -8215.119293 -4402.167770 -3689.272481 -2360.161959
-9017.788326 13020.153925 -40323.761907 40572.052309 -8542.012280 -12248.000734 -2949.478498 22351.536887 1521.812166 -9552.367156 -13624.701741
-13419.884090 -21453.700552 -110518.130969 117195.283784 23290.129571 -2322.257514 11291.436690 -18234.196735 15049.944169 -21915.335679 -23221.057616
-92611.298201 -38840.695238 -9284.282253 -5004.322983 34928.610768 32945.357055 -43746.668112 -7193.828602 -33415.723343 89986.114383 32564.973453
1853.729731 16513.685005 -89534.946292 67875.021463 -14829.092035 2344.839695 -15363.677867 -12613.758645 -16606.512780 -18871.079504 -14717.248172
34428.088993 8566.378683 19403.612923 -25964.594589 -9412.526540 -1469.769641 -1877.250645 867.480496 -2889.057536 1163.193952 373.214846
31721.053814 7510.691985 15484.458537 -14024.261507 -10074.946939 -3134.692688 1724.795299 461.076276 -5871.296329 -1106.733050 -3154.929275
23130.104862 4220.587565 -5738.757156 -6495.462501 -13013.801136 -4190.987819 1817.627370 2625.427487 -10321.971133 -2469.500505 1289.324423
38364.695503 6432.779256 -1455.656009 -386.460860 -9993.338965 -3882.158448 2203.710871 -660.149205 -4621.476342 -4781.887485 -4728.045045
29267.636537 9054.924900 27728.393759 -24804.814202 -9042.209435 -1991.982530 1369.633098 -4803.631791 -2447.227000 387.395123 889.442118
25184.086743 -4023.399149 -2382.047852 -604.702796 17814.836459 15175.178303 -5668.389111 -7345.278068 -7183.818876 -1731.993029 -7532.758484
10728.278538 10485.355872 34646.644767 -40692.221533 -14170.095415 -1838.117955 -6247.930599 461.106167 670.303951 4009.606359 1455.871440
-54457.300484 -6892.586755 55563.165161 -38019.022189 67867.981057 47835.093458 -3780.042481 -22676.022003 25144.486415 -6977.550009 35908.267897
-7793.447514 29918.408711 26195.346383 -43489.213275 -26420.700487 507.261083 -18920.148358 3693.511591 -921.219020 -426.413800 1813.939585
-2260.881611 10167.107366 560.597848 2386.343872 -10724.140298 -11294.265897 -2215.311154 10310.033171 8425.316880 -10001.474158 180.687050
28212.845915 10513.598483 -3869.445026 26.305711 -13694.451811 -4778.486640 768.154811 1414.004362 -6830.526433 -5238.172444 -2960.620819
21192.628912 9457.095511 19898.329784 -15578.645310 -12097.723632 -5868.402734 1410.822739 473.227821 -1445.081501 -1562.471372 2677.473094
19802.843158 4133.928586 5353.293410 -9947.628164 -6434.112926 1743.658178 669.649504 -699.840844 -8267.938376 -525.117027 -2077.610472
27139.257187 12294.923112 26987.797234 -24800.555612 -12212.158611 -5565.665012 1800.493940 4851.822210 -3877.760679 73.058481 1484.521580
17909.241088 12867.230951 17726.251555 -16847.125327 -14477.112235 -8691.719858 2420.773973 9839.366068 -1363.952426 -4116.156601 4949.578963
23822.846056 12658.023275 33186.144425 -37858.112319 -14874.059355 3053.300247 -2536.045987 1301.895298 -6468.024276 2331.484878 -69.266261
11075.679595 16686.842052 12640.309148 -17114.759766 -18098.467162 -8575.649761 -5689.328581 11761.454169 -2353.113307 1337.879670 -3524.916447
-53999.729388 -3992.677676 28104.196566 -44503.367658 -9792.415728 14241.860169 -13688.586045 -6784.788132 -9972.579492 878.020830 3533.119177
9226.290205 -10076.673943 -34052.323272 56954.323999 9013.822802 -10551.071914 14316.778804 831.766602 -1247.623008 -10594.098376 -2003.133519
28669.474396 7957.058263 31055.154003 -29143.623234 -7166.586970 944.569884 1668.772482 -7036.707920 -2520.460675 830.437865 1206.232912
6147.161739 -9429.683376 -62400.154858 70674.154753 15009.169853 1093.070830 5569.270250 -7249.544488 -4856.046469 -10860.543080 -12357.300547
-6587.778999 -6511.201864 11950.126062 -68585.864866 -23682.973592 10542.127675 -2776.122208 1291.285472 1342.738022 -173.285203 1044.158874
-18337.930646 18492.654607 -22309.290445 -14072.840185 -37928.341639 3107.201187 -16721.885232 6251.770451 2829.835896 23900.700936 -31551.468878
19343.935967 11808.872204 33479.234387 -35940.687995 -8475.761281 4109.325899 -6689.177887 165.080183 -1052.868502 2523.860529 -19.304070
23556.497826 6031.940653 18338.401398 -10528.308378 -5154.380770 -3542.455854 3958.725802 -1032.213102 -2788.043954 -1938.360944 1055.933169
-1476.363335 2195.832561 32108.812957 -47735.246560 -8281.122607 10757.057262 -8708.799138 -8721.776892 1339.569319 -1243.053931 1333.533137
26615.899263 14261.358878 25904.893773 -25808.322369 -13644.821536 -5088.552783 1282.755438 5972.644289 -5888.587670 270.151988 2663.065678
-15960.286269 -11686.246592 9313.847924 25242.928576 16542.672016 -3080.005025 12570.819507 -12820.312419 2509.642885 -3566.558779 6195.447282
-69056.354429 30175.917471 15069.382809 -23588.874404 -19643.957473 -21987.090463 -5370.799868 53839.111647 -253.941637 1474.987792 14656.224455
-39767.764620 22253.878271 39955.233298 -41436.280956 5846.012524 9155.560646 -16375.916588 11869.304209 7491.235846 3801.747892 -10559.120784
30830.863810 6882.768360 9571.884820 -17224.291379 -13989.906024 -1952.411812 -637.782244 -114.496371 -4072.453569 409.403010 -4453.210197
24037.694318 13003.717824 10206.589353 -17268.773725 -14313.532481 -6669.696414 1507.101217 8256.192689 -7647.002276 1007.772156 2182.947677
20117.342736 8278.338851 7095.453142 -7663.273458 -2891.702215 1486.650991 -1989.454336 3824.291317 -4124.458420 -2834.967492 -5838.741448
20141.394092 4979.156847 19990.053960 -16834.501358 -12902.493004 -2278.749498 3479.802915 113.127517 -3810.443513 -858.898941 2763.546799
7302.397990 -20374.639290 -18420.868134 26005.454831 24685.915856 6467.909768 10469.833668 -33522.947345 1630.668871 -3425.978644 -6469.883147
-89000.444713 -3994.539387 37110.241251 -26961.276547 40267.923138 11738.088838 -1830.485098 7516.082891 21715.168401 830.325295 28390.393316
-41517.442168 -52610.556451 -91614.884476 154643.612329 41336.245626 -20004.819083 33707.293866 -40223.412862 18460.924227 -21205.338238 -13118.684366
27341.264176 13503.314400 23804.839531 -24388.737129 -11842.375101 -3100.460723 -563.285623 3487.653208 -4337.575258 -100.232266 -743.290667
28578.050111 8809.566665 19804.359962 -15316.866140 -10071.189403 -6201.479805 3789.882779 3842.766450 -3624.141066 -2087.443725 2284.494837
27328.251903 5113.249860 31683.794388 -24436.999291 -1554.384324 3936.887315 1667.574272 -11602.412785 -2863.547769 -41.326811 -1017.086791
25413.338569 11286.124917 34246.954343 -42721.281223 -12607.569270 -651.912285 -2785.091420 2671.714241 -4596.025847 3436.322809 2564.293125
32208.628406 4532.648767 29608.860652 -50624.514274 -12376.967846 2685.338619 -1842.918505 -2018.043286 -8483.761339 2480.983504 -731.228805
23797.277881 2981.971817 28355.559635 -44835.813359 -10259.502396 10793.524055 3432.152517 2130.142057 -8148.415395 6876.768004 -1873.190300
25550.038491 -10185.010963 -12141.270283 -21582.258984 -10151.371880 259.210202 -242.290536 -2901.506578 -7026.860999 -890.635285 -2570.321821
-23462.766479 -21538.135598 19569.424546 35905.906801 16908.219495 -17059.448298 25084.040926 -27032.967077 6906.028789 -2438.400145 10844.585905
31267.380533 5778.251363 20424.338777 -22875.406512 -10681.673659 -3832.828754 839.504436 -5987.892962 -1395.589890 525.742841 -1545.584852
3324.945007 -4622.315187 -21654.436237 30013.966181 1605.590583 -6742.836507 6925.510309 -56.992923 -1831.266596 -4779.123251 762.670688
33582.800781 13162.370489 23740.807602 -30075.893011 -17673.480663 -1952.495917 -3022.762210 499.324198 -5062.302606 192.942965 -1093.638696
23954.251614 4260.923924 -720.423181 2602.821081 -6318.710391 -3650.474078 4855.907903 -2451.746420 -6761.671203 -2977.711697 -1209.108399
20100.749044 2077.849346 1714.504517 -15761.276977 -8112.727759 506.687763 -4479.565337 -271.842751 -3686.914868 2739.779084 -104.294298
32311.393641 7290.103458 25067.426082 -23665.041903 -365.887366 7528.221306 -2038.010500 -2289.419184 -5926.607581 -2336.510519 -3381.284977
-22358.610382 -16755.055409 -5242.319821 -47431.855219 -18529.765446 -16951.886532 -4714.855669 26337.645132 -15753.078457 18838.043007 16989.680153
14146.553690 478.779339 8770.081440 8872.779367 -3782.674126 -10063.364535 9590.242736 882.048740 -4877.301399 741.061025 1274.304370
24936.359471 8485.919017 10421.708916 -7883.039541 -10105.196119 -6945.377897 4545.485284 5279.387722 -6838.127890 -1461.001113 394.259538
24597.109373 -1058.445827 2944.343851 7890.609971 819.360878 -752.110032 6200.340663 -13356.382139 -1947.860479 -4350.238774 -4518.144272
11526.865948 2160.531009 10441.896425 4406.293550 6543.756906 -138.662768 5533.671042 944.335184 -1847.981074 -2963.297185 612.209042
-38986.397572 17862.110862 -44320.628083 48533.616537 2421.819590 -4613.771941 -5417.599646 4383.769364 -2563.517557 -4639.126461 -14544.381394
-16789.634263 5425.800297 17617.164239 7428.640812 -2943.737518 -11530.084152 5941.244091 9455.548369 -4802.627930 2409.522599 6173.368291
20155.738745 8053.555947 16721.560543 -50551.697601 -25327.974158 -634.612729 -13363.471478 561.753138 -8945.852402 13676.837607 5482.483086
-159103.309047 -19284.227629 68366.521768 -27687.943205 -12784.944798 -21598.261331 4861.271705 -23711.940201 -6211.653391 8867.242516 8897.646896
8893.495916 -20893.624765 25744.011247 -59931.045553 2918.413250 20388.565308 16028.282271 -20488.037054 39463.759588 9344.278256 14769.519425
-90808.462047 -72691.293768 -76627.537976 136818.756237 140744.620997 90941.689372 10441.770627 -81477.173602 -1524.498164 -16210.132935 -47367.820191
-5532.731612 -274.942718 -43625.524188 50941.878967 11439.892725 585.132720 -1687.563091 9802.637423 1094.170365 -10922.340261 -10590.606699
-27145.152785 23788.157682 36753.426867 -47816.717291 2197.733900 30660.355684 -12512.934655 7889.812281 8281.248512 17454.702786 -18521.431248
19127.033327 -6432.782210 11886.425511 -40002.516527 -5288.386446 -9881.297557 -3839.118273 5948.514221 3122.990381 20492.732530 9457.134533
34170.283505 10313.654584 11063.301375 -14845.601137 -12497.936268 -1341.297219 -2154.377696 619.265813 -5050.812272 -1251.589932 -4352.439447
7132.797210 6552.762213 -42666.215720 10153.210504 -23616.056803 4525.607799 -6896.701266 -2121.542466 -3523.504332 5634.331617 -14583.625864
18328.393428 4379.765383 21191.551930 -18335.447564 -8643.291402 -6972.629751 3024.870887 -1298.580157 -2579.850586 3748.282628 4666.764737
30775.913269 9428.452136 28638.656134 -26701.199585 -10218.228965 -1711.781757 397.437944 -3084.267730 -3603.495551 112.600002 -810.883245
2340.512565 20555.607570 21687.457360 -28759.308689 -12514.005996 -4161.393854 -3150.490277 4802.699207 -8101.332539 6587.328252 326.846633
22012.865811 6829.633328 21763.919271 -14625.344816 -5400.428183 -3697.465601 3542.987520 521.017585 -1903.408287 -1630.561215 2559.627160
24620.397978 9120.756754 32825.630691 -44525.685202 -12945.277706 175.246686 4669.798474 4251.654484 -4844.962714 3175.053179 3675.774224
-47580.403075 -51878.544217 -209705.900452 194594.355500 18071.476036 -15259.690464 15122.202999 22877.944742 -9098.691577 19248.628669 -17486.530065
28719.124212 5203.175566 24388.344608 -25634.230336 14529.258413 20478.122152 -6248.418278 -4809.535873 -5172.603414 -543.850366 -3155.345758
23499.990388 1456.121923 25071.544514 -56791.391847 -14727.178491 -5328.469368 -405.934224 -2888.915168 -6164.806630 -2155.652700 2194.753452
28526.781231 7958.814667 10106.842800 -8641.895914 -9999.163282 -6597.634328 2620.482610 3767.418284 -3121.339582 -1790.971124 -432.638694
23258.725298 8076.938219 9295.103327 -8796.363947 -7972.108133 -5176.495541 2145.043349 3312.898784 -1725.644613 -2452.736450 1620.033488
28667.639797 5238.449244 2721.822327 -12955.556533 3980.192235 9090.971540 -5967.028028 -1651.544927 -4924.033482 -197.782441 -1264.109519
11431.902596 -20308.715504 -51714.566163 54735.048722 34644.368143 17678.706624 -556.865060 -28085.108956 14588.566330 -9790.806466 -4834.490342
