-0.433466 -0.235293 -0.275557 -0.350161 -0.357421 -0.298904 -0.336213 -0.168683 0.186738 0.990220 2.149571 2.392612 0.344701 -0.472350 -0.555499 -0.288913 -0.421800 -0.234742 -0.256338 -0.335190 -0.369419 -0.389508 -0.361801 -0.256738 -0.124153 0.626604 0.795865 1.656257 1.202488 0.518168 -0.439925 -0.263076 -0.445007 -0.365179 -0.411932 -0.264537 -0.321574 -0.331389 -0.343059 -0.306708 -0.378625 -0.286378 -0.009681 0.496885 1.008359 1.347248 2.532645 0.945008
0.973133 -0.200716 -0.224907 -0.221260 0.027394 -0.041427 -0.131272 -0.180706 -0.232414 -0.306140 -0.460853 -0.519574 -0.348264 -0.436198 -0.333856 0.071714 1.374301 -0.144264 -0.132899 -0.075597 0.087122 -0.060609 -0.195983 -0.237707 -0.343556 -0.379439 -0.363825 -0.431637 -0.368816 -0.369126 0.161586 -0.205323 1.398795 -0.179519 -0.295718 -0.163188 -0.047804 0.141067 -0.091540 -0.222872 -0.305928 -0.285455 -0.225869 -0.337749 -0.366530 -0.318280 -0.477316 -0.265211
0.279715 0.051280 -0.160362 -0.240919 -0.232964 -0.210707 -0.278496 -0.280319 -0.099558 0.202748 0.718520 4.111497 3.929611 3.527917 3.146511 -0.043708 0.426500 0.407607 -0.130691 -0.230783 -0.297558 -0.309459 -0.258981 -0.233627 -0.274120 -0.039327 0.027900 1.381081 5.271883 3.546793 3.854565 -0.038703 0.128654 0.068220 -0.223607 -0.198772 -0.253898 -0.268753 -0.295335 -0.277280 -0.329954 -0.153102 -0.041853 0.085126 3.322327 5.344558 5.014020 0.039025
-0.407339 0.293417 -0.153706 -0.232636 -0.200997 -0.067187 0.003464 0.038753 0.007314 -0.148259 -0.251433 -0.284110 -0.244098 -0.089487 0.843439 0.086052 -0.393821 0.962156 -0.094632 -0.165479 -0.092766 -0.036526 -0.033183 -0.071613 -0.118884 -0.203400 -0.243673 -0.286726 -0.141923 0.055074 0.607357 -0.197704 -0.350015 0.576913 -0.058358 -0.058654 0.001530 0.010419 -0.036993 -0.142755 -0.242082 -0.265239 -0.181161 -0.168054 -0.154971 -0.084761 -0.012277 -0.232704
-0.396788 -0.320361 -0.274964 -0.322848 -0.325281 -0.273853 -0.328556 -0.354003 -0.349693 -0.368722 -0.449190 -0.454537 -0.310106 -0.341608 -0.177492 -0.243673 -0.363977 -0.413987 -0.233636 -0.296487 -0.328844 -0.350286 -0.338243 -0.276871 -0.403858 -0.397119 -0.347100 -0.395606 -0.338742 -0.342011 -0.249291 -0.229153 -0.405670 -0.385238 -0.410754 -0.227751 -0.272071 -0.282989 -0.306477 -0.289729 -0.389490 -0.400453 -0.319699 -0.392539 -0.383517 -0.266846 -0.286116 -0.255614
-0.435922 -0.344011 -0.200297 -0.166760 -0.015456 0.270750 0.204141 0.330752 0.179127 0.024698 -0.071330 0.183621 0.149964 0.423767 0.507453 -0.139533 -0.423408 -0.491481 -0.130164 -0.069163 0.049340 0.260949 0.020283 -0.078112 0.068387 0.176513 0.120435 0.025310 0.268322 0.437947 0.725954 -0.154080 -0.444885 -0.376342 -0.282708 -0.171948 -0.106900 -0.030192 0.044049 0.008532 0.052292 0.201355 0.105938 0.167453 0.444290 0.308175 0.915190 0.516283
1.831685 1.145878 0.823559 0.814721 0.625420 0.014864 -0.210309 -0.289075 -0.308895 -0.341746 -0.425864 -0.462512 -0.327419 -0.435045 -0.459179 -0.243651 -0.422314 -0.491109 -0.263050 -0.198114 0.239908 1.041349 1.326238 0.695726 0.683120 -0.214029 -0.337167 -0.400963 -0.364440 -0.406127 -0.515206 -0.262469 -0.444641 -0.417914 -0.484043 -0.236893 -0.204823 -0.129663 -0.058799 0.086138 1.008006 2.038257 1.352970 1.241407 0.525065 -0.116405 -0.439911 -0.260196
0.357034 0.100800 -0.078509 -0.209339 -0.219047 -0.179830 -0.217359 -0.228653 -0.233865 -0.204034 0.353821 2.097523 3.233945 1.353590 -0.209089 -0.208634 0.567680 0.468434 -0.009459 -0.159492 -0.224654 -0.253482 -0.247108 -0.218942 -0.280081 -0.226491 0.017901 0.891950 1.701386 3.177851 0.678609 -0.165800 0.179682 0.059794 0.051199 -0.128908 -0.183552 -0.196289 -0.217975 -0.215159 -0.265861 -0.196397 -0.025656 0.559296 1.575860 2.907723 0.632400 -0.065495
-0.375741 -0.313515 -0.297773 -0.357291 -0.363153 -0.306338 -0.373507 -0.403125 -0.388350 -0.401294 -0.485849 -0.490711 -0.300212 -0.215897 -0.433651 0.495313 -0.347576 -0.426710 -0.276564 -0.340777 -0.375577 -0.397367 -0.377017 -0.300078 -0.444854 -0.441102 -0.372419 -0.405746 -0.299835 -0.254100 -0.486642 0.531326 -0.365238 -0.379443 -0.493703 -0.277614 -0.326380 -0.333113 -0.341709 -0.306866 -0.413110 -0.419677 -0.330252 -0.380691 -0.320661 -0.272363 -0.453336 0.573387
-0.246894 -0.259732 -0.261151 -0.340064 -0.350264 -0.292940 -0.340173 -0.320573 -0.284628 -0.297961 -0.426207 -0.486058 -0.331498 -0.477275 -0.549152 -0.288298 -0.260874 -0.326001 -0.239216 -0.311616 -0.363238 -0.387842 -0.364061 -0.279686 -0.364131 -0.317346 -0.257639 -0.370607 -0.343655 -0.402247 -0.566369 -0.270195 -0.304103 -0.341208 -0.430177 -0.251648 -0.311048 -0.324964 -0.336482 -0.294140 -0.347780 -0.282986 -0.226810 -0.326795 -0.395367 -0.345445 -0.473624 -0.264755
0.447975 0.450059 0.296683 0.288840 0.298869 0.279671 0.435433 0.433938 0.611501 0.698256 1.087664 1.083098 0.390280 0.444166 0.364293 0.357853 1.391281 1.095120 0.295061 0.280632 0.284487 0.313064 0.448809 0.439244 1.047067 1.081978 0.608216 0.373611 0.066849 -0.086155 0.158238 0.411043 2.677826 0.668631 0.500325 0.130711 0.268984 0.557447 0.829421 0.571116 0.899676 1.008211 0.246871 -0.082028 -0.165536 -0.168967 -0.046213 0.408321
-0.435922 -0.346315 -0.195380 0.485841 1.613728 1.409618 1.960612 1.895544 1.889825 2.452441 2.718116 2.134361 1.161903 1.461418 1.396621 8.834296 -0.423408 -0.456361 -0.002276 0.602330 1.340337 1.844527 1.329931 0.877951 1.865897 2.121850 2.274412 2.416164 1.555945 1.292329 1.701879 9.162598 -0.445007 -0.422725 -0.508925 -0.260173 -0.079522 0.254402 1.030308 1.205186 2.320614 2.927572 1.986500 2.501822 3.999661 3.151965 3.981761 10.581014
-0.412866 4.023800 1.486741 -0.081014 -0.245486 -0.250211 -0.306100 -0.321217 -0.299195 -0.313777 -0.371771 -0.369339 -0.241134 -0.276535 -0.431844 -0.260131 -0.422121 -0.468489 0.001231 0.246786 1.897165 2.014041 -0.257384 -0.252460 -0.356766 -0.347573 -0.307137 -0.336277 -0.259696 -0.248303 -0.396766 -0.250163 -0.272987 7.730533 0.819984 -0.132999 -0.213462 -0.258575 -0.294120 -0.281522 -0.374774 -0.369621 -0.291495 -0.348926 -0.336276 -0.237078 -0.097043 -0.137690
-0.419565 -0.324114 -0.125365 -0.039054 -0.010111 0.260057 0.719993 0.582594 0.201518 -0.162776 -0.329588 -0.294459 -0.135401 -0.152535 -0.051427 -0.093551 -0.394657 -0.378160 -0.004551 0.047995 0.197852 0.344101 0.320193 -0.021637 0.178243 0.083696 -0.130496 -0.286025 -0.220014 -0.052916 0.350755 -0.099169 -0.406949 -0.292686 0.100558 -0.007222 0.128519 0.140267 0.215987 0.107072 0.132232 0.201539 -0.016814 -0.134075 -0.220530 -0.096905 0.604841 -0.178655
-0.042180 0.184041 0.429800 0.975643 1.145911 0.937781 1.373247 1.419400 1.334684 1.410868 1.547607 1.628842 0.526581 0.598100 0.789974 0.380102 0.505741 1.218708 0.681391 1.047607 1.012745 1.148161 1.064672 0.663267 1.694143 1.937057 0.994587 0.957656 0.388263 0.257216 0.594958 0.755027 1.886294 1.902216 2.805849 0.959079 1.048039 1.006154 0.863622 0.528397 1.176543 1.216053 0.673740 0.482293 0.228324 0.171643 0.496805 -0.189620
-0.181354 1.540658 0.780464 0.574659 0.531392 0.947627 1.123262 1.061523 0.809315 0.787434 1.942041 6.218833 8.374090 7.623158 0.423827 -0.279750 -0.060135 5.251933 1.495009 1.112797 0.993843 0.289934 0.128964 0.199821 0.950115 1.217678 1.563945 3.139891 9.151342 5.576559 0.241104 -0.269197 -0.118931 3.548243 3.158104 1.028514 0.413113 -0.005710 0.084362 0.285681 0.233443 1.279725 1.414679 2.296624 8.382551 7.183176 0.113548 -0.264459
-0.283070 -0.175816 -0.258431 -0.338376 -0.347301 -0.291902 -0.347579 -0.367539 -0.317019 -0.304659 -0.363497 -0.218124 -0.180677 -0.209191 -0.219374 -0.177202 -0.209226 -0.151482 -0.224369 -0.318461 -0.350147 -0.369493 -0.343905 -0.260569 -0.369092 -0.338324 -0.249028 -0.213240 -0.199248 -0.271865 -0.359780 -0.220059 -0.208990 -0.243267 -0.379560 -0.256598 -0.297602 -0.291612 -0.298219 -0.281581 -0.352832 -0.281140 -0.175277 -0.222174 -0.257074 -0.264552 -0.393295 -0.238563
-0.350285 -0.240362 -0.201933 -0.225800 -0.232801 -0.218487 -0.217927 -0.199022 -0.051379 0.170103 0.047266 -0.072035 0.159858 1.696598 1.275283 -0.267661 -0.411509 -0.336865 -0.196837 -0.254368 -0.251902 -0.220502 -0.188981 -0.136136 0.073618 0.402356 -0.146329 0.100327 0.975694 0.494092 -0.487165 -0.266267 -0.437639 -0.365714 -0.361963 -0.225862 -0.270005 -0.231287 -0.174570 -0.104100 0.081283 0.458883 0.118013 0.096791 1.139475 0.291042 -0.371069 -0.254953
-0.199442 -0.116783 -0.101860 -0.143672 -0.173804 -0.126262 -0.000114 0.045335 -0.069079 -0.124461 -0.055345 0.041678 -0.095430 -0.057667 1.330879 -0.060676 -0.122782 0.001349 -0.071784 -0.129074 -0.165020 -0.156955 -0.052664 -0.057875 -0.087291 -0.120846 -0.101722 -0.025750 -0.057985 -0.162870 1.339445 0.098596 -0.040016 -0.107112 -0.121640 -0.126824 -0.141705 -0.130542 -0.066224 -0.047240 -0.043053 -0.064598 -0.024083 0.027308 -0.182368 -0.239609 0.288339 0.618113
-0.435922 -0.346891 -0.304286 -0.145339 0.085189 -0.047980 -0.053673 0.039139 0.118027 -0.151419 -0.398167 -0.464348 -0.348037 -0.467459 -0.473495 -0.231562 -0.423408 -0.502307 -0.284475 -0.135119 0.114617 -0.010342 -0.095726 -0.077767 0.102250 -0.104180 -0.317963 -0.394054 -0.365336 -0.406899 -0.472779 -0.208296 -0.445007 -0.422682 -0.506835 -0.128541 0.095540 0.029998 -0.033961 -0.054400 0.045650 -0.080245 -0.283337 -0.380122 -0.408855 -0.336232 -0.401052 -0.194771
-0.408009 -0.214228 0.002916 -0.089455 -0.179699 -0.137620 -0.112037 -0.105911 0.079512 0.131192 0.031527 -0.024815 -0.122921 0.201196 0.542757 -0.037961 -0.399867 -0.264542 -0.056421 -0.012978 -0.142730 -0.192543 -0.157139 -0.131643 -0.007433 0.290373 0.111164 -0.131335 -0.094126 -0.107612 0.932020 -0.020276 -0.424303 -0.306329 -0.294784 -0.075032 -0.109432 -0.126158 -0.118574 -0.111022 -0.076425 0.407373 0.003095 0.024442 0.035879 -0.073146 0.399918 0.221507
-0.435252 -0.226883 0.170334 -0.121717 -0.260970 -0.254758 -0.327183 -0.348337 -0.285389 0.763708 6.835167 4.803931 1.135772 1.051485 0.325515 -0.256738 -0.423343 -0.245419 -0.065374 -0.180209 0.041690 -0.233382 -0.335272 -0.272568 -0.345883 0.083394 4.810199 3.744279 1.336113 0.635578 -0.056094 -0.261883 -0.434533 -0.262791 -0.067877 -0.170909 -0.245507 -0.283665 -0.288880 -0.017673 -0.175038 -0.171495 2.327578 7.097682 1.890407 0.229649 -0.410338 -0.265074
-0.435922 -0.346891 -0.304726 -0.208290 -0.211014 -0.208270 -0.189174 0.323332 0.193394 -0.261506 -0.436667 -0.497863 -0.340070 -0.459705 -0.503841 -0.239961 -0.423408 -0.502307 -0.284508 -0.180883 -0.209285 -0.261848 -0.235341 0.026437 0.335978 -0.262712 -0.336589 -0.416353 -0.357200 -0.395398 -0.511282 -0.216174 -0.445007 -0.422725 -0.507707 -0.181043 -0.189907 -0.210209 -0.206046 -0.009386 0.441870 -0.204659 -0.295891 -0.404001 -0.404447 -0.324307 -0.425255 -0.199353
-0.435922 -0.346463 -0.289983 -0.104888 -0.229431 -0.278660 -0.341256 -0.375828 -0.371252 -0.383762 -0.458913 -0.488622 -0.339352 -0.433962 -0.365592 0.299124 -0.423408 -0.501191 -0.275331 -0.110174 -0.194523 -0.352013 -0.342996 -0.284877 -0.427202 -0.423077 -0.357826 -0.411379 -0.358533 -0.387358 -0.379554 0.352790 -0.436908 -0.411049 -0.350334 -0.069825 -0.250413 -0.298950 -0.317829 -0.288869 -0.376293 -0.368606 -0.261479 -0.277350 -0.303009 -0.284197 -0.308007 -0.194498
-0.394667 -0.180029 0.011698 0.099305 0.071435 0.056278 0.140325 0.282595 0.290478 0.138017 0.161466 0.402849 0.286737 1.022773 0.212145 -0.205856 -0.385267 -0.133475 0.057650 0.118372 0.058674 0.089154 0.071653 0.050762 0.345478 0.227913 0.026099 0.117078 0.262037 0.530954 1.138453 -0.148502 -0.388682 -0.168849 0.207659 0.043461 0.075908 0.147762 0.157194 0.073035 0.201184 0.266758 0.082643 0.097767 0.206464 0.230523 0.700198 0.027467
-0.435922 -0.346924 -0.305605 -0.359881 -0.361809 -0.294461 -0.306747 -0.215793 -0.090602 -0.112093 -0.247799 -0.386873 -0.338521 -0.490757 -0.551005 -0.285753 -0.423408 -0.502344 -0.285158 -0.343714 -0.375017 -0.386937 -0.339827 -0.222919 -0.141786 -0.046441 -0.168525 -0.320079 -0.357896 -0.428380 -0.563021 -0.267222 -0.444946 -0.421699 -0.499589 -0.262937 -0.262727 -0.193967 -0.148308 -0.170660 -0.263087 -0.334981 -0.317972 -0.418857 -0.436053 -0.357625 -0.468887 -0.262020
0.020178 9.935249 11.165229 10.821189 9.595995 7.380001 9.479694 10.142150 10.598753 9.868504 4.967941 3.760042 5.707980 0.688847 -0.562449 -0.288976 -0.423408 -0.384894 11.371269 11.140756 10.782950 10.201400 9.291969 5.579718 10.250113 9.874480 9.475651 8.293708 2.291980 7.630541 1.404419 -0.270521 -0.445007 -0.422725 7.207486 11.409693 10.968630 11.081630 10.815594 6.665099 7.811453 9.675912 10.596119 6.074942 2.577420 5.699315 0.194548 -0.265211
-0.435922 -0.198017 0.286796 1.626776 0.045627 -0.142954 -0.151945 -0.197751 -0.149879 -0.177347 -0.192184 0.096556 0.308866 0.471795 -0.219791 -0.266112 -0.423408 -0.502307 0.000357 0.172638 0.498949 1.181974 0.018081 -0.123500 -0.179359 -0.164570 -0.114481 0.180170 0.440615 0.109489 -0.363651 -0.262621 -0.445007 -0.422725 -0.077091 0.036926 0.065998 0.148574 0.759399 0.498207 -0.042594 -0.165241 -0.192672 -0.212907 -0.035526 0.424042 1.170458 -0.243578
-0.432405 -0.150603 1.159776 1.160565 0.739697 0.353034 0.257489 0.127067 0.131815 0.212010 0.611023 1.533897 1.246281 3.126927 4.810319 1.863205 -0.423408 -0.445721 0.338504 0.728184 0.935970 0.993351 0.779268 0.285313 0.466563 0.559121 0.771702 2.198829 2.273024 1.518827 1.781188 0.718738 -0.444702 -0.382651 0.960837 0.655421 0.608721 0.562441 0.715590 0.455132 0.763698 1.211945 1.622196 2.950548 1.596945 0.261639 -0.064151 1.041937
0.195529 -0.269343 -0.266887 -0.313821 -0.293640 -0.235914 -0.258601 -0.223760 -0.187049 -0.235090 -0.320601 -0.317183 -0.222404 -0.107720 -0.045729 -0.180659 0.224346 -0.404983 -0.253436 -0.282672 -0.315360 -0.290337 -0.246887 -0.195882 -0.193839 -0.212973 -0.253656 -0.264640 -0.189581 -0.134680 -0.239038 -0.240439 0.126341 -0.368216 -0.476919 -0.264990 -0.295814 -0.257944 -0.202291 -0.162710 -0.173890 -0.157118 -0.170984 -0.175716 -0.114152 -0.158407 -0.395719 -0.264459
-0.432963 -0.337757 -0.290617 -0.337580 -0.345174 -0.196626 -0.130083 -0.160571 -0.372579 -0.404617 -0.500581 -0.546602 -0.374905 -0.492190 -0.464183 -0.284904 -0.420771 -0.487760 -0.268148 -0.318175 -0.344314 -0.292921 -0.248856 -0.200410 -0.297464 -0.291991 -0.383344 -0.447389 -0.397618 -0.436865 -0.463519 -0.262100 -0.431245 -0.410515 -0.432045 -0.198866 -0.126095 -0.306637 -0.332493 -0.302377 -0.410848 -0.419216 -0.216651 -0.322934 -0.424713 -0.358553 -0.477390 -0.265211
-0.426320 -0.055249 0.047390 -0.084453 -0.181572 -0.191448 -0.217148 -0.149336 -0.024546 -0.084756 0.041864 0.264545 0.125834 0.425409 0.237997 -0.076753 -0.421478 -0.069263 0.130262 0.002254 -0.166254 -0.230195 -0.235154 -0.150098 -0.016778 -0.016882 0.021174 0.148603 0.173702 0.042942 -0.015132 -0.099234 -0.439222 -0.135617 0.283931 -0.045803 -0.150762 -0.168640 -0.128011 -0.077905 -0.082997 0.107680 0.140949 0.135283 0.030896 -0.124853 -0.189864 -0.141429
0.504192 0.217565 0.282625 0.212710 -0.165670 -0.286197 -0.356200 -0.388897 -0.381535 -0.393386 -0.478777 -0.495268 -0.344979 -0.449261 0.010238 0.016315 -0.414017 -0.443303 -0.209578 -0.296807 -0.231586 -0.141950 0.232519 -0.148006 0.363534 0.183175 -0.365709 -0.414079 -0.350179 0.145252 -0.467966 -0.255328 1.030826 -0.238412 0.940501 0.079755 -0.084139 0.086581 -0.334690 -0.306036 -0.416378 -0.429486 -0.344397 -0.420727 -0.414038 -0.337252 -0.418281 -0.247316
-0.435866 -0.346315 -0.304317 -0.355551 -0.351027 -0.298455 -0.350669 -0.379997 -0.362437 -0.367349 -0.468047 -0.372156 -0.074114 0.247827 -0.196950 -0.168866 -0.422057 -0.497396 -0.278446 -0.327557 -0.367815 -0.378173 -0.360485 -0.284377 -0.405550 -0.412211 -0.361644 -0.196489 -0.171700 0.041329 -0.144663 -0.214590 -0.437882 -0.418277 -0.499204 -0.266708 -0.318545 -0.310987 -0.316945 -0.275213 -0.376275 -0.384645 -0.323992 -0.201912 -0.242057 -0.210151 0.262868 -0.257278
0.591895 -0.036685 0.025531 0.075662 -0.107061 -0.122286 -0.074386 -0.043687 0.067883 0.174490 0.132787 -0.059850 -0.192705 -0.338535 -0.459272 -0.177265 0.778645 0.410062 0.195545 0.045161 -0.132186 -0.135262 -0.118620 -0.100139 0.122152 0.232979 -0.030374 -0.184138 -0.224072 -0.345728 -0.469483 -0.161351 1.552242 0.828780 0.158300 -0.094675 -0.100862 -0.074534 -0.020168 -0.000299 0.037682 -0.066975 -0.175209 -0.282126 -0.351181 -0.333683 -0.424472 -0.161717
-0.435922 0.649062 0.451117 0.426654 0.487524 0.365517 0.530616 0.770714 1.080000 0.978808 1.243875 1.408760 0.468900 0.395195 -0.272561 -0.288510 -0.256050 4.030816 0.697538 0.604467 0.491298 0.356341 0.339709 0.299214 0.908157 0.869955 0.571427 0.589395 0.406105 0.199434 -0.078747 -0.267243 -0.439100 1.765676 1.420944 0.322238 0.472506 0.466543 0.496811 0.503429 1.046377 1.326482 0.726846 0.583338 0.140130 -0.274074 -0.477427 -0.265211
-0.043910 -0.215709 -0.271191 -0.329988 -0.316902 -0.222351 -0.197755 -0.220236 -0.270557 -0.299495 -0.401138 -0.478178 -0.345809 -0.448213 -0.472244 -0.231477 0.037758 -0.208774 -0.250567 -0.318392 -0.339580 -0.315471 -0.233150 -0.190141 -0.270082 -0.304086 -0.310443 -0.397455 -0.362113 -0.390490 -0.466501 -0.211920 0.074583 -0.259070 -0.457780 -0.261376 -0.289538 -0.243663 -0.191443 -0.180242 -0.247576 -0.296533 -0.304015 -0.389856 -0.395079 -0.331207 -0.440843 -0.222902
-0.435922 -0.346808 -0.303570 -0.280741 -0.125569 0.003886 0.185606 0.306689 -0.023484 -0.128253 0.169863 0.688380 0.141260 -0.425125 -0.545538 -0.288976 -0.421800 -0.467113 -0.210765 -0.086189 0.047837 0.116606 0.076768 -0.131996 -0.307078 -0.258034 -0.068007 0.376460 0.316855 -0.311578 -0.495797 -0.270477 -0.444519 -0.409189 -0.368011 -0.124973 -0.015928 0.030505 0.035606 -0.047566 -0.113171 -0.253746 -0.257545 -0.218292 0.303163 0.482485 0.028186 -0.235531
-0.435922 -0.346644 -0.233679 0.431928 0.436387 0.055872 -0.041844 -0.131438 -0.169455 -0.218966 -0.269873 -0.275375 -0.223745 -0.233152 -0.106977 0.532217 -0.423408 -0.372356 0.234999 0.388215 0.157626 0.007524 -0.091741 -0.131247 -0.150054 -0.159654 -0.199265 -0.241554 -0.226757 -0.242530 0.143380 0.392465 -0.444824 -0.326174 0.638316 0.213253 0.132352 0.033131 -0.066739 -0.146591 -0.188129 -0.180265 -0.179793 -0.243126 -0.248658 -0.186027 0.718397 0.028014
-0.432405 -0.341048 -0.285965 -0.022655 0.008407 0.028746 0.134846 0.077542 -0.057609 -0.188686 -0.270486 -0.296801 -0.267945 -0.371822 -0.382456 -0.206704 -0.395429 -0.498214 -0.115698 0.181425 0.235611 0.137961 -0.044706 -0.168019 -0.238335 -0.271746 -0.283851 -0.360765 -0.342978 -0.385044 -0.397603 -0.238269 -0.416753 -0.419881 -0.169985 0.010055 0.238051 0.228094 0.032661 -0.155887 -0.228302 -0.258015 -0.263651 -0.370245 -0.398600 -0.323597 -0.361149 -0.243920
4.938584 1.350032 0.647654 0.988843 0.661296 0.063263 0.002236 -0.003691 0.084167 0.060539 0.108896 0.204129 -0.024023 0.061792 0.283401 -0.053465 4.039091 2.409728 0.405345 0.332624 0.081771 0.229526 0.406213 0.766034 0.925502 0.088224 -0.075493 -0.009531 0.112001 0.245832 0.716537 0.073528 4.959195 1.833615 0.834881 0.022015 0.102650 0.203917 0.422690 0.731292 0.956614 0.017514 -0.058768 -0.129279 0.003078 0.139872 0.593653 0.151227
-0.312993 -0.230734 -0.182804 -0.187362 -0.194878 -0.158712 -0.141027 -0.156692 -0.211988 -0.343461 -0.478532 -0.527075 -0.368089 -0.490443 -0.535902 -0.285689 -0.365071 -0.331210 -0.170347 -0.088760 -0.146140 -0.165683 -0.179555 -0.166435 -0.329942 -0.410357 -0.376320 -0.439354 -0.389244 -0.423682 -0.541520 -0.266701 -0.314698 -0.195087 -0.109808 -0.109672 -0.132421 -0.126575 -0.141068 -0.244410 -0.394666 -0.424962 -0.344397 -0.426641 -0.437138 -0.352217 -0.453336 -0.259056
-0.048823 0.012177 -0.127717 -0.162786 -0.192873 -0.207786 -0.306985 -0.368376 -0.371730 -0.395860 -0.489041 -0.530366 -0.365446 -0.486461 -0.517462 -0.279750 0.017240 0.152951 -0.152643 -0.194263 -0.210856 -0.214635 -0.245372 -0.249172 -0.397282 -0.416631 -0.370453 -0.433125 -0.378404 -0.418212 -0.509503 -0.266093 -0.305138 -0.006498 -0.177312 -0.167357 -0.177236 -0.177691 -0.229988 -0.260914 -0.376434 -0.404838 -0.336409 -0.419223 -0.428301 -0.346792 -0.437487 -0.251351
3.145221 3.406582 1.553698 1.834807 1.797426 1.035461 0.674395 0.203278 0.033333 -0.118810 -0.185579 -0.192900 -0.173522 -0.058679 0.210616 -0.130498 4.026742 6.367059 1.165366 1.234355 1.496298 1.740854 1.392463 0.479898 0.461582 0.168040 -0.043761 -0.091924 -0.034534 -0.069980 0.419287 -0.156728 0.068859 4.329161 3.004464 0.970610 1.415859 1.515851 1.198834 0.484245 0.404736 0.233941 -0.031369 -0.103733 -0.126400 -0.093683 0.150282 0.013106
-0.435252 -0.311244 -0.207107 -0.237302 -0.204651 -0.101799 0.097393 0.316427 0.386216 0.182958 -0.089107 -0.338356 -0.328194 -0.473118 -0.519825 0.126753 -0.423215 -0.447581 -0.174706 -0.186082 -0.165603 -0.046860 0.131015 0.125477 0.338324 0.046030 -0.225692 -0.355323 -0.363426 -0.417885 -0.541415 0.162144 -0.444641 -0.398432 -0.291293 -0.064938 0.037309 0.136367 0.172595 0.056907 0.018320 -0.155525 -0.253560 -0.377500 -0.410206 -0.340602 -0.447407 0.188749
0.431506 0.077019 -0.218844 -0.306156 -0.318460 -0.276412 -0.337956 -0.368521 -0.360455 -0.375637 -0.471288 -0.509795 -0.357912 -0.462744 -0.410949 -0.285901 -0.008230 0.513598 -0.137246 -0.262355 -0.326331 -0.355115 -0.337800 -0.280151 -0.414146 -0.412211 -0.367180 -0.430064 -0.382422 -0.416669 -0.360250 -0.268112 0.071721 0.078356 -0.316196 -0.219538 -0.271167 -0.278435 -0.300501 -0.287218 -0.381575 -0.392076 -0.327344 -0.412760 -0.423894 -0.344225 -0.343547 -0.257096
-0.435811 0.017180 -0.070115 0.354140 0.694281 0.076341 -0.286918 -0.390104 -0.396987 -0.414222 -0.509740 -0.552647 -0.378964 -0.515662 -0.562449 -0.288976 -0.423279 0.495704 0.810321 0.774794 0.092338 -0.341305 -0.372951 -0.302918 -0.457430 -0.456862 -0.392814 -0.454829 -0.401616 -0.440371 -0.573379 -0.270521 -0.444763 0.571995 1.522220 0.398628 -0.015332 -0.289042 -0.345992 -0.316676 -0.432348 -0.447833 -0.357190 -0.439383 -0.448323 -0.364307 -0.477726 -0.265211
0.455735 0.202655 -0.004752 -0.151273 -0.231559 -0.225887 -0.277994 -0.300309 -0.286947 -0.309372 -0.362195 -0.327912 -0.161343 0.218277 1.191518 0.917660 1.333266 0.481790 -0.034705 -0.127645 -0.220234 -0.280487 -0.285638 -0.239368 -0.331095 -0.326509 -0.279917 -0.277628 -0.109004 0.344239 2.295647 0.222112 -0.445007 -0.397919 -0.193285 0.024053 0.029553 -0.083619 -0.165022 -0.197716 -0.223444 -0.141102 0.021396 0.266689 0.543403 -0.042740 -0.437972 -0.241412
3.620861 0.866069 -0.022143 -0.234052 -0.307506 -0.254144 -0.281083 -0.281977 -0.256043 -0.190799 -0.054510 0.152827 0.132669 0.294737 0.054576 -0.115715 2.242862 2.881166 0.057942 -0.111157 -0.279744 -0.322062 -0.295821 -0.235055 -0.285100 -0.097690 -0.085641 -0.006618 0.075999 0.022209 0.037287 -0.015957 2.194467 1.637391 0.153409 -0.155537 -0.241893 -0.263929 -0.266570 -0.213152 -0.160304 -0.077660 -0.034088 0.015541 -0.005826 -0.115239 -0.148320 -0.036749
-0.431289 -0.341674 -0.300636 -0.344583 -0.315345 -0.225264 -0.219762 -0.220058 -0.160800 -0.190438 -0.179686 -0.206983 -0.182905 -0.342132 -0.543315 -0.283547 -0.396522 -0.465029 -0.271779 -0.326082 -0.350943 -0.329004 -0.226451 -0.166160 -0.175783 -0.203594 -0.185415 -0.202122 -0.247980 -0.303023 -0.541154 -0.268198 -0.304834 -0.379956 -0.480227 -0.253272 -0.240185 -0.188658 -0.192315 -0.189577 -0.223108 -0.175580 -0.184736 -0.300497 -0.302743 -0.322176 -0.474817 -0.264710
-0.435811 -0.341147 -0.247256 -0.196348 -0.022033 0.143507 0.143955 -0.042528 -0.175579 -0.265424 -0.393428 -0.430769 0.562266 0.208147 -0.560318 -0.288913 -0.423086 -0.489025 -0.230509 -0.170793 0.075354 0.347288 0.077630 -0.152069 -0.342940 -0.344361 -0.326094 -0.390908 0.278983 0.445497 -0.571025 -0.270477 -0.444093 -0.405104 -0.239113 0.108750 0.263254 0.098900 -0.157439 -0.261903 -0.396274 -0.418339 -0.318365 -0.359880 -0.385444 -0.314675 2.162329 -0.257027
-0.435922 -0.346907 -0.302037 -0.072563 -0.153280 -0.188958 -0.241280 -0.270195 -0.308913 -0.359477 -0.448871 -0.490015 -0.343072 -0.445000 -0.444214 -0.093827 -0.423408 -0.480357 -0.029943 -0.134936 -0.221064 -0.256790 -0.254017 -0.238137 -0.387456 -0.406605 -0.361495 -0.418649 -0.370587 -0.406571 -0.473406 -0.071757 -0.444032 -0.416545 -0.140353 -0.077609 -0.105211 -0.172968 -0.271393 -0.285457 -0.397758 -0.410769 -0.333724 -0.412638 -0.418733 -0.334084 -0.402618 -0.105890
-0.435922 -0.346924 -0.305677 -0.359965 -0.172634 0.101124 -0.191642 -0.288206 -0.278504 -0.280410 -0.279154 -0.232619 -0.187210 -0.079043 0.301284 0.678945 -0.423408 -0.502344 -0.282559 -0.004614 0.012658 -0.206945 -0.282714 -0.234470 -0.286984 -0.262087 -0.251821 -0.266787 -0.203167 -0.125120 0.286774 0.515026 -0.443910 -0.421677 -0.506835 -0.270307 0.059771 0.023652 -0.163390 -0.211787 -0.249254 -0.233276 -0.203806 -0.247638 -0.200397 -0.116241 0.123394 0.438001
-0.390591 -0.265130 -0.260037 -0.298785 -0.301000 -0.225273 0.467262 0.582256 -0.051733 0.054238 0.667252 0.652839 -0.116785 -0.385934 -0.543083 -0.288701 -0.391055 -0.321239 -0.234611 -0.286923 -0.314990 -0.319684 -0.140152 0.512796 0.109672 0.064594 0.397760 0.475455 -0.102261 -0.352226 -0.548216 -0.270087 -0.394893 -0.319203 -0.420009 -0.240734 -0.271783 -0.266228 -0.129840 0.154923 0.942322 0.322145 0.640850 0.262462 -0.258026 -0.338399 -0.475302 -0.265211
-0.434694 -0.340736 -0.294420 -0.340253 -0.324731 -0.265840 -0.316939 -0.345327 -0.342826 -0.364894 -0.470723 -0.521346 -0.361499 -0.478847 -0.491610 -0.203056 -0.411509 -0.469494 -0.270401 -0.316221 -0.325546 -0.345784 -0.330658 -0.268952 -0.390994 -0.409753 -0.372221 -0.432403 -0.378742 -0.412111 -0.481777 -0.215285 -0.428444 -0.393043 -0.445968 -0.235714 -0.268208 -0.288151 -0.308453 -0.290619 -0.405566 -0.424339 -0.339573 -0.419304 -0.424204 -0.339600 -0.426187 -0.236397
-0.277766 -0.303608 -0.273277 -0.308809 -0.295421 -0.237625 -0.255974 -0.298861 -0.346136 -0.394758 -0.489974 -0.531759 -0.365559 -0.480872 -0.491610 -0.264310 -0.364492 -0.403607 -0.263341 -0.321580 -0.336024 -0.340037 -0.320440 -0.240590 -0.215394 -0.295980 -0.367131 -0.437207 -0.384868 -0.422396 -0.516357 -0.254178 -0.391361 -0.367382 -0.459789 -0.249759 -0.288387 -0.289448 -0.296869 -0.278654 -0.380639 -0.347628 -0.200608 -0.284158 -0.419132 -0.347247 -0.433161 -0.254657
-0.324995 -0.123268 0.069781 0.076364 -0.133092 -0.274018 -0.361679 -0.397186 -0.391111 -0.408715 -0.504289 -0.547045 -0.375509 -0.499595 -0.519269 -0.004216 -0.422893 -0.403123 -0.138199 0.039516 0.028689 -0.050155 -0.308661 -0.291702 -0.444970 -0.447009 -0.387922 -0.450663 -0.397718 -0.435626 -0.524151 0.027277 -0.437091 -0.360090 -0.088274 0.144560 0.035998 -0.265800 -0.337660 -0.311633 -0.425688 -0.442202 -0.353632 -0.435928 -0.443783 -0.354238 -0.387440 -0.002327
-0.435922 -0.345903 1.859980 0.669264 0.220153 0.254637 0.850464 0.969361 1.168288 1.088371 1.505276 2.055683 1.266390 2.832156 4.766259 7.164951 -0.423408 -0.502270 1.830243 0.465380 0.174744 0.447726 0.731207 0.521128 1.399497 1.894497 1.225470 1.510262 1.472086 1.729244 5.135797 6.990656 -0.443789 -0.385067 4.458092 1.117544 0.705472 0.773172 0.827286 0.659224 1.129532 1.353691 0.940143 1.169079 1.242043 1.056178 2.784258 4.536048
-0.435866 -0.320197 -0.246551 -0.241842 -0.228973 -0.206653 -0.232343 -0.157448 0.025032 0.105462 0.099246 -0.172772 -0.107155 -0.152465 -0.499162 -0.260407 -0.423215 -0.440810 -0.201498 -0.174689 -0.211170 -0.248484 -0.205829 -0.102119 0.054273 0.091522 -0.137751 -0.225526 -0.107751 -0.394090 -0.515676 -0.235057 -0.443667 -0.371253 -0.300528 -0.149729 -0.153969 -0.105069 -0.094019 -0.076896 -0.021359 -0.066605 -0.199598 -0.143200 -0.304582 -0.343424 -0.437077 -0.215060
-0.416662 -0.266151 -0.236255 -0.256259 -0.247858 -0.234384 -0.296714 -0.322633 -0.292894 -0.298917 -0.356032 -0.381619 -0.278858 -0.344682 -0.329455 -0.087612 -0.412538 -0.358108 -0.231350 -0.275702 -0.271308 -0.269091 -0.287910 -0.253261 -0.357708 -0.320106 -0.279289 -0.317294 -0.293212 -0.314523 -0.271473 -0.013483 -0.361768 -0.265100 -0.282424 -0.171182 -0.215101 -0.244136 -0.270203 -0.253824 -0.335025 -0.329396 -0.277932 -0.349495 -0.373529 -0.297251 -0.351416 -0.141771
-0.414150 0.017460 0.488098 0.772236 0.631986 0.223821 -0.043455 -0.091393 -0.028103 -0.094886 -0.048470 -0.043710 -0.059085 0.128647 0.722796 0.034004 -0.423150 -0.468973 -0.160744 -0.023182 0.199636 0.311241 0.984221 0.603228 0.180473 -0.006447 -0.040539 0.000078 -0.029720 -0.014933 0.589152 0.504695 -0.445007 -0.422533 -0.501538 -0.184657 -0.044120 0.185161 0.360719 0.614201 1.678284 0.690657 -0.004721 -0.054654 0.001904 0.005489 0.430275 0.903861
-0.190342 -0.235655 -0.228434 -0.284232 -0.278908 -0.212013 -0.173952 -0.078582 -0.048511 -0.183576 -0.343657 -0.460328 -0.346357 -0.489081 -0.472429 1.470849 0.001932 -0.188945 -0.196109 -0.249592 -0.266844 -0.236956 -0.158129 -0.115615 -0.155938 -0.279421 -0.330887 -0.413058 -0.385266 -0.430156 -0.479527 1.529396 0.078845 -0.225346 -0.331174 -0.205330 -0.213025 -0.158574 -0.094608 -0.122799 -0.223197 -0.323257 -0.316449 -0.409651 -0.433439 -0.356805 -0.393892 1.612454
-0.306684 0.964451 1.262139 1.991724 1.169947 0.893947 1.058033 0.870472 0.670583 0.621663 0.896241 1.220072 0.626687 0.927415 0.956485 0.019199 -0.214243 2.362518 1.076597 1.760408 1.434331 1.259765 1.127436 0.552323 0.902965 0.776297 0.623917 0.860298 0.738776 0.613582 1.082162 -0.021339 -0.293812 0.621992 1.201038 0.697360 1.361629 1.893931 1.733521 0.807455 0.808959 0.701573 0.452951 0.752748 0.766568 0.566182 1.220691 0.199691
0.103750 0.097772 0.099983 0.223624 0.517526 0.712695 1.334699 1.928797 2.477462 2.185105 2.508205 2.004350 0.874442 2.427987 6.761976 1.148420 1.418552 1.285488 0.453932 0.685014 0.935398 1.183990 1.117987 1.001058 2.101837 1.661216 0.994306 0.736283 0.757295 1.386809 7.117728 1.521952 1.982929 0.707295 0.895505 0.426647 0.860018 1.146529 1.288773 1.009766 1.692965 1.790213 1.065563 0.709806 0.893321 1.221694 6.247174 0.685430
-0.005390 -0.333346 -0.301587 -0.354785 -0.030381 -0.077059 -0.332450 -0.371305 -0.368154 -0.404219 -0.492797 -0.537012 -0.364426 -0.469031 -0.508382 -0.287661 0.048306 -0.466927 -0.280239 -0.338161 -0.363238 -0.387927 -0.366881 -0.291616 0.408395 -0.034346 -0.363610 -0.439736 -0.394555 -0.438968 -0.571967 -0.270239 -0.007926 -0.399951 -0.489624 -0.255036 -0.314861 -0.326903 -0.344016 -0.308211 -0.416608 -0.420416 -0.320400 0.058402 0.350316 -0.356951 -0.474593 -0.264847
-0.435922 -0.346924 -0.305646 0.475272 0.311676 0.368473 0.963589 0.732746 0.102363 -0.125148 -0.216640 -0.265564 -0.284050 -0.330012 -0.338489 -0.266982 -0.423408 -0.502344 -0.285080 0.725373 0.267459 0.422930 0.758576 0.321103 0.202337 -0.098143 -0.202256 -0.259538 -0.294942 -0.324293 -0.302391 -0.232843 -0.445007 -0.422725 -0.507647 0.452645 0.304018 0.554460 0.997800 0.300919 0.081088 -0.126862 -0.205174 -0.338237 -0.361480 -0.276696 -0.344927 -0.263730
-0.415155 -0.303032 -0.182651 -0.244652 -0.166505 0.026646 0.453928 1.100714 2.002520 3.561163 2.373330 0.734333 0.013871 -0.230987 -0.467101 -0.281341 -0.387325 -0.420125 -0.131845 -0.205416 -0.164863 0.031511 0.322605 0.479330 1.741869 3.963957 1.967554 0.653826 0.089047 -0.215275 -0.433543 -0.260559 -0.423207 -0.402410 -0.288878 -0.183658 -0.177951 -0.014728 0.285003 0.518360 1.537148 3.700989 2.672965 1.014260 0.174061 -0.181548 -0.365736 -0.252696
-0.036429 -0.167670 -0.173715 -0.218041 -0.222610 -0.183080 -0.190428 -0.210321 -0.220289 -0.293735 -0.394901 -0.427193 -0.295020 -0.311464 0.878650 -0.045660 -0.164589 -0.214243 -0.145617 -0.166999 -0.197136 -0.203951 -0.189960 -0.184916 -0.270082 -0.328342 -0.320458 -0.365633 -0.313839 -0.243348 0.924853 -0.057129 0.169695 0.018415 -0.073702 -0.131078 -0.186084 -0.221909 -0.254029 -0.257314 -0.357514 -0.364175 -0.297174 -0.359718 -0.343651 -0.264170 0.715190 -0.030275
-0.435866 -0.342645 -0.274524 -0.255378 -0.226214 -0.176295 -0.158216 -0.130328 -0.152020 -0.214235 -0.198421 -0.008580 -0.044811 -0.158857 -0.367955 -0.178729 -0.391055 -0.299215 -0.164419 -0.206250 -0.258374 -0.267522 -0.215639 -0.154333 -0.096559 -0.023135 -0.073725 -0.164263 -0.298045 -0.376348 -0.243380 -0.263293 -0.300937 -0.164379 -0.200043 -0.166522 -0.196551 -0.192073 -0.173478 -0.145405 -0.126049 -0.076160 -0.145004 -0.293323 -0.374592 -0.309304 -0.237263 -0.262795
-0.134684 0.039891 -0.198570 -0.301805 -0.326716 -0.270370 -0.303579 -0.325724 -0.321851 -0.351009 -0.456261 -0.512358 -0.362330 -0.498686 -0.551839 -0.288595 -0.307312 -0.120380 -0.217645 -0.263041 -0.316123 -0.327157 -0.322397 -0.266603 -0.367381 -0.378081 -0.341431 -0.383830 -0.333729 -0.361085 -0.385204 -0.148676 -0.241141 -0.166539 -0.333630 -0.214261 -0.256570 -0.270478 -0.276228 -0.271475 -0.368803 -0.364729 -0.287220 -0.378577 -0.393063 -0.325727 -0.431520 -0.260789
1.151721 -0.211874 -0.185329 -0.239231 -0.301428 -0.265088 -0.305480 -0.316308 -0.261512 -0.189788 -0.007711 0.114374 -0.209036 -0.254983 -0.325239 -0.155822 0.693230 0.066045 -0.196669 -0.276468 -0.319915 -0.332589 -0.279766 -0.166607 -0.283138 -0.154566 -0.151072 -0.158162 0.029674 -0.291803 -0.343196 -0.137194 0.728133 -0.061007 -0.330971 -0.226557 -0.263392 -0.264436 -0.246285 -0.201869 -0.130872 0.018160 -0.202061 -0.316004 -0.272821 -0.040628 -0.357308 -0.140699
1.002330 -0.063922 -0.167396 -0.223378 -0.232027 -0.190851 -0.185081 -0.183377 -0.158552 -0.173555 -0.182436 -0.100012 -0.124922 -0.021340 0.088119 -0.152132 1.148478 0.116939 -0.129122 -0.182802 -0.224676 -0.229857 -0.219484 -0.187240 -0.195723 -0.165195 -0.168128 -0.156419 -0.139278 -0.122128 0.189836 -0.117118 1.036367 -0.087780 -0.204650 -0.166896 -0.182916 -0.185930 -0.190069 -0.184227 -0.179985 -0.124508 -0.121059 -0.148483 -0.177606 -0.128494 0.064285 -0.105935
-0.133846 -0.203892 -0.207833 -0.263745 -0.278644 -0.240435 -0.300239 -0.347806 -0.365128 -0.388547 -0.472197 -0.496249 -0.345470 -0.464001 -0.543268 -0.288743 -0.091523 -0.200627 -0.185419 -0.238508 -0.280608 -0.300900 -0.301297 -0.265802 -0.412684 -0.422236 -0.372105 -0.422837 -0.372755 -0.413584 -0.551407 -0.270087 0.018440 -0.211126 -0.316216 -0.211333 -0.246778 -0.251598 -0.269172 -0.281186 -0.400885 -0.417970 -0.331620 -0.409874 -0.432886 -0.358663 -0.476756 -0.265211
-0.324772 -0.314519 -0.273962 -0.000102 -0.065931 -0.091400 -0.146770 -0.218288 -0.070424 -0.033496 0.021435 -0.435136 -0.346791 -0.459985 -0.465434 -0.256674 -0.337735 -0.403012 -0.268585 -0.320632 -0.345334 -0.070207 0.275290 -0.077836 -0.206511 -0.302017 -0.127108 0.310732 -0.364878 -0.400120 -0.531475 -0.266701 -0.342100 -0.367211 -0.467765 -0.263640 -0.304811 -0.286652 -0.216121 0.052783 0.555995 0.003321 0.091896 0.178915 -0.428611 -0.361503 -0.477390 -0.265211
-0.435866 -0.320296 0.552121 0.955323 -0.131351 -0.254724 -0.328186 -0.357544 -0.352561 -0.365797 -0.442806 -0.451182 -0.320868 -0.411887 -0.195097 0.141664 -0.423408 -0.502009 -0.251127 0.106512 0.576059 0.381994 0.025410 -0.159170 -0.308501 -0.365274 -0.354603 -0.404173 -0.334405 -0.344746 -0.194309 0.104803 -0.445007 -0.422725 -0.504278 -0.166928 0.666108 0.666916 0.076373 -0.202709 -0.348769 -0.391130 -0.318365 -0.376647 -0.380040 -0.306519 -0.197919 0.093234
-0.435699 -0.345936 -0.303847 -0.354251 -0.353349 -0.292922 -0.337916 -0.324565 -0.302364 -0.348336 -0.440129 -0.461246 -0.333254 -0.465748 -0.513895 -0.282953 -0.421157 -0.498214 -0.283119 -0.337761 -0.365728 -0.375589 -0.321990 -0.254156 -0.385014 -0.396968 -0.348058 -0.394118 -0.355569 -0.403509 -0.519495 -0.265464 -0.442449 -0.420950 -0.506916 -0.278855 -0.325069 -0.329326 -0.326750 -0.268845 -0.349811 -0.376083 -0.305760 -0.371668 -0.367770 -0.297288 -0.409219 -0.259786
-0.435755 -0.324657 -0.202649 -0.299960 -0.299952 -0.256306 -0.334061 -0.391199 -0.384863 -0.393368 -0.490170 -0.532676 -0.365936 -0.513706 -0.562449 -0.288976 -0.423408 -0.492485 -0.195582 -0.310771 -0.319522 -0.319696 -0.308160 -0.270493 -0.428933 -0.431852 -0.375692 -0.440119 -0.388488 -0.439974 -0.573379 -0.270521 -0.434168 -0.394134 -0.341911 -0.246761 -0.268059 -0.267096 -0.287150 -0.292132 -0.411078 -0.399161 -0.347920 -0.439220 -0.448323 -0.364307 -0.477726 -0.265211
-0.246001 -0.122724 -0.140231 -0.206036 -0.281739 -0.234021 -0.293519 -0.323068 -0.308859 -0.224798 -0.097652 0.129249 -0.263413 -0.285826 0.176100 -0.128717 -0.254442 -0.100588 -0.122489 -0.154053 -0.184000 -0.303858 -0.325124 -0.268109 -0.360535 -0.181322 -0.221577 -0.163965 -0.135698 -0.338295 0.081126 0.070424 -0.043669 0.029706 -0.053345 -0.216135 -0.266580 -0.277263 -0.295212 -0.276538 -0.311387 -0.176619 -0.186275 -0.228596 -0.209145 -0.221694 -0.125311 0.205778
-0.066687 -0.262448 -0.283184 -0.346303 -0.345937 -0.276749 -0.285004 -0.243284 -0.251175 -0.255312 -0.356081 -0.470836 -0.352399 -0.467669 -0.491193 -0.267724 -0.024567 -0.330391 -0.256965 -0.325020 -0.346176 -0.308397 -0.290462 -0.265010 -0.320596 -0.261052 -0.287272 -0.389123 -0.366410 -0.410288 -0.489467 -0.238638 -0.216054 -0.325084 -0.448038 -0.262391 -0.300690 -0.263264 -0.262557 -0.284993 -0.355606 -0.293209 -0.200300 -0.310374 -0.375212 -0.326018 -0.405788 -0.221625
-0.113860 -0.230093 -0.054472 0.149014 -0.312973 -0.263809 -0.302892 -0.327623 -0.325515 -0.338695 -0.383680 -0.362060 -0.306462 -0.448213 -0.494251 -0.267470 0.072747 -0.212197 0.044730 0.171644 -0.304154 -0.323752 -0.321710 -0.262824 -0.364958 -0.315901 -0.325813 -0.406660 -0.374982 -0.415360 -0.526453 -0.248600 0.140955 -0.222246 -0.078552 0.151680 -0.230800 -0.272552 -0.276989 -0.263564 -0.372742 -0.396646 -0.329568 -0.411886 -0.423096 -0.349541 -0.450577 -0.248023
-0.435922 -0.346924 -0.304930 -0.334539 -0.288285 -0.216750 -0.322932 -0.384584 -0.379057 -0.393711 -0.464413 -0.468715 -0.310125 -0.275277 0.163035 0.141727 -0.238877 -0.401747 -0.257458 -0.306006 -0.332793 -0.294913 -0.350255 -0.292555 -0.427279 -0.405958 -0.339729 -0.350541 -0.236245 -0.059297 0.199566 -0.267135 -0.173186 -0.373605 -0.491349 -0.273094 -0.310978 -0.307719 -0.295887 -0.228964 -0.390002 -0.384506 -0.288212 -0.292531 -0.194705 0.017615 -0.320873 -0.264892
-0.354193 -0.269228 -0.227033 -0.246099 -0.027449 -0.212402 -0.272278 -0.310288 -0.308240 -0.346206 -0.433082 -0.443808 -0.277026 -0.117536 1.840325 -0.272772 -0.177774 -0.360526 -0.222923 -0.294488 -0.327621 -0.142747 -0.149484 -0.225690 -0.322788 -0.328061 -0.289288 -0.313829 -0.275788 -0.126499 1.618385 -0.090423 -0.438369 -0.374332 -0.403691 -0.235254 -0.284623 -0.292671 -0.305299 -0.232415 0.011642 -0.155872 -0.203549 -0.277919 -0.265335 -0.093555 0.875585 0.183985
0.004491 -0.161383 -0.197251 -0.201957 -0.162932 -0.241628 -0.306470 -0.326351 -0.337640 -0.372297 -0.410812 -0.513403 -0.373111 -0.510073 -0.561198 -0.288976 -0.341530 -0.043444 -0.251497 -0.328299 -0.368678 -0.393250 -0.364562 -0.248483 -0.145805 0.055237 -0.195464 -0.319866 -0.297150 -0.364474 -0.546647 -0.268046 -0.437943 -0.198316 -0.417127 -0.267691 -0.317909 -0.329349 -0.345992 -0.311563 -0.421219 -0.396230 -0.212871 -0.068493 0.135280 -0.146245 -0.229469 -0.258258
4.909442 0.644174 -0.103159 -0.219908 -0.257204 -0.231038 -0.308450 -0.372335 -0.369694 -0.386976 -0.469103 -0.492451 -0.340598 -0.450623 -0.467982 -0.050008 6.010268 1.691560 -0.086116 -0.205176 -0.264735 -0.296567 -0.310548 -0.280865 -0.425606 -0.424651 -0.364900 -0.417480 -0.357101 -0.390653 -0.453789 -0.038789 5.041521 1.052611 -0.133310 -0.183135 -0.227692 -0.238940 -0.278339 -0.289868 -0.398871 -0.398746 -0.315218 -0.389003 -0.393329 -0.284598 -0.263070 -0.247339
-0.435922 -0.346924 -0.304746 -0.295378 -0.305693 -0.264206 -0.332358 -0.380801 -0.358667 -0.331364 -0.194197 -0.368801 -0.257485 -0.207968 0.555173 -0.195081 -0.423408 -0.502344 -0.285181 -0.322723 -0.298882 -0.348802 -0.359844 -0.292735 -0.436797 -0.340739 -0.334490 -0.307771 0.012190 0.131718 0.124076 -0.270239 -0.444093 -0.418769 -0.493013 -0.231850 -0.262736 -0.304529 -0.317988 -0.275519 -0.330820 -0.215321 -0.178527 -0.224084 0.125048 -0.272763 -0.472617 -0.265188
-0.244717 -0.291018 -0.267613 -0.263682 -0.243948 -0.203723 -0.195854 -0.169278 -0.130161 -0.091058 0.012595 0.195837 0.115299 0.981277 1.414736 -0.121845 -0.187808 -0.371910 -0.237591 -0.280627 -0.290636 -0.267063 -0.165271 -0.154686 -0.098194 -0.056445 -0.043596 0.099583 0.169724 0.505663 1.488070 -0.152908 -0.164357 -0.319288 -0.389728 -0.204947 -0.148111 -0.148295 -0.132269 -0.136920 -0.053829 0.116727 0.116149 0.257707 0.282631 0.079536 -0.285109 -0.186109
-0.219595 -0.216532 -0.216697 -0.257685 -0.231406 -0.130817 0.042831 0.241761 0.319045 0.358859 0.297912 0.181722 -0.098319 4.508493 -0.346272 -0.218815 -0.122396 -0.153416 -0.146480 -0.140523 -0.051620 0.046094 0.071711 -0.014157 0.152072 0.296884 -0.051265 -0.146853 -0.195071 2.883240 -0.390017 -0.232148 0.128106 0.688733 0.617797 0.007448 -0.039929 -0.061437 -0.023960 -0.069045 -0.159174 -0.213498 -0.213948 -0.294949 -0.390472 -0.333210 4.637849 -0.252058
-0.036820 -0.087308 -0.091493 -0.325019 -0.351038 -0.297020 -0.360477 -0.392808 -0.382385 -0.381920 -0.345081 -0.036304 -0.346489 -0.503681 -0.548967 -0.288679 0.067730 -0.428607 -0.244068 -0.125909 -0.222320 -0.354331 -0.367370 -0.293622 -0.439105 -0.434741 -0.361164 -0.278925 -0.097309 -0.430507 -0.566369 -0.270477 -0.149560 -0.360411 -0.477223 -0.271517 -0.318893 -0.313084 -0.291163 -0.186027 -0.145518 -0.365305 -0.340189 -0.419284 -0.415632 0.086855 -0.463816 -0.264482
-0.428330 -0.317745 -0.281507 -0.337936 -0.314866 -0.211157 -0.191378 -0.228637 -0.281796 -0.334108 -0.412162 -0.371903 -0.281010 -0.499210 -0.559623 -0.288870 -0.350342 -0.399887 -0.258052 -0.302738 -0.295056 -0.226634 -0.230704 -0.243827 -0.371207 -0.381768 -0.340638 -0.377729 -0.253411 -0.425879 -0.570450 -0.270412 -0.271404 -0.349312 -0.415159 -0.202761 -0.169471 -0.225054 -0.294059 -0.288592 -0.391168 -0.394430 -0.320007 -0.397660 -0.395300 -0.281321 -0.328443 -0.264938
-0.386851 -0.286031 -0.247124 -0.246927 -0.212022 -0.185328 -0.260396 -0.341320 -0.369181 -0.402594 -0.502742 -0.546602 -0.374961 -0.507314 -0.548133 -0.278584 -0.246531 -0.366590 -0.217175 -0.218522 -0.215354 -0.233443 -0.277774 -0.269159 -0.430759 -0.447354 -0.388566 -0.450322 -0.398951 -0.437449 -0.562079 -0.266484 -0.206555 -0.319802 -0.345280 -0.181199 -0.190454 -0.211798 -0.267527 -0.284498 -0.408198 -0.438209 -0.354231 -0.436517 -0.445599 -0.361339 -0.465643 -0.265166
-0.401757 -0.335074 -0.299379 -0.357784 -0.360465 -0.252787 -0.117634 -0.164047 -0.264627 -0.394289 -0.464143 -0.427256 -0.165101 -0.155923 -0.552025 -0.288934 -0.372725 -0.470833 -0.280329 -0.342057 -0.375555 -0.393299 -0.302288 -0.109048 -0.092636 -0.433922 -0.375047 -0.413951 -0.266260 -0.021291 -0.560196 -0.270499 -0.405244 -0.404805 -0.499244 -0.278317 -0.327542 -0.334917 -0.348545 -0.299005 -0.191168 -0.017426 -0.086938 -0.406074 -0.343341 -0.007037 -0.422122 -0.265211
-0.434303 -0.332918 -0.299665 -0.354754 -0.336520 -0.293830 -0.364161 -0.384519 -0.194960 2.179435 4.399666 0.035854 -0.331932 -0.459076 -0.508660 -0.271648 -0.423408 -0.498772 -0.273415 -0.339018 -0.375521 -0.397343 -0.372077 -0.267842 -0.425952 -0.265192 1.717846 4.143938 0.039301 -0.381537 -0.488107 -0.248101 -0.444885 -0.421827 -0.492770 -0.274882 -0.325864 -0.335334 -0.350005 -0.312829 -0.411237 -0.338466 0.101782 4.251019 2.116805 -0.276951 -0.426150 -0.251967
0.579278 0.964106 0.647920 0.625175 0.143126 -0.082660 -0.218521 -0.326094 -0.350136 -0.386290 -0.486806 -0.531221 -0.371487 -0.505428 -0.551422 -0.279623 -0.109918 0.340418 0.057325 -0.020725 -0.032179 0.122569 0.101503 0.034675 0.302904 0.218426 -0.006790 -0.105911 -0.190536 -0.269480 -0.280314 -0.047102 -0.102856 0.492081 0.851646 0.585292 0.473400 0.290020 -0.172054 -0.279584 -0.402245 -0.426947 -0.348553 -0.432656 -0.443627 -0.361758 -0.472542 -0.256070
-0.435476 -0.297996 -0.198232 -0.237375 -0.233391 -0.120073 -0.076115 0.030399 0.113726 -0.056968 -0.226903 -0.344844 -0.314524 -0.429736 -0.440091 -0.123478 -0.408164 -0.229608 -0.153483 -0.219128 -0.221086 -0.141032 -0.094841 -0.047666 0.077540 -0.108212 -0.246070 -0.352836 -0.340731 -0.388199 -0.446464 -0.099213 -0.430758 -0.211275 -0.182081 -0.142859 -0.103047 -0.006736 -0.007172 -0.107640 -0.172123 -0.257115 -0.283542 -0.364148 -0.374503 -0.315567 -0.381063 -0.074522
-0.429056 -0.321876 -0.181782 -0.311850 -0.340307 -0.289093 -0.342140 -0.364207 -0.205014 1.282978 0.669486 -0.299017 -0.342354 -0.462674 -0.504768 -0.278138 -0.411830 -0.191884 -0.196321 -0.307983 -0.354017 -0.375142 -0.348402 -0.270080 -0.255602 0.175823 1.460502 -0.302371 -0.366449 -0.405239 -0.505998 -0.258410 -0.316951 -0.187453 -0.405437 -0.259494 -0.308535 -0.310356 -0.275737 -0.218620 -0.288650 0.621930 -0.013649 1.054052 -0.402100 -0.341658 -0.432303 -0.252445
-0.421910 -0.338975 -0.300278 -0.355886 -0.361167 -0.302898 -0.358669 -0.358155 -0.281566 -0.188560 -0.015813 0.134566 0.296517 0.703727 0.685917 -0.211816 -0.411380 -0.478050 -0.278782 -0.339623 -0.372515 -0.391922 -0.368850 -0.278946 -0.374976 -0.145080 -0.024722 0.007454 0.357770 0.334608 0.761057 -0.203326 -0.431732 -0.409959 -0.496646 -0.276209 -0.322885 -0.327759 -0.332150 -0.294664 -0.374032 -0.131663 -0.057315 -0.015837 0.399352 0.328257 0.566094 -0.208381
0.395777 -0.184538 -0.193059 -0.225129 -0.246494 -0.209393 -0.152935 -0.113653 -0.288788 -0.374138 -0.478065 -0.504921 -0.338880 -0.456561 -0.470993 -0.226344 -0.411187 -0.439582 -0.248954 -0.249123 -0.254347 -0.238658 -0.190461 -0.107051 -0.082772 -0.075612 -0.344290 -0.424155 -0.358732 -0.400611 -0.474767 -0.207862 -0.407680 -0.380191 -0.443207 -0.248424 -0.251058 -0.222010 -0.185761 -0.093796 -0.075312 -0.249961 -0.211588 -0.286028 -0.389985 -0.312290 -0.332359 -0.066840
-0.239302 -0.197194 -0.159923 -0.144532 -0.158249 -0.162075 -0.085277 -0.064804 -0.092673 -0.210335 -0.276379 -0.350920 -0.279802 -0.282717 0.090621 -0.221996 -0.423215 -0.483445 -0.204782 -0.191178 -0.078161 -0.078609 -0.065911 -0.070425 -0.079753 -0.190895 -0.258019 -0.335745 -0.301168 -0.281284 0.167497 -0.235447 -0.444459 -0.410600 -0.330911 -0.110437 -0.051379 -0.011166 -0.007344 -0.073040 -0.169314 -0.231729 -0.254706 -0.341062 -0.339509 -0.235585 0.002155 -0.239771
1.246960 -0.156100 -0.205052 -0.250880 -0.250403 -0.205529 -0.224435 -0.250688 -0.271619 -0.329775 -0.437797 -0.498180 -0.350832 -0.464106 -0.500088 -0.255656 1.501652 0.029437 -0.152923 -0.202376 -0.230678 -0.244488 -0.252433 -0.235374 -0.362131 -0.393432 -0.364189 -0.425877 -0.377648 -0.414776 -0.515729 -0.242892 1.662091 -0.058312 -0.201504 -0.160245 -0.189490 -0.214898 -0.264153 -0.275984 -0.388854 -0.411877 -0.337076 -0.418532 -0.425532 -0.344935 -0.433609 -0.240819
-0.199945 0.675032 0.119899 0.166922 0.375406 0.118465 0.054145 0.029128 0.128081 0.128610 0.375085 0.684139 0.086751 0.031334 0.199172 -0.118642 -0.406492 1.484004 0.247886 0.192006 0.466080 0.265042 0.042036 -0.059304 0.120806 0.190527 0.184841 0.334562 0.135333 -0.086949 0.206367 -0.103423 -0.426252 0.218617 0.932342 0.139853 0.320890 0.353219 0.112427 -0.020986 0.133328 0.301721 0.241090 0.312700 -0.019624 -0.135995 0.000328 -0.056992
-0.435699 -0.308825 -0.253442 -0.314670 -0.274215 -0.111817 -0.174045 -0.272207 -0.222714 -0.209324 -0.234171 -0.070389 -0.056102 0.148697 0.536224 -0.146554 -0.298501 -0.315622 -0.235036 -0.243421 -0.125331 -0.209601 -0.277180 -0.218029 -0.228066 -0.186260 -0.121125 -0.068286 -0.069243 -0.242600 0.118008 -0.122002 -0.119540 -0.290206 -0.252163 -0.148214 -0.192847 -0.217817 -0.233155 -0.196440 -0.226094 -0.146594 -0.099423 -0.052743 -0.094839 -0.145007 -0.243342 -0.238016
-0.343865 -0.289652 -0.214499 -0.202849 -0.263658 -0.265909 -0.331724 -0.348337 -0.290929 -0.235415 -0.151400 -0.007346 -0.110214 -0.194730 -0.141864 -0.138176 -0.270779 -0.427677 -0.225859 -0.187853 -0.198886 -0.303146 -0.322432 -0.241675 -0.248103 -0.140746 -0.131520 -0.186179 -0.246409 -0.293439 -0.199436 -0.186288 -0.363107 -0.377518 -0.455263 -0.193190 -0.154228 -0.209150 -0.290107 -0.255782 -0.264200 -0.133070 -0.081584 -0.151796 -0.238691 -0.238753 -0.181063 -0.188844
-0.411973 -0.305056 -0.285188 -0.345066 -0.351251 -0.296216 -0.355725 -0.380238 -0.367535 -0.381000 -0.464339 -0.494509 -0.336633 -0.429247 -0.443612 -0.216673 -0.416912 -0.437499 -0.258064 -0.324357 -0.361084 -0.382844 -0.361312 -0.288449 -0.424760 -0.416717 -0.361660 -0.412888 -0.354913 -0.378125 -0.431503 -0.201785 -0.425278 -0.369200 -0.456318 -0.264631 -0.311862 -0.319396 -0.331929 -0.300112 -0.399100 -0.404931 -0.324796 -0.396299 -0.395788 -0.315731 -0.417722 -0.217978
-0.336998 -0.255519 -0.246663 -0.282555 -0.315905 -0.263463 -0.290865 -0.249931 -0.207404 -0.253164 -0.317802 -0.362725 -0.336388 -0.091478 -0.156828 -0.282211 -0.093324 -0.305465 -0.202720 -0.271805 -0.316134 -0.313322 -0.262429 -0.218830 -0.287869 -0.304798 -0.289602 -0.404045 -0.368856 -0.378873 0.374558 -0.263098 0.044867 -0.299251 -0.349481 -0.222739 -0.233045 -0.243020 -0.251366 -0.244914 -0.308295 -0.323696 -0.285543 -0.405342 -0.421036 -0.342186 -0.399971 0.158613
-0.432963 -0.270446 -0.275679 -0.348442 -0.358398 -0.301930 -0.359210 -0.366863 -0.345127 -0.338370 -0.492355 -0.547330 -0.374773 -0.505533 -0.540535 -0.285201 -0.420771 -0.323099 -0.248629 -0.331830 -0.368521 -0.382639 -0.345513 -0.260801 -0.408473 -0.452291 -0.389575 -0.449578 -0.395032 -0.432166 -0.567625 -0.270087 -0.442206 -0.355214 -0.429061 -0.266333 -0.320303 -0.321425 -0.322590 -0.260400 -0.386663 -0.438625 -0.352213 -0.431721 -0.441656 -0.362832 -0.476905 -0.265211
-0.401366 -0.115483 -0.026417 0.079017 0.122806 0.116641 0.054026 -0.062148 -0.151543 -0.267861 -0.348126 -0.304397 -0.222706 -0.308670 -0.059165 -0.068057 -0.392020 -0.031688 -0.237995 -0.256139 0.058113 0.449271 0.294246 0.006665 0.157475 -0.006577 -0.202670 -0.235942 -0.330069 -0.423611 -0.572490 -0.270521 -0.303190 -0.161001 -0.319078 -0.150970 -0.089591 -0.099106 -0.094546 0.030059 0.466020 0.298606 0.233410 0.304124 -0.204273 -0.364034 -0.477688 -0.265211
-0.368261 -0.103749 -0.117288 -0.156306 -0.201017 -0.210604 -0.250007 -0.264369 -0.242485 -0.256107 -0.307857 -0.339432 -0.254445 -0.276290 -0.260932 -0.173681 -0.391313 -0.121198 -0.116651 -0.164097 -0.220133 -0.258492 -0.247213 -0.190046 -0.201703 -0.194862 -0.240583 -0.269189 -0.246190 -0.294772 -0.328652 -0.187569 -0.386002 -0.284132 -0.285590 -0.180637 -0.189808 -0.147709 -0.182595 -0.186007 -0.179349 -0.100715 -0.121538 -0.248187 -0.325157 -0.293574 -0.347798 -0.191398
0.534171 0.311850 -0.141039 -0.318979 -0.355008 -0.302820 -0.370801 -0.401323 -0.389996 -0.408571 -0.503626 -0.546127 -0.374754 -0.515592 -0.562449 -0.288976 -0.422700 0.523048 0.007696 -0.161857 -0.306846 -0.376072 -0.371320 -0.298064 -0.449527 -0.445866 -0.384451 -0.447644 -0.395251 -0.438548 -0.573275 -0.270521 -0.438613 0.078399 -0.075346 -0.143882 -0.235845 -0.290237 -0.327928 -0.309141 -0.422915 -0.438486 -0.350280 -0.427535 -0.439907 -0.357534 -0.472729 -0.265166
-0.435922 -0.346924 -0.304920 -0.225360 1.427953 -0.168999 -0.264172 -0.309886 -0.329781 -0.364406 -0.470134 -0.507643 -0.339277 -0.399941 -0.341176 -0.284968 -0.423408 -0.502344 -0.284957 0.827094 0.562980 -0.215142 -0.278787 -0.251487 -0.369957 -0.385433 -0.346654 -0.417692 -0.367086 -0.374338 -0.343719 -0.223185 -0.445007 -0.422725 -0.508925 0.266176 0.174109 0.072841 0.001197 -0.200692 -0.296459 -0.318088 -0.278668 -0.349760 -0.371713 -0.307702 -0.382294 -0.016347
-0.303893 -0.306652 -0.208426 0.386402 0.385515 -0.004733 -0.259472 -0.349029 -0.345233 -0.366537 -0.462154 -0.504794 -0.351436 -0.470568 -0.488460 -0.274533 -0.267821 -0.400556 -0.150245 0.488782 0.411540 0.023749 -0.287351 -0.272688 -0.400204 -0.399426 -0.360917 -0.423219 -0.373411 -0.409961 -0.490147 -0.255198 -0.293691 -0.364645 0.034922 0.291338 0.251010 -0.012485 -0.213851 -0.274758 -0.378272 -0.394038 -0.326814 -0.408594 -0.419110 -0.342477 -0.425292 -0.252172
-0.421240 -0.312083 -0.239251 -0.227069 -0.134955 -0.000877 0.437981 0.627242 0.170207 -0.145298 -0.348298 -0.430769 -0.339579 -0.462080 -0.512690 -0.248021 -0.416847 -0.442410 -0.230521 -0.243810 -0.246898 -0.188052 -0.059060 0.050891 0.424547 0.888216 0.167042 -0.313021 -0.342978 -0.402832 -0.519495 -0.221427 -0.284252 -0.203192 0.042350 0.085415 0.261308 0.135848 -0.057143 -0.087784 -0.223091 -0.252615 -0.255920 -0.389125 -0.403739 -0.347739 -0.447034 -0.220394
-0.371108 -0.078783 0.099666 -0.144311 -0.252327 -0.229932 -0.198085 -0.163806 -0.177756 -0.273224 -0.369414 -0.398582 -0.297625 -0.382930 -0.386904 -0.171157 -0.379156 -0.415958 -0.128786 -0.158863 0.037248 -0.150485 -0.204291 -0.165394 -0.185628 -0.246671 -0.278364 -0.333365 -0.303674 -0.344956 -0.342725 -0.204368 -0.402261 -0.204967 -0.413373 -0.256785 -0.297364 -0.254269 -0.158199 0.078642 0.157866 -0.068590 -0.179348 -0.293405 -0.319310 -0.270961 -0.293873 -0.112751
-0.282288 1.171272 0.365297 -0.034482 -0.176604 -0.201294 -0.246719 -0.260538 -0.193474 -0.119315 0.040489 0.371707 -0.036956 0.036678 0.515654 0.727494 -0.250326 2.699913 0.507471 0.049503 -0.165996 -0.225693 -0.202590 -0.140870 0.057965 0.117675 -0.062123 0.014023 -0.076244 -0.038541 0.095094 0.231358 -0.212217 2.586669 1.061708 0.034319 0.035154 -0.095499 -0.044638 -0.139244 -0.194789 -0.198751 -0.227648 -0.333969 -0.369232 -0.279555 -0.068551 -0.110882
-0.389810 -0.216811 -0.291332 -0.335462 -0.340725 -0.285091 -0.357573 -0.375136 -0.371747 -0.382733 -0.442437 -0.483242 -0.355665 -0.475598 -0.490035 -0.275127 -0.204788 -0.321202 -0.272227 -0.328768 -0.348902 -0.369662 -0.351001 -0.292038 -0.424952 -0.405463 -0.336159 -0.420286 -0.375977 -0.413584 -0.482614 -0.249121 -0.341917 -0.288644 -0.476269 -0.267293 -0.302090 -0.305183 -0.328014 -0.305393 -0.398924 -0.384483 -0.299585 -0.410403 -0.427659 -0.345608 -0.412315 -0.245105
-0.272798 -0.288911 -0.285740 -0.340893 -0.333955 -0.257179 0.116007 1.701388 1.602555 -0.301680 -0.506327 -0.551571 -0.378964 -0.515662 -0.562449 -0.288976 -0.123554 -0.391665 -0.263465 -0.310896 -0.326455 -0.190032 0.681014 0.937731 0.257832 -0.454641 -0.390632 -0.454659 -0.401616 -0.440371 -0.573379 -0.270521 -0.112538 -0.358657 -0.457252 -0.251125 -0.250949 0.193006 1.274980 0.684005 -0.370640 -0.445548 -0.355394 -0.439383 -0.448323 -0.364307 -0.477726 -0.265211
6.185463 0.926846 1.316173 1.982612 5.689788 8.925086 5.886394 3.883963 1.457876 0.098475 -0.096473 -0.154574 -0.363406 -0.515662 -0.562449 -0.288976 5.717296 2.063963 1.249307 1.787353 2.429762 3.686625 6.253584 10.210920 2.959701 0.932393 -0.086187 -0.124703 -0.364659 -0.440371 -0.573379 -0.270521 5.312063 1.937650 3.254631 2.413569 3.536930 2.685595 3.095672 9.477754 7.218659 0.221663 -0.124155 -0.329112 -0.444602 -0.364307 -0.477726 -0.265211
-0.435866 -0.342036 -0.280689 -0.257936 -0.180147 -0.146982 -0.125502 -0.182701 -0.257618 -0.316233 -0.415625 -0.475235 -0.344393 -0.465853 -0.530110 -0.283038 -0.423408 -0.502195 -0.283534 -0.325054 -0.308921 -0.252794 -0.208066 -0.161796 -0.116096 -0.119380 -0.239591 -0.342612 -0.345286 -0.401686 -0.491036 -0.249446 -0.445007 -0.421784 -0.494272 -0.257886 -0.253591 -0.175189 -0.106241 -0.114948 -0.196379 -0.257854 -0.255099 -0.352117 -0.385489 -0.328603 -0.416118 -0.220121
-0.421631 -0.293075 -0.260987 -0.322628 -0.318490 -0.279887 -0.321176 -0.356095 -0.366703 -0.383094 -0.458839 -0.499351 -0.342354 -0.480523 -0.525385 -0.275402 -0.407392 -0.392520 -0.241502 -0.310862 -0.342294 -0.350806 -0.343987 -0.265544 -0.396416 -0.417472 -0.367230 -0.427131 -0.357976 -0.380789 -0.539950 -0.258236 -0.426678 -0.384233 -0.424495 -0.255965 -0.296321 -0.290406 -0.310944 -0.292488 -0.386133 -0.367544 -0.317202 -0.407964 -0.416407 -0.325144 -0.412948 -0.251967
-0.435755 -0.346627 -0.304859 -0.355435 -0.355721 -0.300201 -0.362959 -0.361568 -0.079769 0.952898 1.332785 -0.245848 -0.251518 -0.312233 -0.431196 -0.288298 -0.423215 -0.501488 -0.284004 -0.337178 -0.367557 -0.388856 -0.367196 -0.278077 -0.107616 1.178331 0.846967 -0.251141 -0.269065 -0.313331 -0.419052 -0.269739 -0.441718 -0.419517 -0.503953 -0.273562 -0.320670 -0.328537 -0.339353 -0.287623 -0.112729 1.299942 0.924802 -0.239468 -0.288502 -0.263860 -0.401723 -0.264755
0.919260 -0.236264 -0.265547 -0.342329 -0.328019 -0.252822 -0.267710 -0.049884 0.949693 0.893711 0.489064 1.038411 0.868419 1.528587 0.664234 -0.135631 0.865604 -0.202822 -0.231899 -0.306520 -0.358863 -0.364205 -0.278822 -0.237638 -0.259717 0.123453 1.176054 1.479099 1.000200 1.326620 1.228120 0.042535 0.872508 -0.255028 -0.427498 -0.262664 -0.307413 -0.311529 -0.302182 -0.252736 -0.275524 -0.161803 -0.005491 1.264555 3.095619 1.011298 1.273647 0.103560
-0.391931 -0.308512 -0.285576 -0.347666 -0.357238 -0.301463 -0.362563 -0.387175 -0.211121 -0.002403 -0.461147 -0.512675 -0.343053 -0.466516 -0.558789 -0.288658 -0.422250 -0.481957 -0.262859 -0.317695 -0.360972 -0.389834 -0.370831 -0.293949 -0.425971 -0.412815 -0.350719 0.236608 -0.353381 -0.438898 -0.573065 -0.270456 -0.438491 -0.408291 -0.457029 -0.255560 -0.306639 -0.321515 -0.340985 -0.307756 -0.414965 -0.420508 -0.324693 -0.420523 -0.402875 0.203541 -0.473139 -0.265211
-0.399858 -0.136861 -0.085103 0.016202 -0.139028 -0.170079 -0.227062 -0.244378 -0.219316 -0.232670 -0.250598 0.055160 -0.030612 -0.257254 -0.267419 -0.226599 -0.322620 -0.029418 -0.058427 0.055697 -0.099531 -0.204772 -0.241423 -0.207270 -0.253949 -0.232959 -0.221048 0.023206 -0.093231 -0.288811 -0.344190 -0.226896 -0.436360 -0.219145 -0.104856 0.030907 -0.029334 -0.163680 -0.200684 -0.203896 -0.247099 -0.213544 -0.105529 -0.034128 -0.179334 -0.262495 -0.384942 -0.231564
-0.323432 -0.308216 -0.254802 -0.298051 -0.256796 -0.107616 -0.167708 -0.361712 -0.358171 -0.358683 -0.374890 -0.328133 -0.197632 -0.207235 -0.251249 -0.212028 -0.355487 -0.407216 -0.235160 -0.269749 -0.266799 -0.098382 -0.184635 -0.274401 -0.384437 -0.341881 -0.256366 -0.234986 -0.289015 -0.312419 -0.310552 -0.245366 -0.389595 -0.366869 -0.432106 -0.231366 -0.217603 -0.023903 -0.162175 -0.271475 -0.311846 -0.233714 -0.235276 -0.348561 -0.385334 -0.281758 -0.277800 -0.229923
-0.074894 -0.262201 -0.261826 -0.309470 -0.305337 -0.220795 -0.186481 -0.162164 -0.145949 -0.180055 -0.206450 -0.135173 -0.139385 -0.067971 -0.164056 -0.203141 -0.002120 -0.256803 -0.225747 -0.280730 -0.301865 -0.270008 -0.199094 -0.169852 -0.150439 -0.167632 -0.180292 -0.200294 -0.177209 -0.211395 -0.252535 -0.195795 0.017710 -0.240123 -0.382787 -0.222989 -0.226570 -0.171920 -0.145731 -0.162561 -0.190337 -0.163280 -0.155061 -0.233412 -0.277362 -0.258071 -0.286527 -0.181276
0.262688 -0.051892 0.026595 0.068280 0.027109 0.006669 0.106872 0.079811 0.032661 -0.105918 -0.216591 -0.319493 -0.290356 -0.414471 -0.470947 -0.205177 0.269048 0.110503 0.085899 0.115664 0.063396 0.045961 0.127147 -0.008347 -0.029892 -0.114464 -0.219841 -0.322502 -0.320641 -0.394884 -0.477016 -0.211400 0.047608 -0.134505 0.149776 0.126831 0.102700 0.112933 0.183406 -0.021925 -0.083332 -0.127624 -0.211126 -0.321979 -0.381546 -0.336378 -0.412538 -0.202294
-0.367368 -0.311655 -0.281016 -0.334266 -0.343616 -0.291790 -0.353164 -0.381075 -0.370331 -0.386308 -0.468366 -0.498370 -0.340145 -0.462919 -0.517277 -0.281765 -0.357931 -0.435899 -0.262467 -0.319901 -0.355520 -0.379090 -0.359576 -0.286891 -0.419953 -0.415682 -0.359611 -0.414334 -0.355171 -0.401452 -0.527813 -0.264791 -0.317926 -0.384853 -0.455892 -0.258690 -0.302815 -0.308936 -0.320737 -0.291707 -0.394754 -0.409892 -0.331672 -0.421479 -0.434015 -0.356168 -0.460944 -0.263684
-0.434415 -0.324245 -0.121470 -0.214026 -0.271670 -0.235732 -0.237505 -0.201066 -0.176942 -0.258653 -0.390334 -0.465171 -0.357591 -0.492015 -0.539562 -0.284225 -0.421735 -0.453273 -0.075952 -0.184368 -0.272026 -0.295227 -0.256184 -0.197276 -0.228374 -0.277028 -0.311005 -0.389718 -0.380055 -0.426206 -0.547641 -0.265941 -0.443971 -0.397149 -0.151313 -0.171463 -0.234574 -0.235536 -0.220969 -0.192504 -0.219946 -0.256492 -0.269637 -0.376200 -0.419708 -0.353565 -0.458968 -0.260196
-0.435922 -0.346924 -0.305677 -0.346439 -0.150175 -0.013818 -0.101594 -0.181172 -0.218271 -0.233248 -0.214283 -0.188849 -0.156869 0.054038 0.436939 0.220075 -0.423408 -0.502344 -0.285170 -0.285346 0.030293 -0.082158 -0.160856 -0.188195 -0.230778 -0.215043 -0.233559 -0.260282 -0.151133 -0.053804 0.523288 0.097728 -0.445007 -0.422725 -0.506449 -0.187710 0.167625 -0.013116 -0.161660 -0.214121 -0.292201 -0.272808 -0.219011 -0.228494 -0.143410 -0.039245 0.449331 -0.224611
-0.430284 -0.182629 -0.220173 -0.275027 -0.291766 -0.255839 -0.269558 -0.250092 -0.186217 -0.158063 -0.181749 0.019176 -0.005708 -0.041459 -0.431520 -0.280408 -0.420192 -0.182360 -0.185609 -0.283952 -0.319881 -0.284362 -0.285429 -0.244464 -0.341248 -0.252687 -0.156096 0.147157 0.138257 -0.161537 -0.462211 -0.266419 -0.440257 -0.309558 -0.264564 -0.233966 -0.292428 -0.304597 -0.288536 -0.206319 -0.272079 -0.279201 -0.185813 -0.077984 0.180661 0.147246 -0.296670 -0.260059
0.094762 -0.293256 -0.278685 -0.324285 -0.347648 -0.299449 -0.363936 -0.393500 -0.386013 -0.395155 -0.480987 -0.483811 -0.265755 -0.176846 0.073664 -0.249124 -0.215208 -0.380987 -0.249559 -0.305937 -0.347096 -0.359558 -0.359261 -0.296583 -0.440239 -0.423552 -0.376882 -0.430489 -0.373471 -0.366928 -0.025595 0.135188 -0.362681 -0.397834 -0.488548 -0.271556 -0.305655 -0.290845 -0.297041 -0.261290 -0.385215 -0.427986 -0.337606 -0.407618 -0.401369 -0.250697 -0.069707 0.035491
-0.435922 -0.346595 -0.161262 -0.215472 -0.244050 -0.205331 -0.232514 -0.239550 -0.248290 -0.298195 -0.363349 -0.301295 -0.090710 0.362186 1.326477 1.020208 -0.423408 -0.477976 -0.030895 -0.183065 -0.236814 -0.265687 -0.262732 -0.229435 -0.331845 -0.325862 -0.263060 -0.124533 0.047854 0.370722 1.025297 0.625868 -0.445007 -0.422019 -0.183258 -0.160768 -0.205925 -0.208913 -0.231191 -0.220885 -0.234768 -0.064136 -0.066208 0.018163 0.143298 0.032253 0.127981 0.604276
0.201223 0.046161 -0.100961 -0.086907 -0.054458 -0.043710 0.206082 0.118472 -0.191261 -0.294079 -0.370593 -0.364371 -0.279009 -0.290576 -0.313239 -0.217033 0.159384 0.357196 -0.059256 -0.127371 -0.018583 -0.119255 0.045764 0.075914 -0.054005 -0.287657 -0.295387 -0.328305 -0.297409 -0.300755 -0.243694 -0.171226 0.084082 0.026199 -0.112528 -0.155569 -0.124963 -0.034949 -0.097884 0.085258 0.335183 -0.102123 -0.230487 -0.304765 -0.333020 -0.239718 -0.231222 -0.153784
0.028106 -0.093216 -0.215398 -0.294434 -0.323906 -0.274735 -0.326365 -0.338117 -0.311178 -0.303558 -0.324382 -0.105993 -0.048568 -0.148483 0.270567 -0.231011 -0.046050 0.042607 -0.184847 -0.255545 -0.313487 -0.352133 -0.338033 -0.274943 -0.369996 -0.329096 -0.279487 -0.297482 -0.072803 -0.074795 0.476937 -0.147829 0.132491 -0.035345 -0.260383 -0.227228 -0.286430 -0.291589 -0.288954 -0.263396 -0.348257 -0.327988 -0.238783 -0.292572 -0.184605 -0.161521 0.220429 -0.149977
-0.435922 -0.346051 -0.302170 -0.351210 -0.342873 -0.275487 -0.310879 -0.333143 -0.333020 -0.346477 -0.426502 -0.466088 -0.333858 -0.370635 0.322086 -0.148378 -0.423343 -0.499219 -0.279231 -0.330539 -0.346378 -0.342935 -0.319636 -0.270080 -0.389994 -0.370470 -0.336423 -0.401771 -0.353322 -0.333059 0.407621 -0.157075 -0.445007 -0.421228 -0.500421 -0.271431 -0.305139 -0.285683 -0.284622 -0.277210 -0.369916 -0.361821 -0.298782 -0.390385 -0.396762 -0.290551 0.170867 -0.086718
-0.417946 -0.315375 -0.270005 -0.305034 -0.291502 -0.217320 -0.233201 -0.255114 -0.244290 -0.315511 -0.444574 -0.504984 -0.342581 -0.481781 -0.531083 -0.284204 -0.406106 -0.433853 -0.245906 -0.290431 -0.296896 -0.274028 -0.260192 -0.222488 -0.286061 -0.323146 -0.341464 -0.421646 -0.376096 -0.402013 -0.537753 -0.263641 -0.422477 -0.375850 -0.437240 -0.242342 -0.256719 -0.224862 -0.230590 -0.224336 -0.273528 -0.301541 -0.304409 -0.407578 -0.418689 -0.335868 -0.453411 -0.257324
2.058619 -0.311129 -0.280710 -0.284851 -0.267740 -0.218427 -0.125753 -0.055678 -0.098071 -0.196559 -0.194959 -0.193596 -0.205883 -0.369063 -0.497587 -0.245560 2.368026 -0.427305 -0.270457 -0.307080 -0.265868 -0.278881 -0.219973 -0.088940 -0.007990 -0.146610 -0.153072 -0.194597 -0.235449 -0.370551 -0.523733 -0.226831 2.185942 -0.381624 -0.481993 -0.259518 -0.236729 -0.221345 -0.193554 -0.076600 0.031481 -0.081122 -0.095455 -0.202217 -0.281260 -0.325800 -0.447705 -0.220713
0.086053 -0.098976 0.011453 0.228804 0.546612 0.728773 0.881303 0.815346 0.844007 0.819086 0.595972 0.121685 -0.253350 0.114291 1.663622 0.056062 0.280625 0.405040 0.485520 1.112363 1.079827 0.679856 0.367089 0.163523 0.448891 0.321958 0.099743 -0.077299 -0.279865 0.056453 1.710615 0.059160 3.512225 3.771070 2.432406 0.382609 0.320671 0.161232 -0.075930 -0.162739 -0.089180 0.079110 -0.068004 -0.267595 -0.214970 0.086381 0.682186 0.046776
-0.434415 -0.307607 -0.261550 -0.339131 -0.353165 -0.300771 -0.369494 -0.401355 -0.393040 -0.407668 -0.498371 -0.498306 -0.262677 -0.004259 1.207780 -0.266770 -0.344682 -0.258217 -0.257918 -0.330368 -0.370933 -0.394856 -0.374932 -0.299234 -0.447700 -0.442654 -0.350901 -0.351221 -0.197697 0.369740 -0.162920 -0.269718 -0.412917 -0.316295 -0.425205 -0.267387 -0.320154 -0.332167 -0.345563 -0.311465 -0.418339 -0.387830 -0.257254 -0.174984 0.259265 -0.240046 -0.477017 -0.265188
2.436618 0.469413 0.504323 0.341233 0.143391 -0.118845 -0.254139 -0.330134 -0.345675 -0.375113 -0.465985 -0.501471 -0.350624 -0.467459 -0.529508 -0.285986 2.263508 1.411123 0.681604 0.452754 0.153340 -0.146694 -0.270399 -0.259295 -0.394378 -0.407080 -0.361693 -0.418139 -0.370268 -0.405356 -0.523681 -0.265290 2.334457 0.974622 1.372924 0.164648 0.046336 -0.137925 -0.237928 -0.264642 -0.369527 -0.388476 -0.319802 -0.405098 -0.416053 -0.336851 -0.429805 -0.253335
-0.434694 -0.243802 -0.188775 -0.281800 -0.296358 -0.241991 -0.252607 -0.226287 -0.168216 -0.204052 -0.307784 -0.377948 -0.317752 -0.459670 -0.504536 -0.272051 -0.422572 -0.305316 -0.147880 -0.256973 -0.298332 -0.298438 -0.252759 -0.186852 -0.215471 -0.235439 -0.268613 -0.358958 -0.353699 -0.409330 -0.492972 -0.261861 -0.444885 -0.370633 -0.300751 -0.220749 -0.265259 -0.257200 -0.238026 -0.192079 -0.162636 -0.130509 -0.199410 -0.333156 -0.391757 -0.334375 -0.414142 -0.252400
-0.208542 -0.182629 -0.215766 -0.292736 -0.319865 -0.279178 -0.341731 -0.371981 -0.366066 -0.374843 -0.442978 -0.456562 -0.342411 -0.489745 -0.515099 -0.036603 -0.173015 -0.114576 -0.182864 -0.269086 -0.326948 -0.359280 -0.349381 -0.285574 -0.423991 -0.412470 -0.347182 -0.392758 -0.367146 -0.405987 -0.438042 -0.063054 -0.195716 -0.191773 -0.320397 -0.226955 -0.284414 -0.301767 -0.320897 -0.297848 -0.404012 -0.401492 -0.308753 -0.379898 -0.393307 -0.302422 -0.323595 -0.152690
-0.353690 -0.221173 -0.239312 -0.322513 -0.344593 -0.294444 -0.352662 -0.372657 -0.356401 -0.362962 -0.425790 -0.421464 -0.309105 -0.431762 -0.514404 -0.282677 -0.350084 -0.240471 -0.209488 -0.297013 -0.348184 -0.377847 -0.354694 -0.283594 -0.406358 -0.391513 -0.333168 -0.368928 -0.340790 -0.402855 -0.529592 -0.263879 -0.327729 -0.275514 -0.384695 -0.246753 -0.298148 -0.307753 -0.320344 -0.288948 -0.373820 -0.368883 -0.296284 -0.372318 -0.411601 -0.348430 -0.462175 -0.259786
-0.065292 0.207032 -0.192394 -0.281297 -0.284640 -0.235680 -0.262812 -0.265061 -0.260432 -0.323907 -0.431535 -0.490616 -0.340674 -0.439900 -0.459967 -0.230056 -0.404048 0.565497 -0.130826 -0.217985 -0.269760 -0.282539 -0.271785 -0.228557 -0.303944 -0.336729 -0.333531 -0.411868 -0.364361 -0.388526 -0.458444 -0.198117 -0.404574 0.134640 -0.233308 -0.195478 -0.236421 -0.235198 -0.239757 -0.227016 -0.275931 -0.293925 -0.278343 -0.388637 -0.398224 -0.322613 -0.398031 -0.200630
-0.276650 -0.322748 -0.296782 -0.354334 -0.360485 -0.303685 -0.371092 -0.399729 -0.385376 -0.396528 -0.488525 -0.516979 -0.291074 0.240911 0.019458 0.932400 -0.228136 -0.447135 -0.277079 -0.338161 -0.372493 -0.393661 -0.374140 -0.297616 -0.439355 -0.440627 -0.381823 -0.434868 -0.338821 0.092660 -0.264358 1.136862 -0.263245 -0.391119 -0.493074 -0.275436 -0.323043 -0.331039 -0.342961 -0.308498 -0.417650 -0.434863 -0.346175 -0.414589 0.002657 -0.261912 -0.208399 1.167931
-0.312044 -0.294540 -0.285975 -0.339572 -0.339625 -0.279792 -0.317850 -0.299005 -0.214236 -0.154181 -0.152554 -0.269457 -0.315940 -0.469346 -0.512922 -0.286346 -0.139247 -0.373621 -0.256696 -0.306966 -0.332378 -0.314602 -0.179788 -0.112981 -0.250353 -0.403565 -0.381939 -0.442819 -0.387474 -0.416459 -0.558365 -0.270477 -0.228719 -0.328077 -0.439676 -0.236347 -0.221804 -0.120387 -0.094755 -0.245359 -0.399948 -0.432855 -0.350776 -0.430563 -0.432066 -0.345681 -0.467545 -0.265120
-0.346098 -0.319818 -0.268594 -0.329391 -0.325627 -0.261821 -0.314166 -0.360264 -0.357074 -0.348192 -0.329391 0.113994 0.266384 0.172065 -0.058331 -0.261616 -0.321141 -0.424143 -0.253144 -0.328836 -0.360804 -0.367646 -0.330437 -0.258339 -0.363765 -0.380517 -0.308658 -0.180801 0.244652 0.305461 0.143642 -0.243413 -0.348554 -0.392701 -0.447936 -0.268863 -0.316916 -0.315271 -0.307226 -0.260400 -0.324690 -0.340750 -0.250858 -0.116861 0.419883 0.122649 -0.171031 -0.257597
-0.416662 -0.314634 -0.278798 -0.326382 -0.336418 -0.284468 -0.337454 -0.338455 -0.357056 -0.409799 -0.506769 -0.550558 -0.378285 -0.515313 -0.562356 -0.288976 -0.406170 -0.432104 -0.268574 -0.310953 -0.336304 -0.354898 -0.340328 -0.265931 -0.423895 -0.452507 -0.390715 -0.453171 -0.400701 -0.440020 -0.573275 -0.270521 -0.403600 -0.322090 -0.405072 -0.253405 -0.315675 -0.327850 -0.320798 -0.277744 -0.418145 -0.443494 -0.355189 -0.437005 -0.447193 -0.363815 -0.477465 -0.265188
0.827538 -0.042972 -0.256969 -0.331760 -0.345286 -0.292075 -0.347051 -0.363097 -0.312984 -0.294205 -0.322565 -0.205306 -0.108081 0.219988 -0.019969 -0.284289 1.116962 -0.045043 -0.200333 -0.299778 -0.346815 -0.371086 -0.352772 -0.279109 -0.373418 -0.318726 -0.275901 -0.225611 -0.103475 0.087541 -0.013040 -0.270087 0.390002 -0.075420 -0.358188 -0.238291 -0.282279 -0.298611 -0.312724 -0.280098 -0.332816 -0.309179 -0.253389 -0.273367 -0.079955 -0.018471 0.004654 -0.204141
-0.414541 -0.323900 -0.300125 -0.357815 -0.360292 -0.297841 -0.368926 -0.402755 -0.393713 -0.406892 -0.483860 -0.378739 -0.232921 -0.487579 -0.510142 -0.225178 -0.399031 -0.449999 -0.279051 -0.341166 -0.371674 -0.384607 -0.374128 -0.300482 -0.451623 -0.447742 -0.368023 -0.246337 -0.332635 -0.424172 -0.507934 -0.217412 -0.403966 -0.394883 -0.498879 -0.273336 -0.318336 -0.332043 -0.348201 -0.313492 -0.424681 -0.341558 -0.216120 -0.396197 -0.432376 -0.349541 -0.439202 -0.228532
