27862.032995 5929.953792 8309.409571 -2001.692114 21064.755879
-1401.703479 962.668580 21771.581483 9197.266731 14734.709443
-44064.003377 533.373213 7850.491037 -702.913261 19290.131439
-116303.474116 -20647.347296 16627.700222 -5927.223787 40067.331228
-80931.691272 28343.646046 4303.748668 71.881698 -18912.168124
48029.320313 8671.489242 4009.934116 -781.351650 -14791.164092
-68621.784056 -2538.781427 -34436.086779 -22387.425251 -26278.450314
38821.027862 12931.264290 -2193.639864 -503.129595 -11367.703990
-31820.223695 -6042.244233 -33025.946745 -3152.671405 -39946.395858
21140.585222 7182.381683 7395.786592 570.817827 -5109.578201
-46167.146351 29456.967052 4994.862990 3822.720308 -24181.553540
-127203.358009 -40757.441891 72219.450503 42340.165848 50521.546554
-136784.048548 -44062.465328 26626.866529 3126.588673 64937.462392
-46325.898830 -17397.677445 3677.606360 11089.775164 58903.258169
49399.820487 5067.013298 4108.377912 -2063.905405 -4242.693344
21939.363292 -3586.487244 -24328.228200 18445.837486 -6609.204177
-148870.929002 -2339.612044 53716.606438 55195.746077 48696.989663
-18215.370812 1295.231920 22780.050143 3961.827817 42320.905390
18332.637015 -2765.881500 3936.882122 8282.859643 22442.617083
-9303.508383 8820.581887 -13539.011063 -11622.025464 -22478.194421
26428.531991 1222.375148 -16959.340075 -13963.978953 -3020.217787
2612.645713 -3387.221903 -7921.049354 -15026.357134 -4892.884267
53831.284616 2974.560330 -383.201907 -3951.928306 -3015.741962
47079.462674 8016.038283 -1436.362561 -5625.406233 -15586.563749
48860.286624 2370.449200 6802.049675 -1698.411406 1680.754306
25729.934349 8015.263168 -2814.315895 2496.286874 -13359.566572
45377.691976 3450.722517 1139.251925 -3911.842775 -9318.910441
45248.052388 -1302.926044 -2476.017623 -4706.991636 -9639.474026
18446.227871 -238.762653 5042.706627 -3476.176618 3540.070859
54463.970146 3754.930238 4450.512603 -2670.114348 889.709809
11908.450497 4392.599730 -4914.045313 -6681.724708 -22725.706966
49962.251708 4587.720775 -942.878855 -3597.360484 -10002.121260
-66218.455940 7820.414836 16302.205533 6765.115346 23312.257654
31197.813633 12567.359007 -597.460782 -4389.143780 -10959.441341
18227.796771 3276.175717 13348.471048 -1539.858853 28311.009468
-34855.512932 11769.014701 -7585.425667 -8243.593021 -27756.325791
-52693.976412 14672.129108 -2435.698770 -6659.676724 -23446.190808
-53981.198364 -15959.848603 -11814.726039 -12507.853517 7731.672124
12304.870595 -31002.433103 -20377.755410 -32869.060130 -18086.427043
-49089.682367 -24689.779954 6527.018997 -4425.118007 44804.818688
38171.267446 2095.244595 -2565.312820 1082.288371 -5534.535716
-77989.801639 -14042.204404 17064.704532 6285.653809 38153.186632
-22476.703239 2320.069808 -14569.811290 -11889.193313 -27539.466429
-54363.810651 -5466.923554 30941.236503 11482.477105 36458.791845
-43436.675652 -34222.031011 -64528.237170 52579.880722 6219.673306
-29177.795189 249.292411 17363.320758 4113.595014 24499.848811
36010.589404 648.286069 -4773.566983 -7523.807965 -7572.561958
24309.771807 -6428.189455 13718.910137 3486.300239 19063.588860
1647.434578 10473.353374 206.470652 -3698.262316 -20696.530366
18496.925137 -5272.954985 14290.828440 1838.044989 24526.418016
3218.194110 -1223.854952 -3532.981387 12091.680841 -1279.951565
-625.397847 478.698648 3257.778636 -4255.926905 -7371.653466
38091.090658 5642.372688 5189.761014 -267.177633 -1587.886349
49501.485129 6703.952684 1460.334596 -2458.838947 -10150.592853
10720.139655 -9772.047703 -21175.868626 -9403.833526 -1287.462504
21262.930800 -8185.463338 -7261.470372 4587.163256 -7111.915297
-73193.702257 -29349.190024 -84625.109070 -1766.768993 -50670.907172
43519.949750 -462.498653 10573.486866 220.607714 8325.903975
-94196.410532 -30911.345381 -55460.029083 -37398.319437 -46358.356266
23966.248431 6460.646650 -4692.695179 -7104.362418 -11746.344774
5287.427402 2667.729752 13606.394614 3552.573579 14879.575671
43702.899592 5993.219122 5863.135715 -1697.293570 -812.792026
-55167.392992 -22434.557383 41232.199936 3644.225447 108907.543355
17478.765178 4722.178938 10005.425150 4632.354937 -9268.607961
40447.333279 7409.929540 2595.845137 -3036.634903 -4660.139514
5055.036930 -3049.695566 -4019.427284 -9119.437315 -35005.376381
-148862.829484 70716.835081 0.985221 16484.042911 21504.448754
41895.792180 5048.353747 -502.163457 -1349.123104 -9363.069625
7388.906943 -11596.362884 -37240.207747 38130.645441 9841.462934
-35451.711241 -18123.530271 39056.910806 20611.485404 61197.492542
-224108.987612 -1254.958758 2895.628535 37505.950958 -7497.208785
-38083.659899 1006.631146 22094.797327 11599.610935 19750.189463
32878.351874 4624.178243 1562.327585 -3318.253524 -16979.380671
-100906.304343 9212.746297 -12400.341025 -15368.277931 -53610.447314
-19859.077397 -5598.340218 3635.118744 -7982.252793 18790.306005
-48409.997560 3344.167670 -9306.357222 -5470.979758 24193.187308
36200.917394 2913.544572 -925.797169 -4743.770319 -53.292389
-5835.866065 10972.456760 -1008.441899 -4643.859322 -26814.488227
33961.231171 8090.649894 4695.936983 236.043618 -6201.067391
49947.029632 3283.755829 -4495.129225 -5454.783982 -15226.292562
-117399.458274 2769.460197 -12161.859375 69538.939459 -186.635936
47003.932133 3860.077975 6380.936135 -1264.323304 -3530.247492
28431.434486 -7550.217415 -20157.817371 37119.795452 6753.219483
-13773.167197 -24588.505707 -37751.056221 -40706.871583 -16456.630059
28112.799467 -6284.219777 -1223.381590 -13257.255104 9105.578644
50597.177721 3514.210841 1368.083612 -2644.014511 -9554.383140
-87239.202583 10891.556076 -14867.853806 -11614.930831 -35331.289320
-104730.910188 -355.781778 30351.608027 10629.569664 46730.611988
9009.056396 -13244.111545 -1569.720106 -11388.936286 8266.694057
47490.978965 1192.664826 -880.234576 3806.388837 10963.893264
13363.074295 -5764.143497 -11639.735868 -10446.555841 -20739.093471
-3466.654013 -2181.119618 17802.965576 3313.452731 16860.876948
47782.113168 7775.213212 4355.541608 -2316.463398 9363.889141
40740.807939 4505.279127 5403.270634 -780.742571 268.357957
40203.995411 419.843771 135.729762 -6151.374119 -9616.279251
14152.215078 -924.098478 18887.378842 7992.561986 6349.232241
30041.885789 3952.950487 -12724.307479 6976.809960 -7278.293149
-74374.016480 -37232.610966 9296.322351 483.081150 92401.521219
-3143.552297 2699.383103 -29491.164931 1402.175217 -23795.198928
-68294.054251 -12170.040721 -18680.785702 -12697.324730 -13901.333541
41889.048355 4103.750126 9379.033120 2560.126873 -5725.161641
51408.279629 3083.094672 -2913.669695 -4395.712328 -12317.789673
1577.284112 -2481.798305 15093.023473 3574.288458 18317.495846
43088.715674 2383.354229 7731.964355 -963.061221 3736.534529
17530.662560 9268.781795 -3851.294718 -8385.404761 -20059.475255
19025.850456 6380.036160 -7000.677435 -9530.564823 -27927.160493
-39837.852842 -4369.794664 -15779.760925 -18955.928046 -16440.617125
41660.567232 4210.806437 3927.856594 -1569.616720 -2992.208428
51032.376741 6395.599554 7121.789443 231.441045 151.301881
-69153.798871 -40080.505829 34830.756256 11850.295877 45510.634845
40950.188520 3520.326229 7186.768086 140.527163 2460.322848
45123.947793 2615.277423 9143.226800 761.710367 -1051.144633
28491.946879 3880.467533 12519.251458 3505.243782 -9934.672532
20266.035295 -11191.797315 7920.969110 -3285.019113 683.238840
27279.011296 -5289.925090 -1400.100431 -9316.778811 11900.838261
36073.041736 2842.827310 -11108.462083 -8876.640665 -13164.068177
-34479.872741 11888.410399 24951.659379 14556.717869 307.791365
19642.407155 -143.501140 -13071.649826 12451.303401 6815.878034
-8174.260322 -2302.946587 2239.692746 -5230.228765 -19849.084213
40031.011587 -400.626274 12260.204238 1566.959821 6102.588959
43257.391049 7848.976469 -2124.244600 -5190.988138 -15210.485322
17270.847277 572.042724 11198.563089 830.452461 15043.749065
37779.292963 5228.675326 7366.819942 537.035698 -5806.174574
32370.734574 3083.889516 3221.871231 -2277.451393 -5223.031285
14124.391383 -6942.209594 19853.734527 8829.941869 18322.050914
-44823.082668 910.139705 -10928.540604 -639.425548 -1832.261057
40291.441459 1332.190646 -14466.680540 -6530.569041 -18033.392576
1784.687973 16062.329365 53.832334 -3088.698305 -14210.186388
28883.937824 -2082.007674 17065.407316 4272.540045 12394.370538
33630.397492 -12143.306335 -16886.602911 6830.445270 382.276011
30338.307291 5381.323935 6094.472042 -4.214996 -14992.855638
-77773.009586 -15674.289847 -39906.698382 -32532.963406 -40630.280939
38921.037601 10336.695652 3335.665579 -3211.911858 -2444.333424
49893.276712 6624.802220 3215.948405 -2052.789754 -10156.276741
38829.112834 3858.087449 5694.875335 -616.410200 -12545.465151
59110.295393 2129.367102 -10436.533880 9186.213509 -6919.114604
40619.514968 -136.104913 13634.262156 2731.390919 7335.837150
52323.719205 2403.961497 3998.155881 -2437.738544 -7148.460564
24961.262679 7637.018613 12455.894497 2620.741888 6832.677407
28854.601441 -709.965080 14559.003549 -641.487092 39789.667005
37213.074716 -3159.787818 -10716.709265 -14051.775230 -18008.884565
36625.703559 975.014944 1985.194340 -4594.394284 -7993.898594
4785.469806 -6049.019978 18024.520403 6134.233500 16515.935863
-70801.870203 -3997.367970 -37984.844275 -31723.565591 -67569.629421
-81068.695083 -13926.567401 -48909.252677 -40544.356929 -54692.005098
49194.230212 6328.695039 6722.474591 113.330016 -7308.810352
50928.651721 6276.492255 2536.582468 -2785.316037 -11973.197620
32188.752889 6131.024155 4427.281894 1863.160181 -9978.262118
-18163.424641 -17124.667343 -21074.737536 -18341.943258 -4139.982472
37904.347786 2083.447826 -2208.910353 658.299359 -5916.608623
27860.314266 5869.897758 8328.187282 -2094.911743 21468.680519
-1408.914114 976.738735 21763.947169 9188.008909 14695.275010
-44065.485508 531.907906 7852.725453 -704.213052 19292.471143
-116305.465282 -20724.297478 16626.134809 -5852.688990 39918.943051
-80930.700495 28344.815552 4301.576422 71.756905 -18912.263838
48029.785333 8680.819079 3998.014136 -791.370457 -14799.019019
19889.017148 -6951.597241 -25443.597813 15262.968267 14568.839487
-68632.927427 -2545.670277 -34407.478724 -22429.670639 -26283.271230
-31238.308026 -23316.073294 -40588.182502 -27803.529560 -12486.654616
38808.843304 12917.980168 -2188.377745 -559.048076 -11359.491035
-31786.528493 -5814.981136 -32759.714958 -4098.819955 -39876.672820
21137.631554 7160.895606 7421.611305 573.756480 -5262.669243
-46181.905749 29467.182299 5000.308335 3833.810262 -24231.074683
52940.498780 -341.945322 -10756.039322 4593.468571 500.109330
50407.046829 4697.165784 -2917.025536 -85.963473 -7080.005798
-103440.569850 -2128.832007 31763.199402 43037.200035 44143.601210
-97787.403208 -6822.935523 13132.464817 14795.979221 8870.344180
-11970.795215 9821.942921 15477.791344 -4783.571942 68852.545838
822.587096 -17559.266604 12143.784419 -4529.453244 46964.427450
-127272.430992 -40780.491502 72282.191046 42377.264092 50406.302042
-136972.157132 -44155.935904 26802.840568 3193.021412 64702.624809
-46327.571989 -17395.140847 3684.130641 11083.412779 58900.487267
-57975.156965 15409.320000 14138.850455 8964.985838 -9997.485940
-10310.548991 34595.792408 3402.654207 3794.612888 -17299.113207
50316.495494 4734.279029 868.369136 -809.666260 -4617.185286
11764.248639 -5760.612425 -6149.252160 -3297.126963 -20239.530592
40904.616010 9069.617892 8.415774 -2723.395061 -20218.696284
38926.134956 7436.724651 5683.968791 -731.181918 -7044.779366
33878.169393 -1129.268369 7419.668707 -1868.054662 8692.715127
18374.380536 -2737.984444 3950.665161 8126.176728 22389.054044
33742.429271 1355.013498 -12345.827294 981.196511 3866.621080
20372.305077 -4050.031868 -13604.375276 3858.897612 -12837.995127
26547.802784 12048.512743 11364.996147 2968.860137 119.221576
48099.862955 4976.415762 5133.912882 -846.405320 -3916.049685
-109517.921837 58448.515808 -64197.380263 -6220.020741 -70062.797732
41519.824397 3432.556611 -3230.682329 -1421.430121 -2712.991996
2621.339723 -3387.163595 -7906.000173 -14826.351546 -4985.917711
44792.320813 4434.803563 6477.402762 -1774.202048 5343.523823
28236.171143 1270.580069 2911.890442 -3511.184604 -5238.619349
49918.480055 7105.845603 -2395.931360 -923.234613 -12647.916598
46380.590272 3446.668789 -5852.344426 8793.509224 -5640.977997
41978.782286 2823.904432 1942.285181 -2241.679896 -7215.875855
42713.441229 5437.662120 -2823.126633 -1323.529030 -15557.334615
22155.754691 -7538.878135 -32948.455659 -20627.732587 -24321.698682
45325.415493 801.628708 117.062597 -5284.133619 -15089.978622
49528.501806 4999.491799 1734.099152 -3877.624913 -6170.423672
-9586.304675 2127.345366 -7034.244117 -12547.010505 -17073.011152
-43719.539323 20230.346955 8550.476487 4374.458367 9423.607781
33905.874270 -646.652969 -14120.591073 -12112.395553 -10359.206678
28266.073442 -127.919135 7940.425093 -743.250246 5140.018580
48221.748057 2420.838567 7827.043278 -489.072443 1490.880721
-45567.415108 6524.569642 -12805.137562 -16441.097281 -26187.965778
37412.328004 3330.279701 1474.058242 -2196.726186 -10896.335132
-177305.418899 -31121.713528 35103.977920 15071.038414 24154.945562
32386.149815 2228.794149 -6607.721202 -10303.511896 -15554.042110
19506.566361 -1940.989800 -7581.798020 -4393.062257 184.909736
54439.520183 3767.196667 4464.826500 -2641.344192 812.910181
38150.135404 1491.025657 9345.923789 1090.677808 -4666.294104
47486.373747 3570.953976 2317.825004 1499.882865 -2672.766908
47230.961104 5883.429231 5950.021431 -1142.955159 -6550.993688
10551.815453 17200.856871 -77848.717233 52996.828487 -21353.266112
