76256.144837 -125925.142910 -102790.571431 -96075.932064 -56813.075428
65700.323802 26969.053111 37554.341979 26982.434731 7653.951510
10751.512454 -273870.185579 -259038.438381 -311619.906670 140844.904941
39695.874726 8358.941793 14261.478313 1577.126735 25995.310833
137285.902528 13981.397337 32241.673165 10280.192869 -8234.190810
-2605.221167 -4391.725625 -46073.480651 -24820.518042 -28295.937494
-108551.599865 56226.296699 13769.265562 3689.349682 -22378.135766
23791.602065 -160185.196445 -115771.649287 -180858.065486 82220.934712
151109.837009 4338.105122 -10477.077747 49734.021124 -24.608202
140298.690323 12452.577024 34482.798545 8024.613753 -15101.309775
-177908.433336 10375.018451 -46911.025700 2979.581503 -14337.817273
-460639.032006 -156900.752605 -778499.732195 312194.394737 -94690.763053
-66411.380186 -64218.997161 126831.735838 37340.949845 292263.358891
-41237.536766 37841.782000 4904.192034 9294.757057 -25569.428398
-430340.290460 -18195.506284 -39244.406460 -6274.632784 16339.832435
-460875.620415 -498630.152932 -367738.096870 -574789.999802 343816.067892
132727.128350 2022.600104 21471.139393 -363.735144 -6327.078312
65900.991949 -42047.087430 -39561.362886 -65901.351647 -19994.286966
44486.236624 1185.814462 -18991.487808 14045.545159 -6953.337786
43821.917242 43707.901470 30315.860613 19407.269943 -33251.230402
38477.538972 -21134.772423 -6226.025484 6446.834523 -27586.656837
-54050.361721 -290950.379750 -169911.501700 -223402.481222 -212248.168702
79981.151271 48204.497631 16350.388050 8075.921757 -37782.193370
119095.078688 4265.390734 21761.190418 39925.013053 -2324.794402
-44788.579862 -18724.812488 -18933.218471 -26790.678177 -11667.939543
126921.365717 18996.532745 27424.231561 6395.711464 -36248.474171
-4240655.257893 -419607.656522 387817.932728 94838.567684 -167514.561501
-86167.194442 -23470.363359 40126.849733 10063.231218 20259.015571
-313800.182755 -152307.782599 -132360.780017 -18818.262374 1934.320585
112534.682076 12297.228618 11046.424183 -6129.159047 -18762.567031
125687.837954 28321.965710 35428.390015 11582.050772 -17329.607812
37328.617132 -33385.950563 4454.317019 -12236.257353 -372.289094
49499.100241 1652.481087 57993.472608 33515.142507 31177.257232
142874.192264 1349.541104 13655.905657 -5119.101933 -7657.139569
20529.436212 5860.375066 28559.955227 8158.071394 16799.323175
-233151.860377 -32842.042116 -1636.273384 -46319.428917 28802.974480
121295.315288 29369.933241 25581.572211 8825.387174 -12540.074467
30342.596630 1764.020646 -9846.350004 -35175.545071 -23973.916228
-17793.330505 -101.630201 21398.708485 56418.488115 21893.759799
17136.501731 25576.988727 48520.811616 26624.640412 -16029.743225
-163881.624988 56028.205451 -8093.554216 -7973.453336 122987.704123
87718.768356 26836.277465 47711.648001 19865.805340 1476.115562
104165.478055 18536.540376 50402.909792 18878.299056 18276.610614
-482393.432583 23267.645805 137293.933300 64067.319969 298896.171227
24272.581730 43740.914777 94.307091 31591.612856 -47064.932183
129949.508665 14499.575379 43302.654219 11648.615542 19021.151916
-1454.010916 -5905.708360 98848.218310 44470.037456 95197.092518
61841.005786 -33088.345521 -6963.894273 22158.923173 21750.146612
71012.644606 -30004.822962 6689.757575 -21318.555130 94236.718716
113988.957766 18345.244213 18338.780439 -4105.544872 -31147.756315
25342.742445 13582.396525 20776.537729 -8826.432689 7455.369640
97861.829696 15432.112019 40174.594807 30728.949469 -633.473041
79035.923848 9247.533687 -24048.318314 42645.239182 -7391.304490
32477.165093 42487.569382 -37729.229539 -45077.418143 -84705.541540
140725.608959 20720.863013 34193.347818 15275.139194 -11647.958169
133116.397296 22497.514694 33581.514248 11345.115332 -15580.824112
75939.901332 -3181.007091 62068.702702 52511.600412 20826.793928
-406804.967570 -234245.736846 -398805.133334 275397.764515 77201.129265
74964.248714 11904.207489 15409.162139 -3429.001428 -37719.234384
115788.860088 10678.501164 24288.876081 18386.240096 -5342.395974
-112015.186657 78741.599681 -54034.245131 26872.673212 -17705.044200
92741.230484 14082.326778 -62624.419879 111063.017594 1051.670666
-494191.667328 -47142.124011 30638.755177 11366.511988 58530.730715
-413399.509860 -47818.001472 -223717.123295 -41463.402166 -66204.053528
127062.278194 21077.635299 21152.154909 -1555.998905 -17254.533395
-125465.169273 83840.872447 38014.055332 23727.823640 -43867.311756
-147827.383378 -56117.711720 -101706.207161 -81886.429645 -286295.346327
92890.988539 10409.705503 17696.361799 20894.376669 13880.795997
87099.531547 13246.384462 17070.094246 -1960.105143 -20993.345926
126205.967449 13397.973946 39267.676079 13593.659873 3113.166578
106022.105779 2586.927199 7275.946339 -7013.268520 -618.914100
80964.090372 -177.262795 9448.402050 -1924.816829 4451.137633
125157.597987 19278.808313 43459.973617 14460.973069 2986.579179
66452.634020 41678.067583 4461.906502 -4747.145840 -48021.707617
-12838.127306 -8023.541904 76404.264380 79909.090173 11666.377806
146023.223662 20063.329835 30200.206764 7058.622363 -17143.526601
135748.358758 20914.957735 42307.508901 15961.639469 -6843.915946
104367.091810 -11085.736405 10237.301912 15273.219436 9660.475295
132588.694595 15206.101765 30336.284992 9552.746720 -18462.340901
85091.185259 -2722.776220 64115.594732 26916.009765 14633.800605
135428.507883 9607.098508 12413.071958 4877.191194 -3638.850485
104897.566676 11600.734073 103.456100 11391.360197 -4093.649988
125124.461635 4935.253136 25455.984925 -2030.975452 -7139.417689
104332.693462 17088.556668 38948.568243 13833.740876 87951.076320
132120.217121 -2148.976602 14429.526899 -7759.458521 -12114.356516
75115.756967 -24148.062767 -26248.064749 -35179.448000 -24454.987772
11969.717638 -27970.394036 -30672.361044 -44412.143587 19872.170069
127703.226721 6843.738473 31701.472272 1304.935240 1987.750746
121921.381925 20644.727951 33661.225497 7436.009677 -11704.236021
118566.601822 24606.291467 45565.709448 18576.708037 -1571.658267
129168.541817 20326.148901 15248.688913 -8317.132430 -18342.790550
65832.164782 -150060.489959 -87775.951968 -113369.710525 -171789.123770
-53471.688649 -8373.192897 98442.696119 46516.903945 69010.920382
64712.259908 29788.187424 19143.820704 16949.455534 -23224.599458
95187.543674 -41028.330974 5609.583826 -14949.206269 -91323.210878
126341.760333 -40557.207924 -23471.229142 -44219.386143 -11944.321050
98958.454488 34525.988258 22257.567759 13486.781704 -17964.936029
58755.826766 26174.144138 27158.472763 11413.493841 -19719.685885
108350.510939 23381.664775 41676.906993 14893.392201 15047.577466
-84690.672280 -31078.960712 21516.044904 -942.958439 27654.482017
91361.344038 -1226.214422 4722.631805 -8484.818366 -13053.446118
105204.103212 -5798.575210 20639.031094 4120.697592 -19881.444546
147966.712649 15604.395319 31987.976770 12914.510436 -9280.349361
119618.021717 15283.219608 24429.405745 15888.346598 -10135.012754
147383.275008 22483.583026 37465.728103 12112.936263 -8819.114673
5020.431745 44768.292687 12745.209764 6700.187727 -24134.377284
87561.230941 7797.238438 29671.178932 11617.003903 -8136.837926
123875.379570 5804.401596 56497.000081 17536.384051 30906.073445
5354.614502 21237.764121 69024.066193 44414.790952 5138.494480
16084.936518 9953.131320 82825.723848 43730.476306 20776.436605
17081.891232 38138.801181 25315.048673 8940.299696 -46182.818365
75701.944133 20658.337438 25425.025356 15166.495632 -7917.962630
4290.260110 -42162.779446 23539.553839 25323.467938 127975.277048
146085.705391 17121.190069 36208.857879 11625.645284 -7669.323415
-9610.613908 131674.139313 -12521.622148 -7962.541598 -75399.686730
-1711408.130581 1384596.199570 -402515.461581 -237193.887025 112787.613097
104265.526684 35770.552640 23430.125998 7433.864724 -28098.815253
140560.367735 18615.719172 36284.077065 11721.948018 -9335.418345
98197.773484 -43909.217480 -360.385030 -17428.893222 -107549.890180
55288.777637 -138588.515472 -121309.243114 -127682.602971 -39187.173756
141333.014157 2104.288013 27794.363550 92.510607 -17350.343306
56885.153552 -10955.328283 36966.213296 4417.291192 2545.111472
105672.479750 17058.334000 27659.341610 8343.836558 -13049.244769
99656.416230 11278.104288 11398.899318 -3398.430318 -19563.143265
-11084.534845 28508.831975 46878.939689 24306.129671 1979.665742
146726.674041 18398.106358 36938.082886 11377.000634 -10237.505074
102217.044137 18712.552901 40362.554624 15582.851209 -13254.065332
72496.723569 10908.641326 -2594.628819 10636.700704 -15327.532251
108221.769460 -15213.897634 4640.395774 -26274.295149 -7543.866122
144147.767409 12210.080208 18712.821476 21513.770625 -3067.410079
86690.101118 -28391.973058 -46135.410595 40491.579944 6240.986833
30331.435826 50400.769460 16277.748111 6060.957224 6781.546007
121589.551349 -6216.817450 14280.952378 -4371.478956 13291.710402
141036.043314 14761.691007 19217.614481 15449.142883 -13818.467611
121803.017422 26399.121633 33509.287544 11227.671898 -17193.975491
95178.634599 31658.484831 8187.628465 -5967.877360 -25538.905668
-184680.357843 3355.340916 11421.989667 13779.173432 117551.333234
144213.148022 -3741.736563 16699.743845 -9216.414077 853.393081
-1709.208321 -15083.795631 98000.400391 40445.596465 120141.993162
109352.227891 18193.035425 30846.385632 8654.066777 -19356.204426
134527.867266 10691.119099 30164.960449 21891.724797 4662.097284
139917.937763 13081.274801 37181.894542 9588.517614 -5034.949910
108432.833990 15301.165475 38560.124785 13557.321770 16586.412183
147703.785403 -6919.530357 -46297.193364 73846.955135 9685.197481
120138.459889 27573.017472 32114.165718 8200.017193 -18893.643846
127922.536766 -16829.400974 -5674.272527 -35147.179692 1679.815586
145456.488565 23473.210481 38949.148663 13391.300695 -7388.997303
127231.733639 -6673.080190 14683.782944 -14426.350739 12902.706975
151483.655075 12934.486545 31104.482463 9890.349850 -12232.055494
