27862.032995 5929.953792 8309.409571 -2001.692114 21064.755879 14922.564119 -864.632398 3449.797537 -2063.362498 -284.318180 -2085.041449
-1401.703479 962.668580 21771.581483 9197.266731 14734.709443 -5097.181660 11647.420328 4700.069075 -3275.580242 -1441.703740 3031.221457
-44064.003377 533.373213 7850.491037 -702.913261 19290.131439 22093.395677 -6165.263615 4295.949736 -5927.401691 -266.101286 -2787.929880
-116303.474116 -20647.347296 16627.700222 -5927.223787 40067.331228 27706.960049 -8332.166881 1552.091497 15651.883500 3401.772780 6019.950408
-80931.691272 28343.646046 4303.748668 71.881698 -18912.168124 -4925.276869 -34894.755388 16155.124009 17484.858717 253.303375 -14593.446530
48029.320313 8671.489242 4009.934116 -781.351650 -14791.164092 -13044.379499 5385.856208 5986.365688 -4187.660813 -2574.106926 -3193.801184
-68621.784056 -2538.781427 -34436.086779 -22387.425251 -26278.450314 1765.839495 -26615.152322 4008.729035 5261.542730 3937.956548 -464.149910
38821.027862 12931.264290 -2193.639864 -503.129595 -11367.703990 -12549.641739 -189.954843 2495.975816 -1020.892171 -3302.132199 -6610.024091
-31820.223695 -6042.244233 -33025.946745 -3152.671405 -39946.395858 -18455.627804 -25156.371676 11304.866161 16093.922247 30420.551330 -23797.512079
21140.585222 7182.381683 7395.786592 570.817827 -5109.578201 -5011.584054 6113.267339 1208.860537 -7970.644020 -3610.537928 -1221.174705
-46167.146351 29456.967052 4994.862990 3822.720308 -24181.553540 -21276.407944 -7608.979864 30171.900250 9553.585171 -4349.196004 3050.692116
-127203.358009 -40757.441891 72219.450503 42340.165848 50521.546554 -14987.441225 42851.603061 -78526.144199 29109.400117 11101.931971 29221.824156
-136784.048548 -44062.465328 26626.866529 3126.588673 64937.462392 24287.211916 4798.211867 -61834.393929 30114.815330 22505.845183 25467.044758
-46325.898830 -17397.677445 3677.606360 11089.775164 58903.258169 38644.096453 -2089.875389 -13752.196165 -3074.066346 9443.040962 14263.001438
49399.820487 5067.013298 4108.377912 -2063.905405 -4242.693344 -838.071171 3056.320298 -388.165468 -6124.815317 -5229.470420 -3564.017339
21939.363292 -3586.487244 -24328.228200 18445.837486 -6609.204177 -18542.176125 8298.413304 11386.695987 681.727281 1638.966988 3698.133409
-148870.929002 -2339.612044 53716.606438 55195.746077 48696.989663 -37169.497863 29783.760364 54321.767430 15857.670212 25124.809895 28033.996666
-18215.370812 1295.231920 22780.050143 3961.827817 42320.905390 25787.933419 -2376.838719 7085.062562 -6727.392219 -5461.456653 -5984.937209
18332.637015 -2765.881500 3936.882122 8282.859643 22442.617083 5198.883847 5042.581311 -2450.999697 -1810.158833 2047.715886 -475.694943
-9303.508383 8820.581887 -13539.011063 -11622.025464 -22478.194421 -227.699565 -11653.473122 4711.886408 -5750.287947 -930.507945 -1232.131863
26428.531991 1222.375148 -16959.340075 -13963.978953 -3020.217787 1645.503982 -4138.266370 2840.071470 8757.024527 -4845.200834 2471.680954
2612.645713 -3387.221903 -7921.049354 -15026.357134 -4892.884267 3581.124664 -2797.717260 1589.781931 -1404.504995 1461.736264 -4780.576743
53831.284616 2974.560330 -383.201907 -3951.928306 -3015.741962 -2882.469549 3514.056967 626.673670 -8735.414644 -1317.816229 -4269.728744
47079.462674 8016.038283 -1436.362561 -5625.406233 -15586.563749 -12722.818622 3078.812081 3753.746180 -3109.721121 -971.362858 -8427.550104
48860.286624 2370.449200 6802.049675 -1698.411406 1680.754306 -131.366309 6034.147451 -2103.991903 -5732.836931 -4576.207866 -2831.048950
25729.934349 8015.263168 -2814.315895 2496.286874 -13359.566572 -18865.982157 4621.559481 15475.832252 2715.116597 -3125.696809 2706.002456
45377.691976 3450.722517 1139.251925 -3911.842775 -9318.910441 -7622.251559 4964.548475 698.212875 -3421.718834 -2767.490578 -2078.264749
45248.052388 -1302.926044 -2476.017623 -4706.991636 -9639.474026 -3476.208913 4738.063954 -5583.696502 -4522.448291 -2107.949494 -3255.629583
18446.227871 -238.762653 5042.706627 -3476.176618 3540.070859 4476.119057 1684.139021 -1737.427525 -3069.817770 -3937.735234 -2679.302449
54463.970146 3754.930238 4450.512603 -2670.114348 889.709809 3.385743 3776.925858 -71.450886 -5570.552608 -4830.503892 -4096.067928
11908.450497 4392.599730 -4914.045313 -6681.724708 -22725.706966 -10899.761519 201.714912 2160.045454 3145.453290 -1409.821013 -1706.667556
49962.251708 4587.720775 -942.878855 -3597.360484 -10002.121260 -8233.781144 4259.475544 925.950774 -5202.004155 -2333.223857 -2340.615492
-66218.455940 7820.414836 16302.205533 6765.115346 23312.257654 9795.770949 -3705.465108 8301.780364 -165.183860 -411.352100 2190.895865
31197.813633 12567.359007 -597.460782 -4389.143780 -10959.441341 -1078.961954 -4146.072308 1860.545697 -6484.216138 -3057.493208 -5652.352868
18227.796771 3276.175717 13348.471048 -1539.858853 28311.009468 21383.667251 -4009.939494 5166.767714 -6605.856835 -8786.305051 -6653.090775
-34855.512932 11769.014701 -7585.425667 -8243.593021 -27756.325791 6832.075738 -12082.753834 4262.485654 1725.105133 -2522.920562 -5869.026558
-52693.976412 14672.129108 -2435.698770 -6659.676724 -23446.190808 11866.551195 -29512.602764 6929.438869 8151.160482 -3636.296677 -14519.334918
-53981.198364 -15959.848603 -11814.726039 -12507.853517 7731.672124 16428.043259 -12817.363691 -93.716274 15014.433081 -2018.813886 610.383581
12304.870595 -31002.433103 -20377.755410 -32869.060130 -18086.427043 33459.720685 50197.916341 6715.374337 13781.057757 11956.327861 -8300.810003
-49089.682367 -24689.779954 6527.018997 -4425.118007 44804.818688 40283.651104 -6953.013766 -18709.795261 -5947.222651 -4917.367066 -9590.372136
38171.267446 2095.244595 -2565.312820 1082.288371 -5534.535716 -6972.171583 1760.751952 551.535454 2347.076007 -1239.361607 -657.164788
-77989.801639 -14042.204404 17064.704532 6285.653809 38153.186632 31850.173095 -2999.556051 -17033.131901 4953.664676 6785.413138 2442.976839
-22476.703239 2320.069808 -14569.811290 -11889.193313 -27539.466429 7820.230690 -25523.034298 -17375.049255 398.165373 1901.889793 -7030.281519
-54363.810651 -5466.923554 30941.236503 11482.477105 36458.791845 1977.377656 1452.637166 -10118.490002 35495.940898 -10080.693654 15574.244631
-43436.675652 -34222.031011 -64528.237170 52579.880722 6219.673306 -23372.243564 8539.644358 76.701753 8387.465078 13776.349441 4256.579344
-29177.795189 249.292411 17363.320758 4113.595014 24499.848811 6252.147572 3186.509757 -10154.730927 18438.742714 -6727.849711 17793.794953
36010.589404 648.286069 -4773.566983 -7523.807965 -7572.561958 1409.856480 1760.291296 892.679714 -6873.326310 -1756.575083 -2245.035043
24309.771807 -6428.189455 13718.910137 3486.300239 19063.588860 10111.906503 4544.827155 -16596.482031 832.544516 -3892.949121 -3146.120361
1647.434578 10473.353374 206.470652 -3698.262316 -20696.530366 -2822.720375 -7250.997293 -1769.306498 -4524.435604 -5214.463329 -4993.352820
18496.925137 -5272.954985 14290.828440 1838.044989 24526.418016 18475.564918 -825.373030 -8931.939803 -2570.669874 -5871.438297 -5857.029325
3218.194110 -1223.854952 -3532.981387 12091.680841 -1279.951565 -16855.203686 11319.659015 5074.253417 2296.725196 3277.680484 9338.562609
-625.397847 478.698648 3257.778636 -4255.926905 -7371.653466 2616.019383 1314.331959 -5207.982013 -4235.958330 -1477.166492 -3627.115819
38091.090658 5642.372688 5189.761014 -267.177633 -1587.886349 -5935.379857 5843.587123 267.903044 1140.477402 -4789.350612 6131.194913
49501.485129 6703.952684 1460.334596 -2458.838947 -10150.592853 -6321.178970 4301.821708 284.730919 -5381.275834 -3464.605267 -2488.053589
10720.139655 -9772.047703 -21175.868626 -9403.833526 -1287.462504 9074.195446 -9288.335727 -1940.219180 699.982333 6986.472378 -4413.406193
21262.930800 -8185.463338 -7261.470372 4587.163256 -7111.915297 -13457.754386 8828.255828 -4103.568103 -2137.698591 5847.590052 4379.976364
-73193.702257 -29349.190024 -84625.109070 -1766.768993 -50670.907172 8586.418614 -26284.298266 5139.426436 -24173.616780 23097.195889 34013.549360
43519.949750 -462.498653 10573.486866 220.607714 8325.903975 2100.307541 6713.597091 -4397.231697 -6102.554161 -3000.889052 -3608.887021
-94196.410532 -30911.345381 -55460.029083 -37398.319437 -46358.356266 -4940.915380 -26621.586927 11498.747258 24295.408751 28914.844238 -20133.036420
23966.248431 6460.646650 -4692.695179 -7104.362418 -11746.344774 6736.090329 -7597.164996 2368.971121 -7323.024505 -2916.894979 -840.369878
5287.427402 2667.729752 13606.394614 3552.573579 14879.575671 7563.306489 3584.181533 3637.462327 -8825.238833 -2996.480818 -2684.982760
43702.899592 5993.219122 5863.135715 -1697.293570 -812.792026 -1336.426144 3966.066820 93.286951 -2348.137537 -5216.685782 -2023.043345
-55167.392992 -22434.557383 41232.199936 3644.225447 108907.543355 75557.911658 -9908.307405 -19094.924696 -6511.030980 -13213.720420 -11258.771082
17478.765178 4722.178938 10005.425150 4632.354937 -9268.607961 -13906.488175 12544.005511 -1868.488778 -10552.868965 -56.758400 -340.805933
40447.333279 7409.929540 2595.845137 -3036.634903 -4660.139514 -4031.883009 2518.631768 3229.185731 -5654.889373 -4299.867478 -3159.998915
5055.036930 -3049.695566 -4019.427284 -9119.437315 -35005.376381 -2246.118016 -12236.623115 2049.677987 20214.838536 -6470.709447 -10975.221935
-148862.829484 70716.835081 0.985221 16484.042911 21504.448754 -12717.444314 402.278858 18820.295856 3459.799675 9120.380994 -7360.331174
41895.792180 5048.353747 -502.163457 -1349.123104 -9363.069625 -13660.566049 5473.214269 6151.502899 -1959.624042 -2461.319526 -364.415752
7388.906943 -11596.362884 -37240.207747 38130.645441 9841.462934 -4722.183691 4794.723693 957.038017 -3790.457858 -1858.017148 -2338.916156
-35451.711241 -18123.530271 39056.910806 20611.485404 61197.492542 10824.739205 23935.765679 -40037.361660 27282.679336 -543.634129 47129.247790
-224108.987612 -1254.958758 2895.628535 37505.950958 -7497.208785 -45485.457039 4687.146653 45940.537293 28606.861440 12427.897346 32934.343215
-38083.659899 1006.631146 22094.797327 11599.610935 19750.189463 -11289.067595 13574.961327 19009.274241 6681.996931 -283.830076 15930.059581
32878.351874 4624.178243 1562.327585 -3318.253524 -16979.380671 -8446.635826 4971.253459 -2912.659912 -3923.255165 -3530.606063 -1932.675996
-100906.304343 9212.746297 -12400.341025 -15368.277931 -53610.447314 -27392.815505 -25967.348168 53177.633824 24762.108826 1366.203572 -8904.410790
-19859.077397 -5598.340218 3635.118744 -7982.252793 18790.306005 30263.244533 -12459.168524 1744.349717 1425.616809 -2654.197294 -7368.342822
-48409.997560 3344.167670 -9306.357222 -5470.979758 24193.187308 16214.092719 -11131.589604 9827.598170 12947.339159 4172.388330 9908.714835
36200.917394 2913.544572 -925.797169 -4743.770319 -53.292389 3729.142992 722.445391 993.457282 -4163.721850 -595.937862 -1301.178068
-5835.866065 10972.456760 -1008.441899 -4643.859322 -26814.488227 -8135.121195 -9301.442301 5200.743740 10030.367717 -6115.342161 -2309.673713
33961.231171 8090.649894 4695.936983 236.043618 -6201.067391 -9786.151424 7788.273265 3352.329179 -5414.530854 -1662.262067 560.486873
49947.029632 3283.755829 -4495.129225 -5454.783982 -15226.292562 -8116.808301 6261.300800 1578.703026 -8927.303895 -3339.497896 714.066669
-117399.458274 2769.460197 -12161.859375 69538.939459 -186.635936 -40458.019293 18375.620384 44256.279681 -2370.094242 14760.252822 32442.096614
47003.932133 3860.077975 6380.936135 -1264.323304 -3530.247492 -3016.913284 3452.109071 -2281.538913 -2799.067110 -5692.307335 -2359.556061
28431.434486 -7550.217415 -20157.817371 37119.795452 6753.219483 -7337.599767 12337.372873 -12852.116973 -1656.584107 -5114.410041 -4625.074905
-13773.167197 -24588.505707 -37751.056221 -40706.871583 -16456.630059 20571.580116 -12029.588293 -4707.926096 -6969.968737 10238.736934 -8915.147729
28112.799467 -6284.219777 -1223.381590 -13257.255104 9105.578644 17266.738680 -3715.104845 2090.655191 -7866.118104 -7821.589121 -6942.140273
50597.177721 3514.210841 1368.083612 -2644.014511 -9554.383140 -9087.128268 6544.597574 -1065.901425 -5872.052597 -2209.491097 -2216.937584
-87239.202583 10891.556076 -14867.853806 -11614.930831 -35331.289320 10229.772159 -15624.021134 -6268.247916 -262.705661 340.942611 3634.296316
-104730.910188 -355.781778 30351.608027 10629.569664 46730.611988 15213.254820 -1467.941274 24734.038967 23598.653380 -6809.569422 22340.416761
9009.056396 -13244.111545 -1569.720106 -11388.936286 8266.694057 11559.725108 838.321874 -5976.627030 -3924.818260 573.769440 -4558.721524
47490.978965 1192.664826 -880.234576 3806.388837 10963.893264 5364.662548 1519.227734 30.974110 -4591.376993 -3729.043232 -3734.206204
13363.074295 -5764.143497 -11639.735868 -10446.555841 -20739.093471 -8388.810954 8675.143412 7931.214202 -149.090554 -2973.422944 9034.041262
-3466.654013 -2181.119618 17802.965576 3313.452731 16860.876948 3838.966302 1922.778264 -7435.602212 6024.311596 -5319.514974 -2031.544416
47782.113168 7775.213212 4355.541608 -2316.463398 9363.889141 7551.943255 1707.684006 3378.306068 -6885.117188 -1388.515933 -2920.778811
40740.807939 4505.279127 5403.270634 -780.742571 268.357957 -1465.070043 4032.094579 -237.822336 -3736.389291 -3674.577431 -1897.280390
40203.995411 419.843771 135.729762 -6151.374119 -9616.279251 -5771.799741 4472.849243 -3098.798977 -4310.900895 -1910.635800 -2576.451244
14152.215078 -924.098478 18887.378842 7992.561986 6349.232241 -11396.464027 17220.900766 -4071.349199 -1372.043973 50.022675 11505.061189
30041.885789 3952.950487 -12724.307479 6976.809960 -7278.293149 -7125.101801 -4077.746149 1537.106517 -2915.795772 10988.758049 4642.350972
-74374.016480 -37232.610966 9296.322351 483.081150 92401.521219 42988.312858 -10322.699968 -10502.066596 7505.545301 2233.959874 215.178742
-3143.552297 2699.383103 -29491.164931 1402.175217 -23795.198928 -10826.832061 -3768.187550 8342.384722 -7297.051812 6300.630109 48.176336
-68294.054251 -12170.040721 -18680.785702 -12697.324730 -13901.333541 33365.598502 -20772.605628 -1654.866179 -4929.352957 -2999.765785 890.672454
41889.048355 4103.750126 9379.033120 2560.126873 -5725.161641 -10226.910378 10286.458347 -6157.560221 -5714.051751 -696.306752 -4056.928777
51408.279629 3083.094672 -2913.669695 -4395.712328 -12317.789673 -7983.778339 3946.626133 121.895330 -3374.260623 -2325.747737 -2704.691636
1577.284112 -2481.798305 15093.023473 3574.288458 18317.495846 8481.813819 3566.925251 -6741.374546 -436.898040 -1363.025681 -2600.113581
43088.715674 2383.354229 7731.964355 -963.061221 3736.534529 2110.321707 2691.918003 -2526.353882 -4109.000514 -5537.447433 -3932.997006
17530.662560 9268.781795 -3851.294718 -8385.404761 -20059.475255 -9807.890539 2956.209497 4445.011681 934.224865 -8935.729363 687.461004
19025.850456 6380.036160 -7000.677435 -9530.564823 -27927.160493 -1438.992308 -6380.188791 636.125608 1163.201865 -2807.376357 -5832.785460
-39837.852842 -4369.794664 -15779.760925 -18955.928046 -16440.617125 17871.452258 -24241.521412 -15584.180780 -4982.575898 -1923.833429 -2793.919925
41660.567232 4210.806437 3927.856594 -1569.616720 -2992.208428 -3932.610843 5290.117891 1287.743321 -6028.759930 -2816.556730 -1822.174614
51032.376741 6395.599554 7121.789443 231.441045 151.301881 -5086.026727 6071.716811 4273.315683 -2980.530726 -6003.052624 -895.594483
-69153.798871 -40080.505829 34830.756256 11850.295877 45510.634845 7506.469274 15209.652423 -19832.357351 5761.208697 10590.712468 3506.025322
40950.188520 3520.326229 7186.768086 140.527163 2460.322848 -2489.090225 6135.338264 -877.265555 -2812.660180 -3994.430373 119.418416
45123.947793 2615.277423 9143.226800 761.710367 -1051.144633 -4401.886530 7509.892405 -3880.105948 -2881.210153 -3900.291513 -2590.192038
28491.946879 3880.467533 12519.251458 3505.243782 -9934.672532 -21459.614811 12831.696105 5907.717660 21.644144 -2478.923700 6398.994399
20266.035295 -11191.797315 7920.969110 -3285.019113 683.238840 665.537097 9815.671525 -23700.367830 178.800747 -3440.511386 -856.029998
27279.011296 -5289.925090 -1400.100431 -9316.778811 11900.838261 19953.817508 -3409.095575 -4970.936334 -6298.410317 -2363.588665 -4521.056113
36073.041736 2842.827310 -11108.462083 -8876.640665 -13164.068177 -9134.665680 3230.284258 -162.565114 -11942.824739 -66.717396 1471.931238
-34479.872741 11888.410399 24951.659379 14556.717869 307.791365 -22675.521971 9643.540596 23971.638750 3638.087521 983.557357 9575.992560
19642.407155 -143.501140 -13071.649826 12451.303401 6815.878034 -6913.259796 1023.739321 2229.679376 -2841.016120 6824.176743 -910.802725
-8174.260322 -2302.946587 2239.692746 -5230.228765 -19849.084213 -2668.952995 -13731.739586 -1846.884315 18448.597175 -10308.125689 -6108.365873
40031.011587 -400.626274 12260.204238 1566.959821 6102.588959 1709.756202 6033.927796 -3760.623368 -5381.943171 -5494.555153 -4416.985683
43257.391049 7848.976469 -2124.244600 -5190.988138 -15210.485322 -10378.311872 3861.503938 2340.387490 -5997.623785 -2419.814778 -2768.380834
17270.847277 572.042724 11198.563089 830.452461 15043.749065 6622.602670 1336.677189 1554.296728 721.139294 -3671.737197 1150.038518
37779.292963 5228.675326 7366.819942 537.035698 -5806.174574 -8074.525926 5892.382819 762.507556 -3762.051940 -3299.594057 -640.913654
32370.734574 3083.889516 3221.871231 -2277.451393 -5223.031285 -4204.486329 4695.487684 -4852.982957 -4122.278061 -1407.443942 -1212.714610
14124.391383 -6942.209594 19853.734527 8829.941869 18322.050914 370.409339 11278.552858 -9805.071993 2800.098432 -981.837670 10346.483908
-44823.082668 910.139705 -10928.540604 -639.425548 -1832.261057 -5179.120228 -809.542537 14830.614374 4053.613744 1695.106924 12749.297671
40291.441459 1332.190646 -14466.680540 -6530.569041 -18033.392576 -11513.204944 -259.549844 5263.713745 -5650.950771 6189.611325 -3041.849746
1784.687973 16062.329365 53.832334 -3088.698305 -14210.186388 -2594.681951 -1748.715904 -2684.854757 -7587.999151 -4062.343490 -3515.976429
28883.937824 -2082.007674 17065.407316 4272.540045 12394.370538 2205.599313 9191.982460 -8176.185700 -3687.455849 -2849.120911 -1875.187212
33630.397492 -12143.306335 -16886.602911 6830.445270 382.276011 -7831.012338 8354.800594 -6685.614264 -4791.123449 -1531.770886 -2747.831534
30338.307291 5381.323935 6094.472042 -4.214996 -14992.855638 -12537.771820 6857.591204 2628.808545 -2780.135663 -3212.099901 505.277720
-77773.009586 -15674.289847 -39906.698382 -32532.963406 -40630.280939 -17515.684589 -28711.221573 7189.342204 27636.455105 14459.824515 -3900.415309
38921.037601 10336.695652 3335.665579 -3211.911858 -2444.333424 -2092.144082 2556.948826 2185.304800 -7463.933089 -1541.156173 -4461.170436
49893.276712 6624.802220 3215.948405 -2052.789754 -10156.276741 -7547.889368 5465.183472 184.495085 -5645.127908 -4280.041842 -2756.489190
38829.112834 3858.087449 5694.875335 -616.410200 -12545.465151 -13542.279686 11355.266244 2487.860789 -5352.610226 -1693.497900 3811.174030
59110.295393 2129.367102 -10436.533880 9186.213509 -6919.114604 -7157.687773 7895.023649 -947.605054 -5917.817763 -4633.277854 -3924.421884
40619.514968 -136.104913 13634.262156 2731.390919 7335.837150 -2244.202062 8885.079081 -7278.032581 -2646.898830 -4487.350016 -1211.777518
52323.719205 2403.961497 3998.155881 -2437.738544 -7148.460564 -10681.865059 8332.325781 -1087.751732 -6779.266010 -2379.702992 -3250.944805
24961.262679 7637.018613 12455.894497 2620.741888 6832.677407 -1437.288430 6498.906208 -1877.433553 -4980.601856 -974.345316 -4638.732307
28854.601441 -709.965080 14559.003549 -641.487092 39789.667005 27851.460894 -3817.614676 1456.128542 -2877.426928 -8684.809991 -3312.335913
37213.074716 -3159.787818 -10716.709265 -14051.775230 -18008.884565 -4465.293697 2860.770719 -612.593865 -8243.713563 47.880875 -2622.861737
36625.703559 975.014944 1985.194340 -4594.394284 -7993.898594 -3930.354294 708.720406 -315.355418 4930.158526 -4184.127224 -5505.073845
4785.469806 -6049.019978 18024.520403 6134.233500 16515.935863 2154.274961 8837.419065 -9269.770556 21.919955 -1454.505492 1119.468972
-70801.870203 -3997.367970 -37984.844275 -31723.565591 -67569.629421 2692.938178 -27784.013509 13253.817723 5289.424298 8807.443591 -8304.199307
-81068.695083 -13926.567401 -48909.252677 -40544.356929 -54692.005098 26920.255734 -44551.005216 -1093.158361 20645.515994 8652.913416 -22910.230574
49194.230212 6328.695039 6722.474591 113.330016 -7308.810352 -12752.570562 9281.823831 3668.139857 -2879.432303 -4792.007335 449.288069
50928.651721 6276.492255 2536.582468 -2785.316037 -11973.197620 -8360.611820 5406.923039 -121.863879 -4508.753426 -3995.892514 -2778.883509
32188.752889 6131.024155 4427.281894 1863.160181 -9978.262118 -19224.469086 11189.621689 12850.746500 -5662.989264 4.488475 6561.060051
-18163.424641 -17124.667343 -21074.737536 -18341.943258 -4139.982472 7259.159986 -11644.857784 1636.115521 4044.158591 5279.566501 -202.551034
37904.347786 2083.447826 -2208.910353 658.299359 -5916.608623 -7345.398488 1767.372179 473.789079 2330.874105 -1019.477490 -717.061114
27860.314266 5869.897758 8328.187282 -2094.911743 21468.680519 15403.220976 -1039.863957 3874.284955 -2390.541328 -612.098229 -2421.721503
-1408.914114 976.738735 21763.947169 9188.008909 14695.275010 -5141.387685 11585.198321 4756.586018 -3268.859986 -1463.274508 3056.432133
-44065.485508 531.907906 7852.725453 -704.213052 19292.471143 22097.561950 -6167.369974 4298.268264 -5929.023070 -266.326601 -2787.092746
-116305.465282 -20724.297478 16626.134809 -5852.688990 39918.943051 27652.039446 -8328.837530 1394.948802 15765.058354 3477.833942 6066.139316
-80930.700495 28344.815552 4301.576422 71.756905 -18912.263838 -4926.357734 -34898.578617 16149.897337 17495.268585 251.118004 -14586.881588
48029.785333 8680.819079 3998.014136 -791.370457 -14799.019019 -13028.165454 5384.118111 5955.886295 -4191.933028 -2568.590763 -3229.367376
19889.017148 -6951.597241 -25443.597813 15262.968267 14568.839487 10817.356843 -2703.588181 724.386554 -6641.554823 888.427893 -5469.281317
-68632.927427 -2545.670277 -34407.478724 -22429.670639 -26283.271230 1765.553721 -26600.321585 4022.753664 5243.488747 3948.008782 -471.310334
-31238.308026 -23316.073294 -40588.182502 -27803.529560 -12486.654616 3379.191622 -19039.233852 -24993.145705 -3124.940193 21204.162647 10801.492988
38808.843304 12917.980168 -2188.377745 -559.048076 -11359.491035 -12491.898657 -272.837711 2527.787585 -1106.057293 -3293.395038 -6725.628468
-31786.528493 -5814.981136 -32759.714958 -4098.819955 -39876.672820 -18360.949191 -25446.389191 11014.306138 15918.440539 30802.466753 -23310.641546
21137.631554 7160.895606 7421.611305 573.756480 -5262.669243 -5131.890940 6089.752521 1245.606654 -7972.197419 -3576.156592 -1324.091282
-46181.905749 29467.182299 5000.308335 3833.810262 -24231.074683 -21337.756986 -7649.166032 30244.799950 9553.508167 -4351.209509 3010.957261
52940.498780 -341.945322 -10756.039322 4593.468571 500.109330 -4209.507251 5685.667080 -1418.636076 -6748.268597 -2897.749944 -2224.552480
50407.046829 4697.165784 -2917.025536 -85.963473 -7080.005798 -6535.569278 4538.105909 347.894282 -5760.321100 -1651.087084 -2147.699384
-103440.569850 -2128.832007 31763.199402 43037.200035 44143.601210 61.316067 11639.361683 -1744.953045 -10295.814116 6536.272686 -9970.371004
-97787.403208 -6822.935523 13132.464817 14795.979221 8870.344180 1828.756414 -7489.135773 -13719.846354 18412.622562 3956.095488 11980.916864
-11970.795215 9821.942921 15477.791344 -4783.571942 68852.545838 60315.798079 -16609.837698 2294.690113 1657.544676 -6556.956228 2224.999440
822.587096 -17559.266604 12143.784419 -4529.453244 46964.427450 30199.110622 -544.142396 -5363.139531 -6940.647410 -5034.173008 -6391.642350
-127272.430992 -40780.491502 72282.191046 42377.264092 50406.302042 -15152.000358 42890.580718 -78570.711880 29085.813358 11088.740862 29286.060746
-136972.157132 -44155.935904 26802.840568 3193.021412 64702.624809 23856.467835 4908.995658 -62028.454629 30159.404176 22386.410971 25349.576201
-46327.571989 -17395.140847 3684.130641 11083.412779 58900.487267 38633.213131 -2091.974706 -13753.269146 -3070.871614 9455.299198 14274.144659
-57975.156965 15409.320000 14138.850455 8964.985838 -9997.485940 -8671.289871 -3995.441517 -4056.887697 4569.657844 -3506.375333 10953.108431
-10310.548991 34595.792408 3402.654207 3794.612888 -17299.113207 -27297.641851 -464.574982 46336.604913 1999.906044 -949.719620 -5979.654913
50316.495494 4734.279029 868.369136 -809.666260 -4617.185286 -6172.467872 3940.609474 -1352.394778 -3510.301091 -1991.458699 -1498.908847
11764.248639 -5760.612425 -6149.252160 -3297.126963 -20239.530592 -4426.878673 2940.632531 6253.702119 -17175.644909 4089.025638 -4149.040075
40904.616010 9069.617892 8.415774 -2723.395061 -20218.696284 -5144.821984 4046.591280 1251.535492 -11427.352816 -5044.806880 3021.018868
38926.134956 7436.724651 5683.968791 -731.181918 -7044.779366 -6597.436497 1054.874908 1244.981169 -204.904644 -3978.645343 -4620.748612
33878.169393 -1129.268369 7419.668707 -1868.054662 8692.715127 5637.684376 1453.765856 -4500.963255 -4603.630424 -5613.859655 -5888.806947
18374.380536 -2737.984444 3950.665161 8126.176728 22389.054044 5178.169011 4937.679412 -2384.289497 -1806.386925 2176.122823 -457.259379
33742.429271 1355.013498 -12345.827294 981.196511 3866.621080 -1277.480879 -6165.701586 2612.984289 -1930.793937 19171.945511 4835.745696
20372.305077 -4050.031868 -13604.375276 3858.897612 -12837.995127 -11231.926671 2803.507593 -720.562293 -1678.034141 5837.079092 -449.834296
26547.802784 12048.512743 11364.996147 2968.860137 119.221576 -15809.594520 12851.156184 14028.664717 3196.046869 -10529.395066 4749.877738
48099.862955 4976.415762 5133.912882 -846.405320 -3916.049685 -5323.049833 5979.611290 1219.661384 -6459.432796 -3715.226709 -2951.825453
-109517.921837 58448.515808 -64197.380263 -6220.020741 -70062.797732 33888.663404 -93927.262926 -31470.474010 -34637.749454 -5740.131163 -19334.155215
41519.824397 3432.556611 -3230.682329 -1421.430121 -2712.991996 -1646.784377 3801.831791 1351.766911 -4663.214655 -1954.977926 -796.059247
2621.339723 -3387.163595 -7906.000173 -14826.351546 -4985.917711 3819.790232 -2871.119621 1476.503331 -1547.411142 1436.450413 -4645.836273
44792.320813 4434.803563 6477.402762 -1774.202048 5343.523823 4028.829758 2159.325496 -662.301121 -4696.125565 -4741.183007 -4052.249840
28236.171143 1270.580069 2911.890442 -3511.184604 -5238.619349 -5441.497313 4406.120688 -1951.302144 -1906.567377 -1851.029881 -934.239180
49918.480055 7105.845603 -2395.931360 -923.234613 -12647.916598 -10061.227677 3677.799132 2081.882573 -5221.575629 -2337.883797 -3014.700893
46380.590272 3446.668789 -5852.344426 8793.509224 -5640.977997 -9201.856959 5984.787396 873.910878 -4325.000282 -3268.306703 -3684.665159
41978.782286 2823.904432 1942.285181 -2241.679896 -7215.875855 -5593.868691 4195.677764 -267.397760 -5830.682937 -1517.168674 -2107.386318
42713.441229 5437.662120 -2823.126633 -1323.529030 -15557.334615 -11650.386423 4593.813228 1766.973566 -3069.391120 -4307.042116 322.797366
22155.754691 -7538.878135 -32948.455659 -20627.732587 -24321.698682 -8061.797360 -6351.837766 1385.847441 -11237.559480 9921.123257 4442.841804
45325.415493 801.628708 117.062597 -5284.133619 -15089.978622 -7131.649820 7089.790515 -1521.505943 -4442.088260 -2632.155987 815.050202
49528.501806 4999.491799 1734.099152 -3877.624913 -6170.423672 -2313.231021 3424.782864 717.447889 -4694.058882 -3382.202306 -3387.926307
-9586.304675 2127.345366 -7034.244117 -12547.010505 -17073.011152 25181.455513 -22239.291124 -178.230266 310.029516 -7230.604243 -9003.401762
-43719.539323 20230.346955 8550.476487 4374.458367 9423.607781 5458.574952 8368.642976 17816.748151 -24464.570834 9582.378662 13943.902205
33905.874270 -646.652969 -14120.591073 -12112.395553 -10359.206678 -6482.953754 4412.081745 10164.946641 -3401.845711 -3168.731916 4841.890066
28266.073442 -127.919135 7940.425093 -743.250246 5140.018580 2053.574372 4141.030296 -9010.574260 3051.902165 -433.580910 -1204.557106
48221.748057 2420.838567 7827.043278 -489.072443 1490.880721 -1378.516407 6090.652426 -3530.128340 -6026.629074 -4393.261677 -4488.808475
-45567.415108 6524.569642 -12805.137562 -16441.097281 -26187.965778 1479.073860 -1714.047804 14506.047645 -4466.732181 -4497.490836 1305.008251
37412.328004 3330.279701 1474.058242 -2196.726186 -10896.335132 -9178.272787 6202.679511 -1242.949362 -4477.075756 -1785.309472 -2076.661256
-177305.418899 -31121.713528 35103.977920 15071.038414 24154.945562 -10456.044415 18279.856070 -17135.487491 12442.936731 9919.530860 13400.568238
32386.149815 2228.794149 -6607.721202 -10303.511896 -15554.042110 -7101.252954 3822.455148 2277.729106 -2721.852943 -2617.472107 -1248.415926
19506.566361 -1940.989800 -7581.798020 -4393.062257 184.909736 1655.390087 -1448.247360 835.028346 -1675.093385 2494.673493 -1143.161965
54439.520183 3767.196667 4464.826500 -2641.344192 812.910181 -48.430107 3807.480025 -69.142270 -5610.676492 -4767.026911 -4087.322295
38150.135404 1491.025657 9345.923789 1090.677808 -4666.294104 -11430.485375 8426.808434 -8540.923634 1312.007902 -4255.323693 1130.781197
47486.373747 3570.953976 2317.825004 1499.882865 -2672.766908 -6403.931268 5733.262870 -2667.666835 -5161.623536 -2873.880752 -3964.310753
47230.961104 5883.429231 5950.021431 -1142.955159 -6550.993688 -7258.120238 4084.326227 -2050.893296 -1388.806291 -5887.820072 -2132.632006
10551.815453 17200.856871 -77848.717233 52996.828487 -21353.266112 -5240.944736 -3693.900416 -4353.604259 -13485.743948 -14961.487075 -8983.886053
