-1805.786792 4637.236159 -564.915425 -433.737909 -3303.043336 -2618.114690 -1715.541569 -1114.019961 1076.601831 581.165399 -3255.672065 -536.479691 1117.921690 1886.787549 -2816.629414 998.150991 1371.992091 97.164772 -321.313384 2985.837235 4009.860211 -841.307830 1950.562086 2636.242289 1134.364683 -104.789796 -2151.885128
-2293.516809 1125.421066 2172.449591 1440.202318 2704.787850 -2416.363671 2416.341007 3001.736920 2090.778163 -1556.766290 2512.654819 -2987.290501 -1862.830409 -497.618447 -732.040192 181.412398 -895.754313 -216.130722 3533.652416 -422.838375 -1286.647641 898.216005 582.726186 888.026389 -1939.834683 778.093689 -1347.596123
2617.169442 -3842.258054 -4033.339652 -4664.642657 -2465.155887 -869.812465 1919.358733 327.738674 -279.877859 -64.874744 -2708.792886 1056.920081 941.862000 -443.928325 -234.171173 -704.501649 70.069045 684.624292 1086.093146 -831.025664 560.058209 -1141.544825 551.354126 -151.238680 -685.036352 -651.081473 -527.118396
1911.307043 -2894.077650 -1475.025808 -901.042962 -8220.572632 2505.608772 -3946.023086 375.397562 1592.497523 2134.169588 -3064.725656 4844.293302 1523.877321 -1066.408156 -890.353865 -1631.394866 -595.183846 -6209.961006 -3710.099735 -649.065680 -1855.089359 -1155.295574 -635.719995 -4551.688540 1710.020652 -3244.446142 4561.025469
-1035.130587 2050.682717 42.294255 127.816544 -3669.434836 -1595.414907 -2217.156486 617.733736 730.894385 1118.920361 -3233.837820 617.986198 1696.367041 1128.735454 -1886.967761 -546.940367 156.909657 -596.984764 -75.741031 2037.627834 1648.263286 -1072.133209 -221.618482 406.257149 834.924334 -416.339479 -737.892659
-1575.554494 1763.028105 1371.254197 888.001738 -336.179582 -1991.781197 -791.038402 1474.561118 1312.254326 -183.038042 -1530.601677 -964.369737 -218.344481 629.616916 -1475.477733 395.942812 856.243648 457.978827 2869.722795 983.188833 1313.041770 222.570854 1204.045987 1925.571948 -197.228105 145.732749 -2199.961772
28.189715 529.984515 -432.899748 -157.420448 -4271.865172 208.616787 -2885.228060 -484.241155 660.418455 612.154772 -1499.709563 1675.201905 2248.013541 924.374300 -405.615172 -508.092591 -753.043197 -1517.955669 -2548.782800 1082.268634 1120.646008 -862.948497 -1496.091439 -1641.730282 624.582801 -465.094339 627.503075
-2731.789906 2353.008510 1529.200024 1148.055483 -315.544280 -3823.169530 148.609752 2465.903545 2469.547999 -1512.238480 -1044.995452 -3874.480675 -615.302826 1172.740155 -2012.140184 -209.379929 -1025.164677 -378.209694 6635.459530 1515.964794 -1075.443649 1255.556281 2591.910697 3694.154878 -2976.659425 718.851039 -1788.672677
-1770.022966 5064.297428 -622.446228 -483.411813 -1926.115950 -1976.465880 -757.532648 -1408.811417 462.247496 -215.746690 -850.157717 -286.498865 1707.041094 2630.444050 -1589.072676 456.160062 306.096659 -262.471670 -2256.248367 2456.914984 3244.578806 -637.535284 -899.504138 222.469538 573.855047 931.347554 -1575.716450
-1150.146275 1552.584670 600.020794 472.690910 -1953.916021 -1609.531333 -965.212811 1447.640024 1035.109447 748.379272 -1766.088238 164.196439 409.107516 424.282888 -1662.629564 -329.478422 79.318139 -483.949801 687.826212 1153.911180 1190.551945 -927.837010 -332.938529 417.830332 627.701681 -314.133579 -1378.422759
-711.430770 -27.507861 1973.668670 1238.704800 4012.618827 496.557864 1540.973749 2251.495870 995.689538 -783.157382 3619.392126 -788.644410 -1095.346748 -2272.262584 736.966193 926.053726 553.033390 768.981402 1600.370970 -926.774361 -1092.147230 777.243607 -509.611368 -1006.852845 -256.507227 257.013466 -183.545635
-556.593018 284.322763 504.607098 204.982830 -582.999327 -607.475036 -344.345852 433.016052 612.681032 315.133913 -850.619158 -288.631973 129.829670 -434.275724 -659.360708 132.634914 86.879639 -64.147570 610.281162 -105.847493 -92.907076 -58.523756 143.119266 261.389677 391.198153 -153.898820 -148.573497
1761.478434 -2301.315168 -1397.805701 -992.401547 -3830.625534 187.776772 -4420.183650 -1817.480042 -3730.396514 -2450.041836 3393.222961 186.300015 439.713080 -147.235509 -717.468281 -122.100271 437.238087 587.021388 244.059268 -580.927998 -1118.575802 798.001555 1415.833224 634.247449 15.720387 -810.181509 -94.430320
-1140.832691 177.867422 1723.040032 1273.202955 2306.033769 -667.075185 1485.128185 1932.382704 1891.002003 -129.857047 3429.740993 -605.440165 -967.973136 -2576.235590 31.612521 718.529562 513.260313 403.902053 1353.325636 -601.867860 836.369570 1462.510321 -121.472124 -1670.683300 -384.288429 580.663716 -1055.003908
-2171.060317 4504.352794 -148.252017 -274.961260 -237.891082 -2602.053828 312.812771 -2028.744335 2028.604788 -1261.101941 -1317.137363 -2591.119262 -378.865320 1862.391745 -2301.704485 942.662567 -37.525119 887.027685 3441.232414 3211.734999 1313.080424 854.937902 3446.461914 4221.149094 -2091.059255 26.204365 651.908629
-1487.338103 3784.418825 -361.104572 -319.377182 -3419.103287 -2549.253889 -2775.441330 -2315.994260 1378.257006 -747.860630 -2284.728242 -957.954188 2897.407462 3631.838588 -1924.950002 1400.439209 216.397398 868.463352 -1993.174519 2883.889576 3187.265750 -290.445274 2516.400847 2959.587914 571.664956 1039.968288 -1958.970923
-440.129627 1326.255565 62.271976 69.879533 -4870.921255 -1457.594953 -4853.293368 -1556.640878 774.514998 -237.193728 -1881.640535 849.732092 4888.710069 3377.663701 -672.580355 1027.596834 -27.913306 177.563232 -4567.277343 1588.086399 2888.815002 -697.253664 444.672726 148.994971 2423.194683 1221.096177 -2683.067695
-1264.241225 2139.941086 -182.870320 -243.090028 -2079.259827 -2006.702435 -1780.245036 -2021.071935 1745.887485 -403.359976 -2711.172584 -1755.298708 240.365176 390.177210 -1485.644061 1222.916615 837.830946 1519.446876 3981.886456 1915.816817 2172.389150 2157.972103 3118.402362 3046.426063 -2324.327628 405.524299 -661.184344
-72.241630 339.672009 -125.579332 22.392680 -3786.687643 82.319404 -2685.533435 -303.445755 584.360153 757.244165 -1247.878591 1768.168953 2407.645725 459.207180 -39.657963 -315.793681 -660.872666 -900.339519 -3342.566656 602.043694 945.564467 -1091.342065 -1630.239872 -1796.002612 1017.045820 -468.255209 258.701544
-619.188480 2021.983478 -653.285400 -712.518865 -3281.258548 -581.292541 -2332.054609 -3040.356545 1347.228885 436.661034 -3186.871206 173.269219 -649.219980 461.987503 -952.654252 2361.275190 -120.213219 97.917132 -1433.393807 1423.625301 5068.906849 -404.317837 305.189392 1879.791972 -918.800738 392.281025 -2957.907937
3242.442849 -5168.961844 -4925.633255 -5493.163514 -3419.899759 200.646474 4088.336100 1903.338683 821.219873 1147.926970 -2958.398469 3238.463659 -2661.263391 -2192.594405 1712.912028 -2912.342242 -1924.006255 -45.592075 -278.970376 3967.475719 -1202.866458 -2769.237765 1836.942191 -2333.376450 -1184.606265 -1288.453319 711.223461
-1444.925531 1286.004629 1060.487190 661.867442 -1019.715702 -1553.641286 -481.611574 997.221615 1838.474925 247.700676 -1002.730628 -994.948235 -212.987119 -289.810167 -1464.422271 632.170269 -362.188333 146.688142 1685.327829 1631.537900 1656.862975 21.875531 871.357802 1428.756107 -618.326129 166.318357 -1727.143367
-1681.131043 1640.650480 1229.545517 851.316464 256.783972 -1637.917926 -593.187550 1323.705127 1943.230356 -772.445392 -524.100653 -2490.374136 -219.300549 -0.650794 -1097.442373 279.294076 -345.141170 -2.924016 4212.776201 1559.446004 664.470198 966.222703 979.044730 1800.128120 -2098.743513 716.387641 -1735.934503
-1874.999309 3221.542017 83.350491 -12.279700 873.861551 -2065.280023 575.174346 -817.552551 2594.054644 -1304.184470 -94.289213 -3458.967584 -557.943355 290.648571 -1732.574515 -191.837649 -921.769382 173.644264 7155.429678 2766.593530 -795.887646 1798.508764 1935.989621 2881.975497 -3241.276955 420.482413 760.515402
-411.902958 1082.614084 -539.890222 -244.846044 -2631.992000 -926.795589 -996.181197 340.120379 883.140421 1282.324300 -1747.151396 609.981623 468.562382 -336.815969 -1704.819081 -382.519086 -273.168098 -270.409990 -953.951372 796.864297 1450.602461 -788.899456 -648.288788 -486.358637 661.780822 -328.696643 -428.390665
-2482.764494 3755.400360 668.591826 221.139103 -103.968561 -2954.818354 446.094568 -1643.940019 2108.128398 -1476.410677 -1249.499766 -2553.348447 -488.971835 1726.940337 -2071.285863 331.900102 -871.447078 1080.098740 5800.603761 3463.164580 414.828068 1383.302677 3519.063434 4581.009046 -2631.256333 -191.908070 1929.636030
-1460.973202 1968.672923 456.929387 498.128713 -2494.531659 -2106.568886 -1370.299304 1074.135511 1081.390454 103.664170 -1394.255054 -279.192089 1209.737019 901.207191 -1440.440833 -472.170561 371.766921 -423.721810 660.855589 1173.282261 1101.221514 -233.215598 401.795044 538.419209 367.333537 -92.213686 -582.425268
-1603.689212 3724.590955 -344.563171 -309.293567 311.990616 -1512.979203 -88.571154 -1429.053463 2099.299835 -986.301026 -473.990307 -2749.983512 -217.944499 392.721923 -1557.809650 762.563027 90.303315 415.594724 4311.135041 2623.137367 1134.529512 1518.313504 1830.073938 2342.133335 -2271.625865 614.250320 -284.223681
670.725306 1492.526553 -1288.604486 45.071753 -4945.367773 480.665678 -6357.455301 -2565.364790 -4259.240716 -2050.143242 2483.878525 -34.444535 6429.798789 906.266961 1365.420412 -1439.650159 -2931.724450 5638.435038 -1494.942018 181.577510 -1339.948586 2040.818609 2181.428674 1669.903684 1552.984005 2276.939088 -1197.989196
373.581370 -67.734641 -844.704485 -627.769022 -6087.829020 -722.892364 -4423.336592 -2309.696161 954.453026 481.826725 -2426.751431 1658.878804 3034.923787 2403.441789 -1002.523722 637.861538 -1487.362516 -1174.195807 -4665.418224 737.919435 2927.687753 -1076.979787 -438.444860 75.211690 1316.104382 516.343827 -1986.984434
1551.488761 -1069.592153 -3203.595704 -150.597230 -1714.928087 -1231.011838 682.635820 65.595978 -717.001464 1270.525120 -188.204423 -260.878925 -248.743815 362.440406 -1260.525091 -763.149664 10.897358 110.364552 627.213115 -2125.374174 -522.275906 -617.211968 -250.983149 -72.686104 -277.556526 25.606539 631.374583
2146.561215 -2076.858786 -3227.527124 -536.078667 -1150.516117 -454.692642 816.768268 -312.637783 -803.547619 1579.150608 345.274632 -532.921654 -553.864569 -177.701885 -1323.931591 -536.251059 10.648892 465.680393 355.276355 -2989.606283 -900.388255 -329.809714 -541.544759 -223.246850 -542.414675 -72.694352 681.338413
3422.951274 -4070.570867 -4757.981616 -335.906903 -4884.519180 724.745131 -1756.166617 196.772335 690.073311 1348.812890 -2797.651735 1827.717215 -2957.066783 -456.100212 3205.411747 -740.161558 1591.233991 -226.894952 -1045.855424 835.791315 683.852410 773.300519 -1316.218419 1160.233820 -123.334878 -198.473052 -3360.689190
-478.376255 -1703.685761 918.955673 392.367507 660.653642 -1605.463564 2887.481624 1009.386215 -1016.671471 724.971849 1995.005416 434.434044 -1090.378728 -1372.940894 265.943924 144.415028 314.038868 85.605650 159.537540 -1691.045309 -861.868973 3.230856 -152.850753 15.548519 29.697284 33.999616 -198.357956
2137.227877 -1224.031522 1775.704901 -327.618200 6234.857155 6853.768431 -2284.114794 -98.913929 -2536.190859 -217.196418 -4217.779565 1572.251902 -554.288030 785.741037 -14.261775 -2396.131133 2008.949235 522.068158 -2274.052967 -321.535215 675.428162 -1459.001298 -1368.060212 1141.830414 1078.358861 -1084.848411 708.667614
2886.046098 -4240.547037 -3690.797863 -3555.995729 -3743.282314 -27.130789 -3660.621173 -605.587259 -1183.741493 -4894.700309 1204.839179 133.333978 486.693880 2452.315899 6176.541235 1108.345076 4032.221431 -2503.856790 1312.150131 -22.102591 -1882.305457 68.300633 3942.613733 -402.102549 2066.312228 873.441231 1251.647175
-1405.946635 -609.069085 2573.170050 1703.384891 3863.773001 -928.805676 2688.695254 2664.899250 921.810735 -631.529336 3689.408789 -1580.378803 -1453.851825 -2331.268937 631.851900 1457.084997 9.489896 675.807222 1593.690682 -1380.939946 -1182.366444 734.716137 107.604349 -326.561652 -777.242835 514.390643 -464.087577
2069.488979 -3987.932296 -774.526007 3199.407278 5180.442202 1321.192225 2285.051955 -427.359858 -789.178108 231.962985 1052.162170 565.458254 -2199.592094 -1796.304017 1410.561854 52.409958 850.340531 1670.641932 -1303.664223 -1386.809214 -1927.895355 625.896210 -1034.394582 144.709581 -79.750264 -387.488909 344.013632
1.231287 -53.218471 -142.810342 147.565783 -921.285377 172.653392 -365.181690 -454.470428 219.611855 742.038371 83.040399 871.041123 231.798664 -1803.635703 788.372838 302.751067 54.149686 245.998135 -404.517905 -1497.362567 -993.306409 121.358484 -947.941641 -1133.951629 -91.321675 -69.314277 492.169411
755.443734 718.799732 -2120.122794 -1284.812814 -5997.076296 300.892632 -3140.479475 -1487.914054 -1005.496803 1296.369240 -2947.492056 2218.984014 1734.437160 -97.403504 -411.896966 -320.476872 565.987995 53.380994 -1975.476473 -234.146160 886.421872 -693.853124 -1265.349424 -1234.509877 811.313297 -465.200590 -72.342272
-998.923409 1830.277230 467.563782 156.871116 930.357766 -654.302844 832.445458 505.643591 999.384810 -129.376171 670.383330 -611.622302 -509.954400 -323.313062 -784.577289 306.843086 -249.219160 -473.234544 1416.600350 534.939456 116.273088 405.641169 -293.662231 69.061661 -527.584985 257.370089 -187.208219
78.688578 582.409092 -98.869536 -118.535225 -37.968139 233.468604 -373.851924 -278.613590 231.204111 597.493329 -981.349859 737.689338 131.055831 -283.725924 -235.822898 34.931721 160.809878 148.625307 103.799501 -582.995517 -596.911507 -332.105172 -599.360765 -61.084148 119.080364 -341.288369 745.789784
-241.724704 -1440.987562 662.699422 781.651757 -27.769209 -1638.404289 1475.482981 146.357114 440.031940 1778.833744 -158.108530 781.828839 -292.968157 -876.395345 -1108.348022 70.274699 -496.707612 -810.069107 -711.950256 -1899.457625 -517.880241 -112.595527 -370.745564 -879.382178 336.157697 -10.891404 567.754749
-1069.156554 -244.306249 593.508358 308.619371 -540.827151 -2675.597164 1176.495746 2017.242247 1761.383369 -526.195717 763.679759 -1174.680285 -1729.865395 -513.912136 -1012.011406 -352.702598 -742.656069 942.491067 663.765562 -2850.479140 -1867.782562 -369.890475 488.499873 1273.970854 -40.148911 7.884696 -456.878249
689.434345 392.092978 -1153.939733 -1108.353846 499.566946 1174.506547 85.710349 -952.765238 -2441.920519 -1998.454146 1654.644002 -753.741570 346.437464 1894.801360 2202.440905 -1106.745473 1341.859190 -352.338552 261.892316 177.385093 -2302.402396 -452.663522 631.875763 48.376704 848.136584 -916.814939 1514.304561
621.068255 -762.858974 -687.039295 -1245.982176 -4416.841491 -118.000511 -2177.523855 -1437.722428 1719.530783 1644.512288 -2321.755402 1950.284976 1537.432176 535.839014 -3077.270956 381.473445 -2960.354340 -2450.038635 -4507.320890 2000.112600 2323.085233 -704.346858 383.574491 -1237.112480 1335.903868 -175.909033 -1512.713197
-849.546180 180.989995 1616.868654 942.544005 3075.176041 -219.718408 1473.192066 1869.190770 1185.559865 -748.696535 2389.665687 -1033.661628 -1172.827461 -1370.301514 134.555621 544.431839 416.716061 772.256562 1483.097543 -879.495560 -967.756825 473.888204 -205.887014 -464.234720 -171.520773 145.811034 -330.996827
468.416004 -1414.028858 140.708547 -165.085998 375.539634 1296.609012 649.988177 -495.749540 -1234.559917 -96.144676 619.851642 218.640571 -479.608103 -1189.229862 1915.461928 64.200298 1075.356977 793.773547 285.318404 -488.186033 -1452.307563 -635.098226 -712.059420 -86.690465 895.676472 -706.786730 523.742237
1292.048771 -3258.393093 1937.602882 383.173148 4092.924315 3837.296280 268.659596 -2958.315784 -1288.847573 314.944718 -1008.341603 1382.117665 -928.801163 -1243.938934 1709.159649 -1107.004341 959.540755 1404.185183 -1554.578970 -2039.909001 -1504.726668 -275.380192 -917.784027 -605.718263 -612.338597 -319.692018 1487.006065
987.618918 -873.501656 1459.926195 206.547928 3775.831705 4846.842261 -1499.586694 -1136.310713 -2645.814696 -460.737346 -2355.730797 206.887602 -341.572304 -753.364135 2521.905538 -338.176881 1145.530913 2376.657402 -1669.202222 -1385.276145 -1499.689918 -913.181429 -1302.372260 -1009.305038 1633.580356 -1100.526957 2602.277831
-1837.084420 2244.026530 828.450272 746.573359 -2363.406156 -2646.634731 -650.034584 1608.241188 679.886733 408.634862 -1274.065556 -6.310485 442.301179 778.061861 -1452.063504 112.959846 387.078196 -667.021964 373.737593 670.111444 2110.033401 160.430047 387.712166 419.649855 194.206613 333.292874 -1804.872955
-949.819583 1691.607541 -124.220977 -175.951694 -3756.912300 -1604.210301 -2694.737201 -1682.889952 1979.132067 -1584.014358 -589.326658 -220.496010 2669.095240 3104.007213 -1094.980739 212.046249 -367.870661 -1943.145737 -1850.245294 1246.058665 491.315976 -188.683235 2141.604013 1674.051877 787.954724 203.983683 278.512917
-795.027081 1867.044935 -207.490543 -90.125243 -981.613720 -1006.321218 -287.922000 -142.547731 773.795974 59.868446 -476.160192 -333.552011 300.275543 331.414062 -1151.314954 -104.619681 -166.273755 -425.502825 1007.417837 690.322032 475.588881 274.668549 286.867879 519.749658 -154.122763 83.094025 -80.653081
-1784.471768 -463.233571 2902.022231 1982.007937 2566.933401 -1912.953842 2977.574370 1638.457431 235.740538 154.758203 2852.283972 362.494912 -1030.025187 -1573.391786 456.093901 818.597157 624.465114 826.837753 328.282949 -1368.021722 -519.472814 473.197301 208.153844 -139.144663 -235.138996 115.984919 55.274727
-2298.127794 1883.399923 1008.578150 700.672078 -33.565386 -3026.298766 782.959185 1827.370834 2451.895280 -1447.580473 -665.758094 -3932.202253 -2044.145512 765.046563 -1510.766460 350.905443 -2173.773270 -1256.798973 5261.779738 749.330230 -481.758094 758.560441 530.235426 2633.468003 -4029.122146 1160.672090 -2933.494603
54.573479 -42.385251 -349.249814 -1039.194128 -2032.196099 -119.653601 -629.880624 -1689.949617 2075.538024 1137.590406 -1777.820154 315.536284 -591.086773 -544.467437 -2251.663919 1510.088257 -2374.199195 -678.756007 -1509.580534 1829.302241 2587.961967 147.181472 381.037753 466.661045 -751.861387 388.818112 -1392.147347
-1312.110495 2368.108904 276.329893 135.237157 -286.670766 -1199.966932 78.375264 255.336333 1108.852584 -232.268140 -127.454530 -998.895816 -24.090271 149.419065 -1071.366022 117.749076 -132.579862 -393.303868 1759.396587 1199.505258 733.298828 530.883285 273.369912 584.727776 -597.638516 310.893866 -515.916540
-1402.869761 -930.492737 2372.627463 1412.630576 706.699289 -2005.520345 1346.393486 -814.118896 1292.392827 997.425618 486.882015 -188.761967 -7.223962 -802.313451 -743.487798 902.820001 -269.411390 -429.589388 146.573363 -5.481633 -55.451210 -551.278208 292.953076 507.430159 354.420835 -180.719431 -1049.073889
1897.984060 -2936.680843 -2386.514480 -1806.886361 -3518.029440 1079.487287 -613.775778 259.007266 -732.531820 -292.374162 263.065526 703.375871 -1839.348556 -433.623350 3538.366747 -639.431859 898.669156 -376.008586 624.311877 430.624076 -286.923423 -519.028383 -114.075294 380.286074 -381.283835 -1385.418054 -477.762508
-1444.071163 -701.290279 3940.978364 2041.419439 5341.875510 329.729858 2762.378505 2531.163030 -1251.721709 -167.789181 653.165968 -427.136811 -1889.670256 -276.720193 1.455740 -889.632606 106.379796 93.385132 220.208968 -1390.376847 -772.350654 -162.489101 -184.570161 3.922682 -340.092872 -60.518942 39.320276
-1161.685653 -732.351781 2282.394639 1770.802099 2854.572759 -1103.214569 2463.998776 1294.917407 -220.318887 92.592169 1653.086508 -103.576730 -1413.510086 -748.565819 448.872926 -162.941627 384.014877 551.705441 316.379089 -1448.256268 -806.170873 49.960761 -124.874488 -329.965958 256.635101 -49.935760 184.317144
-948.522231 -202.636540 699.313420 240.774937 -2224.606616 -2240.195904 196.278253 1613.838736 859.420812 761.532201 -1127.711821 917.367551 -258.735548 -401.557209 -1344.924793 -124.834111 -672.254631 -170.318495 -1121.740022 -1249.360730 -216.480900 -159.521824 217.622783 22.610035 286.058760 -113.441307 -342.601855
85.155394 -291.364874 -782.504320 -150.542015 -3380.050245 -1059.144957 -623.527629 -90.956259 -388.875737 1548.264160 -1742.335707 1838.676500 1382.667860 -136.613654 -609.112644 -873.112839 103.676222 -951.306421 -1532.812601 -1119.008562 -575.817592 -582.857240 -863.090274 -1265.838242 968.609394 -295.814906 892.716992
-827.923462 1107.851079 1133.437416 600.303922 2272.114844 264.557570 896.826302 208.159173 123.755248 -15.393038 456.473392 -266.209647 -975.783273 -616.908860 -291.495541 -1293.696653 192.987030 -370.091434 2373.091394 -196.378032 565.584425 1862.627810 -351.213090 -886.360641 -1296.763936 410.505842 384.705053
1535.877020 -2139.505522 -1587.415214 1529.570922 1969.100244 -415.499209 1310.445903 255.267947 -368.314677 1488.389752 2532.315002 59.358961 -1040.382658 -1414.534908 1310.622069 438.197912 1042.340824 875.815738 -146.459606 -1297.831557 -1480.096533 -305.526396 -528.845012 -352.463001 -91.014180 24.235809 664.019509
560.373180 -992.075341 469.282394 -173.614674 892.587677 1334.905375 219.063947 -808.483574 659.697679 726.516282 -44.020581 569.871604 -171.014021 -873.091472 -506.664643 1642.770340 -1413.830916 372.348370 -2183.954438 438.580966 441.719354 -346.759532 -237.295038 -303.599938 500.546779 187.972961 -176.446227
655.587847 -1721.475092 1754.318043 1186.974597 5028.516991 2493.911326 1330.934388 -79.148842 -1208.747870 76.836137 890.262931 158.410876 -1001.643369 -871.234439 1208.456232 261.491179 673.257867 794.709363 -19.501841 -1267.551023 -1250.194735 -316.071310 -802.539919 -573.954492 706.101175 -344.455529 1015.662687
2273.030703 -2838.066184 -2852.222050 -1834.742501 -4245.107797 1224.707680 -466.698081 263.323263 286.879644 1551.013081 -801.691827 1799.448257 -1635.026446 -1560.179251 2380.018742 -908.179695 660.796311 -117.162498 -680.900971 -921.953995 -1590.720247 1246.325584 313.754068 59.385750 -502.468298 149.151402 -227.900685
1333.637332 3248.523643 -5646.247846 -3458.431435 -2345.732213 1414.448969 7940.900922 -1670.636537 -5777.189217 1852.845739 4222.817768 1437.452725 -520.952550 771.598861 -132.327579 -270.191855 4066.957996 1420.961222 -1306.494480 -1690.880275 5187.638785 2538.185706 391.065524 -1522.889058 270.287683 -1155.844612 2656.944818
-448.709646 466.773785 2161.689169 829.597370 5612.274381 1910.616081 1299.608753 1424.708318 -304.740886 -955.932557 799.571808 -1392.141513 -1515.015530 -305.549300 40.715802 -355.164031 278.311904 73.896255 1277.769299 -384.053105 -585.345449 600.611821 -167.391090 139.406777 -1415.052445 402.799416 -117.798578
2050.558839 683.752139 -5262.955729 -4318.075825 -3824.330429 1287.509838 694.537109 -1147.770034 -2299.292824 -4705.312335 4667.836006 -1287.813437 6135.587764 5855.777320 4441.152344 -2659.524752 -2968.008188 -1338.601778 -1739.391073 -124.859395 -1728.703779 -3400.748720 -2147.719339 -305.716256 943.500865 354.652897 1892.718313
851.772298 965.038165 -2103.593730 -1140.048413 -6357.109991 1327.581104 -3806.841602 -1673.361629 -463.847544 1770.428919 -3084.664858 3472.429141 2448.650895 -779.575238 1249.775821 -395.737239 -557.020130 -1059.020842 -4198.119471 -811.047295 278.634385 -957.196661 -2282.856232 -2688.575604 906.195765 -508.446881 777.306686
646.395841 -1391.472186 1822.799110 179.121120 3997.586702 2810.689968 407.357213 -28.099588 18.712917 52.719378 156.401871 323.019013 -589.886643 -918.935471 177.487774 1798.657545 -1041.229458 1205.626337 -2378.816749 434.667225 -204.753687 -772.799111 -437.807214 -16.625586 792.868514 -267.942899 406.314151
651.893373 -2303.168921 2080.495361 1418.049450 5621.658130 2449.627888 1515.670507 -455.615547 -887.017583 436.185241 887.782877 -1.670833 -1058.917897 -1706.562626 1439.461457 746.084799 719.867993 1553.192958 -30.496098 -1329.545694 -1686.597960 -743.348782 -1240.171151 -937.376024 1560.912926 -721.731614 1578.902043
873.381776 -1221.082302 -1308.934459 1797.108497 1246.885958 -647.639229 1226.340319 38.605950 -795.503960 1292.641330 683.107357 -54.484381 -648.081570 -620.532599 173.680651 50.002297 376.884842 -182.041174 282.211297 -985.231965 -300.744119 65.645603 46.207259 -156.916473 -409.731463 357.945644 297.689992
3335.583887 -2721.794214 -3400.516245 678.203057 1985.839036 1950.562077 1347.655807 1273.368786 -1753.096636 1333.040255 2500.347191 -977.318171 -1443.434400 -581.913271 -1098.712845 600.538056 773.250137 1879.910563 -187.005798 -4127.433915 -1244.341979 -217.704541 -1046.608305 -1335.390786 -24.383778 -273.874056 1510.640745
1466.903381 -1014.324446 -1948.011762 -1518.537115 -5622.029613 1150.227368 -2464.364658 -999.523237 250.913397 2105.642479 -2645.431468 3720.090821 2056.337461 -802.162375 -609.156180 -687.606794 -1522.883730 -2065.164918 -4365.641587 -566.359360 -1026.021185 -673.759482 -1654.254251 -3081.904060 1230.796060 -601.164405 2018.753030
967.519894 -2602.431717 3003.113739 1456.913820 8203.753958 4432.328196 1500.151955 -544.959118 -1751.093254 -396.475701 377.076839 -4.041813 -1753.238895 -904.721109 1960.146396 -164.993510 953.631652 1436.377591 -588.710056 -1440.701559 -1611.259587 -784.715964 -1415.256807 -709.150910 1243.635714 -689.385464 1711.357787
1989.783055 1310.441794 -5760.080431 -3964.398731 -261.110015 -3552.290972 -444.247585 172.447834 -3765.289403 -3954.927786 8343.073842 -409.768010 1164.500064 7706.123747 6420.089439 -5495.820504 -4399.218945 -2971.307899 -5907.471882 4500.415304 -3121.596430 542.216311 -2809.071967 -4927.149013 1629.365828 3209.764184 -512.387760
-11.769631 -565.630106 279.880887 529.704060 376.520173 -495.807299 650.579516 119.646810 152.325799 877.886512 28.246485 338.617551 -332.693375 -631.790281 -464.585509 81.919938 42.517434 -99.617853 61.133246 -1082.930688 -402.258583 47.511983 -381.821836 -446.536849 286.923688 -46.513012 266.266241
-980.802693 -670.144777 1984.253176 1267.379133 2536.728413 -506.332098 2191.375178 1115.855732 403.675456 42.990606 1973.040056 -646.065454 -1158.244554 -1357.004280 227.409839 693.200943 -440.883955 -602.974199 981.710471 -1059.643158 -682.333488 596.383312 -314.400399 -433.977284 -694.025607 533.338060 -695.114775
392.063835 -2293.710540 3423.838670 1589.825053 7318.131733 3538.464531 1662.501702 -61.543116 -1637.899726 -123.110145 527.011475 -60.076988 -1539.034746 -1088.070321 1625.001717 23.454723 773.228021 1163.693728 -121.761344 -1382.229730 -1260.413840 -122.984132 -688.521683 -538.365617 -4.972958 -212.394277 985.287438
1978.987814 -2813.768665 1110.971185 -153.172952 4138.786401 3097.438582 -422.107334 479.401836 -1128.769835 216.905681 -117.686304 1343.465191 -544.352579 -126.203119 -389.080564 741.079036 -88.330539 -800.803809 -2328.820579 -2318.350194 -1263.947377 -199.904150 -272.710261 -262.538984 1172.412285 -831.199321 1289.253042
591.959145 3476.832170 -4295.041206 -3063.086552 -4400.557169 1227.769909 2197.119174 -1635.136587 -4514.008230 -958.332638 3261.795224 1068.336405 2608.109278 2542.173304 1688.262157 -1383.001395 790.484525 -36.798829 -3056.947752 686.124082 2181.451696 -355.721558 -2343.539380 -2515.457198 466.658720 -167.850172 1369.081959
-755.328913 1272.739722 15.224028 249.731324 -928.669037 -871.074218 -59.310921 483.881635 798.100267 -181.143964 474.291551 -63.692038 447.574992 84.359818 -478.670834 109.129699 161.723741 -1127.889967 600.322506 36.828176 378.451368 491.696446 60.372380 -117.287076 -19.068542 507.351320 -172.171965
-654.111401 394.988083 1130.471320 620.604265 838.519482 247.991334 -162.917783 -195.668365 161.767672 280.578726 -143.137137 -195.714540 585.439528 -976.645735 431.060380 663.228160 724.892156 186.426403 320.727535 349.986247 -217.019307 -171.214512 -375.513787 -267.650189 741.906992 -216.017782 427.049338
-1010.810472 995.224916 547.882853 613.502810 -61.725522 -1294.978221 502.112768 848.456255 267.326227 387.648088 112.522491 -642.407250 312.398315 -490.027622 -730.179952 14.084075 28.500056 -584.885942 1475.839506 -11.313596 -251.568516 579.658065 196.599977 185.640130 -637.623478 424.179910 -190.842703
-421.110652 -109.928079 1635.907157 823.862094 3298.622871 915.489797 1591.502246 211.338009 -584.453844 381.101703 1237.334419 -367.683667 -537.370455 -1138.899905 264.250939 938.440319 -264.285925 -475.578432 607.982317 -197.496334 -104.324974 654.863230 -188.577928 -511.237070 -255.695337 331.799603 248.055194
270.918891 -1559.185567 2332.264532 1141.302191 5090.758783 2564.639757 1346.935457 83.003729 -1351.924005 233.474366 664.841684 -375.533762 -833.716163 -1150.712896 1052.770509 1038.058218 31.078694 259.220311 -100.464194 -946.903985 -885.817934 -36.751971 -416.110702 -559.495590 250.503091 -51.737462 883.015746
690.321925 -1383.795599 2478.645138 837.462956 6781.144612 3813.878291 806.743259 936.130858 -1032.359754 -797.982853 649.152534 -343.465702 -1622.929307 -745.109025 1033.542958 -131.467267 647.862400 1088.040909 3.583972 -1318.503514 -910.133546 293.450595 -679.853396 -498.063708 -413.523881 -45.302101 782.866663
-823.199745 1568.166647 -231.965018 -133.860267 -1107.893967 -1011.410454 863.405254 -646.533849 151.352134 -86.454420 622.498823 580.277630 446.016440 677.693674 -735.491710 -445.061923 -209.200367 -2014.303609 -253.868093 76.251436 -12.613070 542.523275 287.574560 138.998335 -22.384293 415.514180 673.768361
921.384973 -1101.031793 1950.833047 564.107226 5903.513588 3602.008543 286.897995 825.644389 -755.872029 -604.501590 474.072121 528.089046 -903.821738 -584.099759 650.322660 -238.110287 1119.752424 939.563308 -302.907375 -949.192929 -977.257227 -190.772900 -706.716854 168.031309 336.893193 -384.130555 765.667385
1058.664570 -2245.329882 2251.079322 917.578492 6110.508035 3805.388735 854.757731 -739.065303 -1322.749724 -132.180410 74.491460 -42.023726 -1422.662276 -747.939289 1526.114052 491.914314 189.623188 1289.092678 35.524085 -1250.814830 -1431.491703 -132.393051 -842.349424 -867.039439 479.676262 -393.411680 1425.121509
-483.542828 -347.864914 2204.245371 1325.896431 4462.417078 1221.871976 2154.192061 1006.590460 -1278.202915 844.733365 1799.942054 -676.482712 -401.041185 -2036.029074 695.778102 1653.344581 -160.285013 -370.705318 1535.627026 -140.482116 -500.372033 788.163234 -267.012515 -709.797156 -72.541964 380.678456 36.205413
289.805257 -1471.731823 2394.226479 1160.433641 6140.003599 2718.864090 1658.689653 1466.569226 -559.713167 -307.275288 1628.218077 -1225.868431 -1858.428110 -1549.378377 1233.930482 823.027304 -327.763234 595.353501 1032.144842 -1378.032594 -1612.210971 217.216258 -1285.818396 -1656.507434 12.418224 106.903927 172.729777
-1795.787643 4630.122862 -563.261841 -430.193430 -3308.052367 -2628.992777 -1723.571707 -1124.341589 1080.254052 588.148497 -3239.535222 -512.919170 1136.551421 1901.836999 -2814.065148 1028.986682 1355.745369 86.266278 -306.942809 2981.427908 4006.625481 -834.589875 1942.364883 2631.012130 1146.707262 -96.872636 -2199.836240
-2283.828454 1122.382393 2169.121987 1436.616281 2728.736544 -2379.042535 2406.878239 3000.208446 2075.304848 -1553.073794 2512.301748 -3005.665737 -1860.310827 -516.570557 -714.959336 176.592537 -898.242875 -225.209961 3542.011887 -408.858233 -1289.315463 906.690648 571.919143 875.358314 -1965.042375 784.461084 -1334.590320
2615.672269 -3839.570484 -4035.644835 -4669.122898 -2462.766790 -885.500982 1923.414654 327.928840 -280.485391 -55.537229 -2714.227697 1062.888603 932.029701 -441.336028 -233.514988 -711.588284 69.897203 683.943009 1092.532062 -824.973454 537.514470 -1128.110878 532.736670 -155.895516 -681.085933 -646.988212 -517.098112
1901.745726 -2882.548903 -1487.078283 -911.840736 -8204.422695 2548.435715 -3945.151392 366.957737 1541.288739 2130.912559 -3096.259669 4808.763647 1538.213776 -1111.586119 -854.359088 -1705.061986 -576.037157 -6157.886453 -3750.025915 -645.282180 -1866.969145 -1151.643380 -676.579950 -4555.235509 1656.324024 -3231.614894 4618.336178
-1028.261530 2028.949351 48.745960 136.864496 -3680.357769 -1597.216116 -2240.600134 632.245485 734.541706 1118.496446 -3232.271375 618.077731 1726.758280 1133.478889 -1888.236101 -559.213602 155.843715 -607.084479 -63.569898 2040.591330 1618.720818 -1065.372560 -198.237281 401.390365 836.287683 -430.287059 -724.631456
-1578.314728 1755.342702 1379.212449 895.379239 -345.234798 -2002.404698 -792.325051 1490.586112 1300.442196 -174.556578 -1536.216587 -950.198410 -205.963622 638.575790 -1479.734362 378.073496 855.283357 442.229857 2878.995050 977.791760 1309.213687 221.730316 1188.083475 1919.809692 -194.536071 151.476054 -2208.422583
36.412687 546.545042 -449.070468 -162.966484 -4275.225359 214.890577 -2885.774975 -483.246276 647.662919 628.533884 -1498.462451 1698.882222 2265.101412 914.489428 -401.148757 -528.476808 -754.632769 -1484.517568 -2537.710779 1091.329267 1118.374673 -849.500337 -1512.105628 -1668.583429 627.467834 -467.430743 658.751588
-2736.739616 2348.499896 1534.229501 1150.404496 -319.112365 -3827.352023 158.763930 2440.385801 2469.496497 -1514.507765 -1039.298553 -3864.640637 -632.852571 1172.449578 -2004.533469 -213.506564 -1030.926676 -371.675281 6638.608737 1514.963482 -1051.584524 1274.543738 2595.235234 3691.146498 -3000.819239 725.063132 -1782.277051
-1761.182399 5073.669678 -631.610210 -487.013306 -1922.239970 -1963.139424 -780.547125 -1393.460584 448.425011 -199.552294 -886.004051 -291.687730 1720.366060 2609.394770 -1592.967787 469.013148 346.196893 -255.394903 -2230.492306 2458.244611 3239.805100 -638.157913 -884.613487 232.401439 586.103916 916.553098 -1584.523776
-1173.781554 1546.411789 614.798218 475.646675 -1939.903213 -1602.672224 -977.808434 1454.277136 1012.534340 720.051333 -1800.487055 121.619043 415.200574 418.303755 -1650.009474 -411.307729 112.540564 -485.201243 648.514142 1133.652079 1190.658863 -919.746042 -347.663322 426.373477 572.252798 -303.205840 -1358.437560
-712.814980 -29.401409 1976.406018 1244.382912 4009.777934 490.020374 1542.455624 2254.291885 992.720743 -774.125288 3630.138202 -770.151183 -1089.465884 -2291.004558 739.728850 931.825266 567.374072 771.506487 1592.369988 -934.737349 -1084.856481 792.999158 -483.345718 -994.540770 -261.602762 253.930467 -160.140587
-550.567337 309.683133 497.733498 214.606400 -606.243421 -642.406249 -325.580931 419.206918 627.114710 347.245224 -837.442902 -257.145639 122.317664 -406.435707 -646.066165 220.585963 37.419942 -72.353755 672.374523 -102.002294 -131.728528 -65.636700 131.710074 237.144414 403.917533 -144.836211 -166.136962
1765.076126 -2303.059114 -1402.867034 -995.222113 -3820.943324 173.299781 -4430.252926 -1820.386464 -3746.557447 -2450.117019 3399.667773 210.651449 470.235021 -172.183585 -700.190344 -121.738149 418.672688 597.661581 261.900116 -581.878334 -1105.833983 793.742722 1415.588885 638.769775 1.613119 -777.008414 -108.150688
-1153.593947 172.995465 1729.061051 1274.297626 2283.957199 -688.422805 1493.135568 1900.536509 1916.737060 -149.766513 3424.812518 -598.581379 -1012.077529 -2552.977479 20.391641 668.220927 507.749079 448.089139 1345.217908 -622.279891 876.695037 1480.450841 -111.328875 -1712.712256 -359.565166 548.127566 -1032.900273
-2165.063284 4499.588855 -149.878517 -275.217684 -235.118574 -2595.635738 303.095167 -2035.718759 2033.343990 -1252.736944 -1317.699969 -2586.568004 -373.586186 1853.306416 -2295.992885 934.468492 -27.268760 889.929378 3470.711422 3209.401176 1318.354736 864.874355 3428.773045 4200.517357 -2092.563714 35.875532 639.554904
-1497.374089 3807.656352 -368.319178 -331.451658 -3401.549583 -2524.468608 -2781.301905 -2290.210573 1339.414737 -732.988039 -2337.952966 -980.361086 2906.826502 3593.089595 -1929.443628 1333.317880 301.438513 867.062726 -2013.522258 2881.286233 3185.814103 -289.058736 2509.035683 2936.748884 563.466557 1020.517990 -1914.941944
-439.568709 1330.930076 59.370950 67.536265 -4869.128389 -1451.644065 -4855.295954 -1556.272861 773.582937 -233.741301 -1886.520005 845.625144 4898.543332 3373.531136 -674.465765 1032.528432 -8.756100 192.695414 -4586.113968 1595.672919 2898.814201 -689.338597 441.618648 146.821540 2418.372376 1213.798826 -2667.792572
-1266.306562 2135.679653 -177.556738 -233.401177 -2097.392759 -2023.619625 -1792.436552 -1996.272678 1740.808073 -403.941725 -2720.168975 -1747.736437 249.102787 412.230371 -1493.072629 1213.612620 831.785397 1512.711834 3977.939805 1906.040235 2157.825185 2139.850974 3107.351485 3040.012493 -2306.113416 399.930317 -675.809377
-51.479926 321.307008 -124.641045 29.599393 -3821.793525 63.823151 -2679.456511 -288.666699 599.909961 778.935800 -1215.407067 1806.367113 2426.372630 505.872005 -59.370438 -275.216618 -730.517202 -896.088657 -3331.338837 626.028919 928.345672 -1090.596555 -1610.535732 -1827.221765 1071.180750 -451.564796 239.224250
-628.070103 2022.183310 -645.965222 -705.672616 -3302.011048 -608.161870 -2319.998416 -3043.742845 1349.243079 437.884819 -3195.864140 190.496318 -654.427140 483.704603 -967.124659 2361.829405 -120.011029 111.017518 -1443.378159 1424.972774 5084.645226 -392.591294 342.064191 1889.044424 -908.622473 387.077339 -2952.432175
3248.871622 -5152.124781 -4937.529323 -5502.111883 -3412.577193 207.020645 4081.636507 1907.796232 815.271457 1147.453079 -2945.429316 3251.503709 -2665.624600 -2203.588137 1710.876789 -2903.473905 -1918.507982 -47.746676 -285.949136 3970.480827 -1196.799160 -2775.723602 1831.090332 -2348.878963 -1165.066326 -1297.675519 713.418413
-1441.621825 1279.711234 1065.971580 667.824251 -1039.816359 -1586.273242 -470.846175 1004.316620 1849.951851 260.538753 -994.327308 -966.807146 -219.702354 -264.152936 -1475.817505 673.554956 -393.087108 133.410777 1703.612190 1621.006349 1653.573430 19.830039 869.876734 1417.235782 -599.682870 165.887003 -1766.437552
-1701.717780 1623.962663 1251.727843 864.366721 235.172367 -1661.651027 -590.511878 1344.996010 1913.900047 -769.893777 -563.954118 -2498.510985 -214.464010 6.237041 -1099.453498 251.111082 -336.859627 -7.697758 4184.145825 1543.199493 662.230248 956.797828 985.681250 1820.536661 -2111.828125 714.399431 -1739.007834
-1887.303456 3211.505173 94.708368 -3.258755 857.636217 -2083.935714 586.953429 -824.079474 2601.243297 -1309.654384 -99.661184 -3464.522103 -570.748211 301.207949 -1734.063441 -205.858095 -939.896364 173.664522 7167.360644 2759.708019 -797.830488 1809.185217 1951.344682 2892.491165 -3253.309510 416.076009 770.196544
-406.043777 1096.076318 -547.668040 -257.406469 -2622.113194 -915.573808 -988.222976 354.163761 874.814793 1309.656694 -1755.427528 617.236508 479.112500 -352.316099 -1707.121101 -386.803215 -251.052986 -280.362756 -958.373238 797.310397 1438.236903 -789.287525 -657.877445 -509.161353 677.513555 -326.352797 -434.275661
-2478.414779 3736.313983 673.842388 227.686782 -101.615541 -2960.404591 436.422772 -1646.897042 2114.566473 -1471.931185 -1238.140032 -2548.913095 -466.840209 1716.965877 -2075.924067 309.415005 -873.915540 1087.026983 5848.493907 3462.047729 400.866121 1405.372881 3520.070781 4566.082323 -2626.794499 -194.057992 1939.488560
-1446.516737 1971.150612 454.071737 505.060140 -2523.255297 -2138.626076 -1357.328977 1065.893547 1115.380413 126.209375 -1361.630731 -222.824607 1200.625797 936.925732 -1464.854326 -410.958483 342.044807 -442.107016 709.987981 1189.513993 1112.072127 -225.402063 411.222984 505.340412 412.316719 -110.994984 -605.117363
-1571.697258 3771.480399 -391.768185 -334.231228 343.947954 -1472.997981 -89.417700 -1494.402580 2133.371673 -977.189603 -436.341003 -2738.908750 -217.978111 378.614366 -1549.200992 827.464413 93.731557 430.842994 4353.704971 2661.089699 1141.308734 1531.082486 1834.140519 2309.730491 -2259.336054 618.352661 -274.660424
677.167892 1495.652348 -1291.609504 44.180611 -4961.329230 473.146369 -6359.159731 -2580.814777 -4250.459621 -2040.853009 2486.935735 -9.477882 6418.935150 910.618844 1368.235548 -1395.846519 -2929.544954 5636.932724 -1484.738274 174.598495 -1323.394524 2048.710624 2192.717332 1659.263714 1566.675709 2268.706482 -1218.528833
374.588831 -71.639713 -843.450639 -630.370758 -6085.450302 -716.782523 -4407.023272 -2303.334126 961.125461 490.976194 -2419.174892 1659.238865 3023.710522 2392.152016 -1010.657789 645.357746 -1525.447988 -1187.397502 -4680.003223 753.508632 2933.808238 -1091.033977 -439.213530 81.785922 1321.241451 505.977882 -2003.036623
1550.551854 -1075.785798 -3208.507854 -149.372479 -1712.831087 -1236.655848 677.737959 58.756580 -700.183951 1243.167247 -191.409372 -272.232751 -245.949607 364.569643 -1261.527722 -749.198535 0.515312 111.125396 628.947612 -2129.426921 -519.625495 -614.980803 -255.825829 -59.876969 -267.280973 12.081590 624.467169
2162.995194 -2081.761300 -3229.812773 -545.422326 -1125.824041 -413.420096 798.251776 -296.399240 -808.841580 1593.706876 359.702787 -545.351420 -531.658163 -202.011967 -1328.260413 -552.190682 15.291185 472.236941 358.531272 -2957.290783 -904.790732 -331.170857 -540.813960 -231.502800 -533.576683 -69.672341 694.643463
3443.444338 -4072.910616 -4750.945986 -338.148090 -4882.764322 715.908112 -1761.147130 206.333463 717.758241 1390.605841 -2786.832759 1846.368741 -2976.804429 -407.458062 3193.916729 -687.895795 1560.692446 -210.413491 -1005.297945 881.357469 672.000942 803.089477 -1286.847132 1160.568853 -110.404040 -219.281302 -3331.946041
-466.799726 -1696.806395 917.247320 403.653260 626.320130 -1629.852741 2900.044416 1018.105352 -1007.454613 756.718352 2005.384654 478.806890 -1092.070786 -1338.190315 283.586965 212.917649 265.225827 98.986795 203.138939 -1696.689477 -882.468883 24.877484 -151.851153 -10.658074 43.557714 22.451703 -191.948260
2140.152140 -1219.445978 1773.290313 -332.695313 6241.707030 6851.071932 -2277.502919 -103.760938 -2523.712426 -220.067017 -4212.076418 1577.875041 -558.486884 791.809223 -22.914092 -2374.915088 2026.139690 520.949177 -2273.081585 -326.549751 682.885487 -1458.529850 -1346.638882 1172.672885 1073.018587 -1069.636324 679.204671
2860.308931 -4262.839379 -3676.454196 -3550.983767 -3747.204551 -60.659877 -3679.869221 -643.509616 -1187.591703 -4916.240147 1191.251904 128.857413 502.921432 2391.974524 6158.042137 1050.168847 4048.833265 -2514.251467 1301.093978 -18.672824 -1872.232389 28.350209 3953.036176 -379.564887 2030.396585 886.791214 1284.378789
-1410.490632 -606.405029 2570.405107 1703.792139 3867.582582 -928.444777 2699.321885 2640.492280 931.464785 -638.054058 3693.511993 -1583.886504 -1460.746640 -2336.877348 632.425116 1444.320862 13.454585 674.445801 1598.166649 -1374.308702 -1173.817248 759.351581 113.393802 -337.987708 -796.763243 518.907264 -451.176934
2054.379876 -3987.230624 -762.686041 3202.072464 5163.743374 1291.596434 2300.709964 -436.193224 -796.192419 210.264905 1024.001521 578.164730 -2230.736657 -1760.544875 1400.974182 46.452063 832.178889 1691.475050 -1319.976644 -1407.166085 -1914.671763 620.037865 -1005.259758 180.818041 -91.641150 -408.653631 340.908698
0.057662 -56.536479 -142.149481 150.876981 -922.530357 171.768336 -360.622254 -455.101791 217.123124 744.915010 72.790029 878.047667 235.285386 -1810.622831 778.081235 295.932924 64.125218 251.091798 -403.326462 -1492.353932 -987.788910 123.916432 -947.919128 -1143.748590 -89.079052 -65.350605 489.947832
742.026185 713.834722 -2108.008522 -1295.452262 -5984.140427 307.893968 -3132.015831 -1486.473246 -1024.590634 1293.900105 -2966.949318 2191.305107 1699.581451 -110.078911 -437.270932 -354.936386 596.154411 38.592471 -1988.492629 -211.690242 903.578501 -734.744621 -1306.512512 -1234.961617 785.349897 -461.245240 -64.644244
-1006.508106 1826.164073 475.973814 158.715835 924.793078 -659.769093 834.921934 509.144119 976.706486 -134.325573 656.991698 -606.560888 -531.020543 -324.803988 -776.882371 317.199764 -245.213839 -469.775758 1377.639059 510.425079 145.572253 414.764944 -277.617982 73.580927 -533.232213 262.301327 -189.014468
78.833660 560.844607 -85.188507 -115.625532 -33.981705 234.079810 -373.874620 -252.459029 226.133478 615.699702 -987.704123 734.066615 133.410488 -303.836937 -238.455384 30.700909 167.068491 150.736909 109.378877 -582.013649 -585.646041 -318.610387 -585.133092 -92.884746 128.290277 -325.083066 753.214607
-243.693552 -1424.353109 659.123679 770.681099 -23.957948 -1636.679398 1482.679332 149.104195 434.630573 1778.926951 -159.414533 785.623088 -315.073424 -879.652582 -1102.318148 85.873416 -497.303405 -804.657264 -740.319906 -1917.932083 -501.924413 -108.530086 -342.258515 -868.742791 325.115955 -19.056999 558.498763
-1061.218176 -255.524792 593.575982 312.726523 -542.607955 -2675.626992 1155.653905 2016.475766 1759.746890 -522.026640 771.181992 -1170.212296 -1707.031551 -519.611400 -1005.655033 -352.475585 -733.180735 961.767510 670.732892 -2844.653914 -1870.932375 -354.693844 506.833783 1260.240113 -39.660411 11.471836 -451.901721
669.937989 396.558043 -1143.379946 -1112.396425 506.513279 1178.582359 91.665118 -987.839568 -2439.209501 -1980.909151 1668.950657 -790.789362 331.595996 1852.441607 2206.622866 -1182.930444 1345.432691 -366.697505 275.195122 169.990528 -2304.652425 -456.552771 613.369461 67.461751 823.188187 -899.150196 1495.627619
610.419741 -768.361732 -676.967551 -1241.400649 -4422.350230 -136.672266 -2167.843074 -1423.847581 1718.320220 1640.215151 -2337.624283 1943.322273 1533.181677 542.511135 -3095.325322 369.139996 -2954.919129 -2463.838661 -4513.278989 1990.672322 2307.702194 -702.191891 419.543615 -1237.683285 1340.430967 -176.850605 -1527.790287
-858.791360 158.757520 1632.250285 949.815067 3086.131778 -210.034517 1471.346965 1853.090191 1167.318337 -747.613146 2383.553559 -1049.514053 -1153.792731 -1389.685112 151.324970 503.894534 434.846925 767.951549 1462.544732 -880.649735 -970.117030 472.441807 -215.354872 -449.063100 -199.728127 161.396642 -328.598347
492.774540 -1401.103949 123.240740 -167.963517 344.375433 1254.095430 645.475708 -509.570872 -1214.109695 -69.273166 643.512889 267.355789 -502.951654 -1141.351033 1937.584247 160.613612 1022.319175 807.172558 365.351934 -458.436407 -1473.015321 -617.834397 -718.870623 -163.412018 944.677844 -716.758667 524.085914
1289.750231 -3282.227053 1953.651700 384.293637 4109.731885 3852.654924 257.284837 -2959.388186 -1292.951370 302.746592 -1005.345446 1367.651562 -918.452220 -1252.250917 1714.221375 -1138.715964 961.550328 1429.962819 -1581.985861 -2035.198120 -1510.063073 -274.041579 -931.726105 -593.657839 -647.988989 -317.312147 1496.385241
987.259089 -866.623879 1455.109930 206.156635 3764.589087 4837.777638 -1483.666152 -1152.757481 -2641.511765 -449.317404 -2347.188196 218.510805 -333.647576 -738.878211 2516.533260 -340.998429 1131.525702 2372.286078 -1666.132847 -1370.425494 -1513.194654 -927.701830 -1318.688745 -1027.111339 1650.001417 -1101.253076 2597.258074
-1836.046966 2227.784874 832.787899 748.821097 -2339.916395 -2627.075552 -655.644884 1600.814005 677.786968 409.821493 -1262.149331 -23.389095 452.556156 742.765607 -1450.067915 83.390882 395.637454 -672.967812 388.029950 677.832293 2119.478369 179.723741 380.201173 414.679301 176.359643 343.804816 -1804.316766
-948.426304 1682.374761 -116.620942 -171.828725 -3762.079996 -1600.018674 -2699.791377 -1687.641942 1967.446209 -1578.612913 -593.375531 -211.422686 2672.479753 3101.483821 -1082.269663 235.919007 -359.956387 -1940.329880 -1863.501022 1239.242254 504.496802 -178.919358 2151.362147 1677.029003 784.362598 210.176094 284.851244
-778.968946 1871.517753 -219.168448 -75.552579 -1021.028555 -1038.331580 -285.278723 -141.438153 778.234048 70.705878 -479.851770 -278.445601 266.176698 370.743428 -1135.801381 -14.230775 -201.221142 -415.168882 1060.734138 670.473613 474.565423 290.142923 278.639305 445.326384 -131.143066 73.333262 -81.741184
-1776.674451 -458.289454 2893.595099 1977.964108 2574.342303 -1899.512941 2974.445405 1628.765758 236.006342 158.523494 2860.437906 363.488908 -1021.080972 -1578.388522 462.807394 816.305804 610.605998 817.478202 345.045586 -1369.225429 -533.443268 472.646257 190.446860 -152.015075 -218.584839 111.067183 46.076036
-2284.683883 1870.508043 1002.049255 710.107653 -36.635631 -3030.568265 779.921881 1804.876381 2456.857732 -1430.741105 -673.581984 -3920.746728 -2026.539345 760.138580 -1504.149471 394.118314 -2177.751584 -1237.873679 5307.794495 775.063512 -496.440165 782.451524 564.626765 2641.734580 -4048.957654 1160.999634 -2902.271570
67.351278 -47.760206 -356.429746 -1042.809247 -2020.734045 -94.964571 -634.774263 -1702.685140 2084.446269 1141.412592 -1761.375273 320.817294 -568.488529 -556.288120 -2242.665940 1496.747996 -2380.240853 -659.850663 -1484.564831 1850.726726 2572.055053 162.805032 368.000038 445.474828 -759.642478 392.522842 -1371.886291
-1306.146412 2370.691933 272.055558 133.057726 -275.639988 -1193.493486 75.846728 249.363996 1099.151009 -226.131594 -125.287762 -998.544716 -12.515784 149.850652 -1073.493984 104.570921 -144.422795 -418.674787 1773.971320 1199.237768 723.964294 530.797738 268.839520 581.168080 -590.902037 307.193379 -534.972501
-1402.368402 -921.476652 2367.387218 1410.706392 709.712074 -1986.882165 1353.717304 -816.207947 1296.307481 1002.915094 485.317530 -215.508222 -16.913840 -806.134706 -747.257998 891.121921 -282.002998 -448.109034 145.459317 -8.792557 -50.978517 -557.954624 300.954526 499.569256 420.276787 -203.308222 -1058.451479
1882.923741 -2952.227889 -2373.639868 -1809.293169 -3516.438350 1111.269439 -588.123278 282.826336 -744.943787 -310.605873 238.735777 669.240355 -1813.457330 -449.255928 3507.482830 -717.508525 918.615622 -376.394723 603.347556 395.448879 -271.513344 -520.336705 -88.470901 410.603896 -381.920335 -1420.576691 -461.113913
-1452.506617 -717.205961 3954.043854 2043.229905 5346.969047 325.172311 2759.846390 2546.055093 -1243.994981 -188.630903 660.102285 -425.180733 -1897.432936 -277.416168 -13.479558 -925.604910 112.072655 98.217073 186.271016 -1406.512713 -754.660543 -160.024838 -168.056327 43.045861 -365.196570 -56.410962 34.697753
-1148.906535 -719.478853 2263.733172 1786.723946 2850.871472 -1103.874374 2464.540735 1305.292215 -212.635625 113.660233 1673.727275 -93.350113 -1407.818055 -751.592327 449.797317 -130.004457 381.511045 545.636353 351.229909 -1427.544245 -820.716980 59.048452 -121.877675 -358.693155 268.879329 -41.840329 184.950921
-936.631461 -179.742578 690.338846 244.704705 -2262.140373 -2271.311963 213.176876 1602.096888 879.321546 786.213836 -1085.591439 975.965295 -283.743922 -371.165619 -1345.436647 -47.588020 -702.852086 -171.941732 -1073.266950 -1255.762762 -224.489384 -165.773156 228.251651 -8.457454 334.794057 -132.631881 -366.217068
88.596984 -269.744367 -800.726345 -138.275310 -3401.683163 -1095.161572 -596.003104 -97.252444 -336.088365 1546.601185 -1734.763103 1875.885652 1367.027194 -85.360417 -611.260108 -832.709043 53.644810 -951.210695 -1511.279475 -1114.493704 -598.347608 -597.056896 -868.162695 -1291.444692 1014.397230 -303.735721 875.983619
-813.977050 1127.796769 1115.817213 583.639553 2293.872438 305.415748 889.482349 257.152014 120.952502 -6.405757 460.736973 -277.025948 -976.990256 -629.924417 -308.060823 -1314.359091 198.640035 -392.436195 2355.848818 -192.541942 560.188491 1807.003514 -387.411733 -889.070838 -1278.598054 410.347903 355.184995
1564.570607 -2109.027159 -1702.710925 1722.306931 1927.433290 -430.508745 1367.668236 252.759083 -330.095187 1458.811792 2503.254100 127.456201 -1058.095715 -1384.052759 1290.052304 565.247889 994.140423 859.433726 -85.645188 -1269.326758 -1535.187214 -252.215015 -554.039987 -366.039009 -53.594212 -16.475629 611.999803
541.689883 -1003.893765 485.175879 -178.290313 903.507005 1357.732029 212.509046 -800.025383 652.141693 730.464069 -66.147425 540.091439 -157.894313 -920.166442 -522.471110 1563.032428 -1354.977805 343.729525 -2256.737976 436.233659 461.043700 -355.659642 -222.935517 -253.488752 495.273076 207.795554 -173.397860
681.606644 -1697.654030 1705.139212 1241.076406 4991.459310 2451.768200 1361.174624 -124.805879 -1173.104404 103.906919 906.374717 232.526464 -998.104826 -836.844274 1217.123740 354.991374 611.125376 802.464855 87.036049 -1237.795388 -1278.970840 -302.922402 -808.532311 -620.770025 750.423606 -356.326025 979.929131
2275.628216 -2834.389662 -2852.319043 -1840.354252 -4236.115448 1229.879891 -457.502213 275.344744 293.929008 1557.060315 -787.789276 1797.657389 -1650.900062 -1555.508023 2372.138560 -910.517893 651.054975 -110.058558 -691.607799 -905.886390 -1594.515623 1229.564296 302.693182 65.402568 -498.215749 140.706675 -204.876388
1322.905090 3257.085532 -5618.424185 -3522.621062 -2361.161019 1443.729398 7929.768712 -1687.880935 -5757.288968 1865.894974 4237.105498 1359.372962 -528.163491 806.421660 -159.470574 -359.229510 4106.013323 1427.188952 -1318.810686 -1701.860038 5140.959454 2515.177808 378.624119 -1510.512649 272.060153 -1179.515183 2620.661175
-442.785499 475.096435 2156.683908 818.829616 5631.848044 1942.163959 1276.719565 1467.906682 -323.308987 -948.771695 768.487934 -1400.356832 -1509.143934 -333.439840 29.136153 -373.666257 328.079434 61.189692 1260.216014 -394.019431 -574.602301 584.215780 -181.458303 139.415693 -1391.283989 392.722504 -134.439036
2028.356530 742.901096 -5294.950412 -4351.721675 -3813.367389 1322.617600 725.272655 -1186.381076 -2244.705409 -4745.143546 4637.299264 -1378.620671 6111.442543 5840.434273 4399.321865 -2718.500627 -2888.414345 -1438.419067 -1695.843748 -195.832827 -1757.721897 -3510.989027 -2186.411961 -216.896213 907.985797 294.146539 1809.763618
847.944610 989.688184 -2115.565740 -1148.986993 -6350.067761 1330.693609 -3795.132804 -1679.700852 -449.798670 1770.916978 -3081.415609 3459.873770 2437.949823 -792.930674 1241.985680 -389.364054 -550.973190 -1052.120854 -4207.050035 -800.943470 280.554209 -964.388923 -2263.753774 -2664.018327 911.129507 -508.667950 776.744855
650.348460 -1387.442681 1821.302878 182.475268 4000.887177 2810.107678 408.247254 -28.470335 28.982169 55.390575 167.260841 327.909443 -594.172142 -915.735437 171.519053 1800.191209 -1043.635211 1205.094115 -2355.935391 438.005930 -205.048685 -766.873138 -432.204177 -23.996350 792.975698 -268.942027 388.020453
644.120750 -2297.112660 2076.392369 1419.763844 5627.296271 2449.550672 1522.461819 -485.314609 -873.118933 431.244462 899.740516 -14.911907 -1052.533179 -1726.974535 1446.988295 718.579352 721.816209 1545.632589 -23.475109 -1327.831084 -1701.223747 -729.221046 -1258.757966 -939.367116 1516.213908 -698.463278 1585.811049
852.894807 -1239.549887 -1211.772162 1618.514490 1298.748419 -618.646558 1187.739791 33.841325 -825.558694 1334.545558 705.929363 -130.003356 -644.396643 -647.876996 189.355589 -43.649811 423.139749 -178.769429 246.099957 -995.998071 -296.633301 9.341908 41.421355 -110.530990 -460.067105 382.177470 352.086501
3338.466592 -2706.267803 -3406.961366 682.037904 1991.762750 1949.080877 1330.742945 1282.502965 -1772.149649 1316.356426 2497.694282 -958.808862 -1458.807713 -585.495732 -1120.358898 626.087089 755.608563 1891.543145 -217.766702 -4126.480113 -1247.128413 -221.012417 -1047.781856 -1324.362889 5.503566 -294.695068 1525.707377
1451.233377 -991.556243 -1955.510684 -1539.297202 -5580.597699 1189.720710 -2467.886230 -1005.555027 198.427971 2084.241836 -2665.727908 3653.047561 2060.154000 -844.555928 -607.354484 -745.238386 -1490.268910 -2059.315270 -4435.777567 -579.031346 -1008.986897 -682.241107 -1661.996830 -3042.074218 1188.450675 -573.933011 2007.129396
967.832960 -2613.457628 3007.612272 1452.798144 8213.282712 4435.278391 1502.507115 -537.970896 -1755.198468 -399.014621 388.721831 -0.834179 -1747.839470 -921.362824 1966.238464 -149.812580 961.065425 1453.089643 -603.473453 -1450.393899 -1602.231416 -779.549920 -1417.368323 -725.747968 1282.333804 -709.261041 1725.677297
1994.579040 1313.864622 -5760.889479 -3962.403662 -268.129720 -3547.404004 -453.675577 167.254084 -3748.704398 -3939.654758 8346.445315 -416.362723 1168.428369 7712.771198 6424.832833 -5481.449341 -4405.157603 -2959.919414 -5901.235701 4512.177461 -3145.630856 552.474075 -2816.553617 -4931.252020 1635.476780 3203.602410 -518.159690
-19.148232 -591.705711 304.522825 497.571495 390.452886 -457.157670 612.549365 129.821032 117.530566 864.251293 2.591855 293.688570 -318.526278 -665.537394 -451.324176 7.881147 81.326779 -97.695707 21.641800 -1090.537391 -408.597680 39.215696 -378.178659 -416.927573 266.222826 -60.749965 294.585527
-960.977817 -663.481127 1969.731115 1272.105232 2519.542579 -515.529134 2200.213975 1110.600529 414.686208 65.132353 1988.696108 -621.389663 -1163.366451 -1332.874756 237.030742 770.055237 -487.218895 -594.469585 1046.137210 -1040.831115 -695.419769 606.698987 -313.749806 -468.222836 -690.071158 543.537109 -704.283238
373.434455 -2306.252316 3437.965978 1580.881919 7327.550707 3534.823784 1661.318107 -63.621572 -1636.116677 -138.521573 521.876665 -74.472184 -1519.103834 -1111.958917 1618.923040 -41.836639 806.618200 1158.354841 -163.335663 -1387.914619 -1256.569408 -129.961351 -690.550869 -498.966767 -27.402092 -208.382983 992.870911
1996.971145 -2820.734340 1107.362214 -120.009788 4121.291644 3076.662120 -419.622208 488.838008 -1114.809421 206.416543 -97.866008 1357.889593 -586.156649 -46.845637 -380.498593 813.800548 -139.659624 -772.210253 -2271.810817 -2335.069912 -1225.302173 -178.830707 -269.799159 -316.079888 1218.527158 -841.053895 1298.295568
591.779256 3473.067118 -4290.711314 -3062.494898 -4389.424421 1223.771019 2214.129945 -1621.245919 -4508.337213 -938.816157 3264.144451 1088.139533 2620.605748 2523.316282 1713.112863 -1392.540155 778.045154 -48.769041 -3045.822696 655.656032 2247.162388 -351.222271 -2344.258199 -2487.931323 462.285046 -163.137561 1331.712021
-760.869200 1273.228287 17.570266 250.570622 -933.583509 -878.022819 -54.555444 489.771567 791.184815 -183.223846 472.526235 -57.309516 428.723106 80.834916 -481.692529 89.037698 167.086067 -1135.540847 603.512700 26.037086 393.379700 502.898667 73.157326 -123.961146 -22.416126 490.202696 -158.964169
-647.814955 386.463166 1123.185995 615.286793 860.838407 277.736833 -193.382386 -195.491400 150.176786 262.761767 -141.534221 -227.212563 612.161665 -997.354763 432.788814 602.415867 745.194612 185.932898 303.182242 331.499578 -221.430348 -168.391107 -378.762090 -282.565541 764.054190 -223.811575 405.872503
-995.207507 1021.480420 521.046221 627.364772 -83.308142 -1323.160675 520.144525 876.475847 276.323247 401.717677 118.724331 -582.269058 296.617225 -459.657461 -746.321201 72.776078 0.599338 -598.158164 1526.838512 -11.358077 -254.640703 590.009574 196.530516 142.441063 -642.770488 427.401884 -202.736429
-394.034465 -98.582149 1624.364348 828.615053 3283.779621 903.825737 1590.703179 250.661382 -595.302990 398.584995 1237.454883 -310.773631 -543.826289 -1093.155616 257.771504 1038.264064 -316.867634 -475.195030 634.050408 -185.033243 -114.331114 630.360254 -176.156082 -503.916100 -242.185181 329.034299 243.027397
273.774585 -1551.501897 2328.323532 1136.785985 5083.884960 2555.567266 1358.134754 60.544112 -1359.802222 261.136197 651.609490 -368.138006 -825.012716 -1147.970280 1060.841988 1052.841859 27.706678 256.995231 -62.103908 -920.190680 -911.659016 -57.144627 -440.469657 -562.062820 252.552994 -57.054392 872.883427
685.620826 -1381.798110 2478.741690 839.413703 6774.221406 3798.309639 815.156534 933.102599 -1023.012219 -800.400801 659.404565 -335.140353 -1614.417824 -742.536000 1031.272679 -128.157546 637.265875 1091.137526 9.482982 -1308.355633 -932.273485 297.961532 -678.210854 -480.773589 -448.725696 -29.041543 791.999579
-847.148576 1549.399301 -216.571658 -146.281271 -1040.214586 -959.179910 857.340716 -651.927073 144.755047 -121.561939 617.094980 504.229175 461.072928 607.192066 -736.955587 -560.283709 -144.766254 -2035.668070 -333.990610 70.613551 9.244147 536.021600 276.183122 180.418348 -57.137905 452.115574 677.567754
936.165961 -1079.835880 1934.097670 563.407785 5892.504651 3586.721764 296.124558 818.740015 -739.748750 -602.539260 494.539080 576.546910 -921.714848 -548.013854 657.297554 -178.583904 1090.814845 946.861245 -282.917640 -942.124981 -992.764813 -210.140644 -709.369028 167.691722 339.772058 -371.701843 752.654110
1034.051300 -2269.372406 2279.578987 913.021431 6108.931923 3790.584296 852.455075 -768.533694 -1314.771481 -128.394075 95.731056 -58.168085 -1399.998169 -795.554288 1525.145047 426.408408 232.450236 1289.889359 7.012467 -1251.140757 -1439.288996 -148.528910 -832.217796 -842.490283 447.242848 -398.864851 1427.699533
-484.486958 -355.552547 2206.910849 1331.437063 4462.941880 1219.267566 2150.635732 1012.265450 -1272.720392 847.455048 1825.935698 -671.919326 -397.012653 -2059.313422 697.415798 1650.141788 -145.799763 -395.351515 1543.829770 -149.993237 -492.510607 799.368033 -279.745287 -721.993936 -69.882362 384.007077 24.088544
289.525125 -1462.310062 2389.726812 1165.361378 6134.418906 2714.436246 1661.646381 1455.167481 -552.831464 -301.218714 1646.136182 -1218.294689 -1857.251211 -1548.847986 1233.591992 812.657698 -326.072358 587.217866 1046.505897 -1373.218620 -1606.214314 225.953749 -1290.616847 -1676.581334 16.118007 105.404850 173.286174
