-1805.786792 4637.236159 -564.915425 -433.737909 -3303.043336 -2618.114690 -1715.541569 -1114.019961 1076.601831 581.165399 -3255.672065
-2293.516809 1125.421066 2172.449591 1440.202318 2704.787850 -2416.363671 2416.341007 3001.736920 2090.778163 -1556.766290 2512.654819
2617.169442 -3842.258054 -4033.339652 -4664.642657 -2465.155887 -869.812465 1919.358733 327.738674 -279.877859 -64.874744 -2708.792886
1911.307043 -2894.077650 -1475.025808 -901.042962 -8220.572632 2505.608772 -3946.023086 375.397562 1592.497523 2134.169588 -3064.725656
-1035.130587 2050.682717 42.294255 127.816544 -3669.434836 -1595.414907 -2217.156486 617.733736 730.894385 1118.920361 -3233.837820
-1575.554494 1763.028105 1371.254197 888.001738 -336.179582 -1991.781197 -791.038402 1474.561118 1312.254326 -183.038042 -1530.601677
28.189715 529.984515 -432.899748 -157.420448 -4271.865172 208.616787 -2885.228060 -484.241155 660.418455 612.154772 -1499.709563
-2731.789906 2353.008510 1529.200024 1148.055483 -315.544280 -3823.169530 148.609752 2465.903545 2469.547999 -1512.238480 -1044.995452
-1770.022966 5064.297428 -622.446228 -483.411813 -1926.115950 -1976.465880 -757.532648 -1408.811417 462.247496 -215.746690 -850.157717
-1150.146275 1552.584670 600.020794 472.690910 -1953.916021 -1609.531333 -965.212811 1447.640024 1035.109447 748.379272 -1766.088238
-711.430770 -27.507861 1973.668670 1238.704800 4012.618827 496.557864 1540.973749 2251.495870 995.689538 -783.157382 3619.392126
-556.593018 284.322763 504.607098 204.982830 -582.999327 -607.475036 -344.345852 433.016052 612.681032 315.133913 -850.619158
1761.478434 -2301.315168 -1397.805701 -992.401547 -3830.625534 187.776772 -4420.183650 -1817.480042 -3730.396514 -2450.041836 3393.222961
-1140.832691 177.867422 1723.040032 1273.202955 2306.033769 -667.075185 1485.128185 1932.382704 1891.002003 -129.857047 3429.740993
-2171.060317 4504.352794 -148.252017 -274.961260 -237.891082 -2602.053828 312.812771 -2028.744335 2028.604788 -1261.101941 -1317.137363
-1487.338103 3784.418825 -361.104572 -319.377182 -3419.103287 -2549.253889 -2775.441330 -2315.994260 1378.257006 -747.860630 -2284.728242
-440.129627 1326.255565 62.271976 69.879533 -4870.921255 -1457.594953 -4853.293368 -1556.640878 774.514998 -237.193728 -1881.640535
-1264.241225 2139.941086 -182.870320 -243.090028 -2079.259827 -2006.702435 -1780.245036 -2021.071935 1745.887485 -403.359976 -2711.172584
-72.241630 339.672009 -125.579332 22.392680 -3786.687643 82.319404 -2685.533435 -303.445755 584.360153 757.244165 -1247.878591
-619.188480 2021.983478 -653.285400 -712.518865 -3281.258548 -581.292541 -2332.054609 -3040.356545 1347.228885 436.661034 -3186.871206
3242.442849 -5168.961844 -4925.633255 -5493.163514 -3419.899759 200.646474 4088.336100 1903.338683 821.219873 1147.926970 -2958.398469
-1444.925531 1286.004629 1060.487190 661.867442 -1019.715702 -1553.641286 -481.611574 997.221615 1838.474925 247.700676 -1002.730628
-1681.131043 1640.650480 1229.545517 851.316464 256.783972 -1637.917926 -593.187550 1323.705127 1943.230356 -772.445392 -524.100653
-1874.999309 3221.542017 83.350491 -12.279700 873.861551 -2065.280023 575.174346 -817.552551 2594.054644 -1304.184470 -94.289213
-411.902958 1082.614084 -539.890222 -244.846044 -2631.992000 -926.795589 -996.181197 340.120379 883.140421 1282.324300 -1747.151396
-2482.764494 3755.400360 668.591826 221.139103 -103.968561 -2954.818354 446.094568 -1643.940019 2108.128398 -1476.410677 -1249.499766
-1460.973202 1968.672923 456.929387 498.128713 -2494.531659 -2106.568886 -1370.299304 1074.135511 1081.390454 103.664170 -1394.255054
-1603.689212 3724.590955 -344.563171 -309.293567 311.990616 -1512.979203 -88.571154 -1429.053463 2099.299835 -986.301026 -473.990307
670.725306 1492.526553 -1288.604486 45.071753 -4945.367773 480.665678 -6357.455301 -2565.364790 -4259.240716 -2050.143242 2483.878525
373.581370 -67.734641 -844.704485 -627.769022 -6087.829020 -722.892364 -4423.336592 -2309.696161 954.453026 481.826725 -2426.751431
1551.488761 -1069.592153 -3203.595704 -150.597230 -1714.928087 -1231.011838 682.635820 65.595978 -717.001464 1270.525120 -188.204423
2146.561215 -2076.858786 -3227.527124 -536.078667 -1150.516117 -454.692642 816.768268 -312.637783 -803.547619 1579.150608 345.274632
3422.951274 -4070.570867 -4757.981616 -335.906903 -4884.519180 724.745131 -1756.166617 196.772335 690.073311 1348.812890 -2797.651735
-478.376255 -1703.685761 918.955673 392.367507 660.653642 -1605.463564 2887.481624 1009.386215 -1016.671471 724.971849 1995.005416
2137.227877 -1224.031522 1775.704901 -327.618200 6234.857155 6853.768431 -2284.114794 -98.913929 -2536.190859 -217.196418 -4217.779565
2886.046098 -4240.547037 -3690.797863 -3555.995729 -3743.282314 -27.130789 -3660.621173 -605.587259 -1183.741493 -4894.700309 1204.839179
-1405.946635 -609.069085 2573.170050 1703.384891 3863.773001 -928.805676 2688.695254 2664.899250 921.810735 -631.529336 3689.408789
2069.488979 -3987.932296 -774.526007 3199.407278 5180.442202 1321.192225 2285.051955 -427.359858 -789.178108 231.962985 1052.162170
1.231287 -53.218471 -142.810342 147.565783 -921.285377 172.653392 -365.181690 -454.470428 219.611855 742.038371 83.040399
755.443734 718.799732 -2120.122794 -1284.812814 -5997.076296 300.892632 -3140.479475 -1487.914054 -1005.496803 1296.369240 -2947.492056
-998.923409 1830.277230 467.563782 156.871116 930.357766 -654.302844 832.445458 505.643591 999.384810 -129.376171 670.383330
78.688578 582.409092 -98.869536 -118.535225 -37.968139 233.468604 -373.851924 -278.613590 231.204111 597.493329 -981.349859
-241.724704 -1440.987562 662.699422 781.651757 -27.769209 -1638.404289 1475.482981 146.357114 440.031940 1778.833744 -158.108530
-1069.156554 -244.306249 593.508358 308.619371 -540.827151 -2675.597164 1176.495746 2017.242247 1761.383369 -526.195717 763.679759
689.434345 392.092978 -1153.939733 -1108.353846 499.566946 1174.506547 85.710349 -952.765238 -2441.920519 -1998.454146 1654.644002
621.068255 -762.858974 -687.039295 -1245.982176 -4416.841491 -118.000511 -2177.523855 -1437.722428 1719.530783 1644.512288 -2321.755402
-849.546180 180.989995 1616.868654 942.544005 3075.176041 -219.718408 1473.192066 1869.190770 1185.559865 -748.696535 2389.665687
468.416004 -1414.028858 140.708547 -165.085998 375.539634 1296.609012 649.988177 -495.749540 -1234.559917 -96.144676 619.851642
1292.048771 -3258.393093 1937.602882 383.173148 4092.924315 3837.296280 268.659596 -2958.315784 -1288.847573 314.944718 -1008.341603
987.618918 -873.501656 1459.926195 206.547928 3775.831705 4846.842261 -1499.586694 -1136.310713 -2645.814696 -460.737346 -2355.730797
-1837.084420 2244.026530 828.450272 746.573359 -2363.406156 -2646.634731 -650.034584 1608.241188 679.886733 408.634862 -1274.065556
-949.819583 1691.607541 -124.220977 -175.951694 -3756.912300 -1604.210301 -2694.737201 -1682.889952 1979.132067 -1584.014358 -589.326658
-795.027081 1867.044935 -207.490543 -90.125243 -981.613720 -1006.321218 -287.922000 -142.547731 773.795974 59.868446 -476.160192
-1784.471768 -463.233571 2902.022231 1982.007937 2566.933401 -1912.953842 2977.574370 1638.457431 235.740538 154.758203 2852.283972
-2298.127794 1883.399923 1008.578150 700.672078 -33.565386 -3026.298766 782.959185 1827.370834 2451.895280 -1447.580473 -665.758094
54.573479 -42.385251 -349.249814 -1039.194128 -2032.196099 -119.653601 -629.880624 -1689.949617 2075.538024 1137.590406 -1777.820154
-1312.110495 2368.108904 276.329893 135.237157 -286.670766 -1199.966932 78.375264 255.336333 1108.852584 -232.268140 -127.454530
-1402.869761 -930.492737 2372.627463 1412.630576 706.699289 -2005.520345 1346.393486 -814.118896 1292.392827 997.425618 486.882015
1897.984060 -2936.680843 -2386.514480 -1806.886361 -3518.029440 1079.487287 -613.775778 259.007266 -732.531820 -292.374162 263.065526
-1444.071163 -701.290279 3940.978364 2041.419439 5341.875510 329.729858 2762.378505 2531.163030 -1251.721709 -167.789181 653.165968
-1161.685653 -732.351781 2282.394639 1770.802099 2854.572759 -1103.214569 2463.998776 1294.917407 -220.318887 92.592169 1653.086508
-948.522231 -202.636540 699.313420 240.774937 -2224.606616 -2240.195904 196.278253 1613.838736 859.420812 761.532201 -1127.711821
85.155394 -291.364874 -782.504320 -150.542015 -3380.050245 -1059.144957 -623.527629 -90.956259 -388.875737 1548.264160 -1742.335707
-827.923462 1107.851079 1133.437416 600.303922 2272.114844 264.557570 896.826302 208.159173 123.755248 -15.393038 456.473392
1535.877020 -2139.505522 -1587.415214 1529.570922 1969.100244 -415.499209 1310.445903 255.267947 -368.314677 1488.389752 2532.315002
560.373180 -992.075341 469.282394 -173.614674 892.587677 1334.905375 219.063947 -808.483574 659.697679 726.516282 -44.020581
655.587847 -1721.475092 1754.318043 1186.974597 5028.516991 2493.911326 1330.934388 -79.148842 -1208.747870 76.836137 890.262931
2273.030703 -2838.066184 -2852.222050 -1834.742501 -4245.107797 1224.707680 -466.698081 263.323263 286.879644 1551.013081 -801.691827
1333.637332 3248.523643 -5646.247846 -3458.431435 -2345.732213 1414.448969 7940.900922 -1670.636537 -5777.189217 1852.845739 4222.817768
-448.709646 466.773785 2161.689169 829.597370 5612.274381 1910.616081 1299.608753 1424.708318 -304.740886 -955.932557 799.571808
2050.558839 683.752139 -5262.955729 -4318.075825 -3824.330429 1287.509838 694.537109 -1147.770034 -2299.292824 -4705.312335 4667.836006
851.772298 965.038165 -2103.593730 -1140.048413 -6357.109991 1327.581104 -3806.841602 -1673.361629 -463.847544 1770.428919 -3084.664858
646.395841 -1391.472186 1822.799110 179.121120 3997.586702 2810.689968 407.357213 -28.099588 18.712917 52.719378 156.401871
651.893373 -2303.168921 2080.495361 1418.049450 5621.658130 2449.627888 1515.670507 -455.615547 -887.017583 436.185241 887.782877
873.381776 -1221.082302 -1308.934459 1797.108497 1246.885958 -647.639229 1226.340319 38.605950 -795.503960 1292.641330 683.107357
3335.583887 -2721.794214 -3400.516245 678.203057 1985.839036 1950.562077 1347.655807 1273.368786 -1753.096636 1333.040255 2500.347191
1466.903381 -1014.324446 -1948.011762 -1518.537115 -5622.029613 1150.227368 -2464.364658 -999.523237 250.913397 2105.642479 -2645.431468
967.519894 -2602.431717 3003.113739 1456.913820 8203.753958 4432.328196 1500.151955 -544.959118 -1751.093254 -396.475701 377.076839
1989.783055 1310.441794 -5760.080431 -3964.398731 -261.110015 -3552.290972 -444.247585 172.447834 -3765.289403 -3954.927786 8343.073842
-11.769631 -565.630106 279.880887 529.704060 376.520173 -495.807299 650.579516 119.646810 152.325799 877.886512 28.246485
-980.802693 -670.144777 1984.253176 1267.379133 2536.728413 -506.332098 2191.375178 1115.855732 403.675456 42.990606 1973.040056
392.063835 -2293.710540 3423.838670 1589.825053 7318.131733 3538.464531 1662.501702 -61.543116 -1637.899726 -123.110145 527.011475
1978.987814 -2813.768665 1110.971185 -153.172952 4138.786401 3097.438582 -422.107334 479.401836 -1128.769835 216.905681 -117.686304
591.959145 3476.832170 -4295.041206 -3063.086552 -4400.557169 1227.769909 2197.119174 -1635.136587 -4514.008230 -958.332638 3261.795224
-755.328913 1272.739722 15.224028 249.731324 -928.669037 -871.074218 -59.310921 483.881635 798.100267 -181.143964 474.291551
-654.111401 394.988083 1130.471320 620.604265 838.519482 247.991334 -162.917783 -195.668365 161.767672 280.578726 -143.137137
-1010.810472 995.224916 547.882853 613.502810 -61.725522 -1294.978221 502.112768 848.456255 267.326227 387.648088 112.522491
-421.110652 -109.928079 1635.907157 823.862094 3298.622871 915.489797 1591.502246 211.338009 -584.453844 381.101703 1237.334419
270.918891 -1559.185567 2332.264532 1141.302191 5090.758783 2564.639757 1346.935457 83.003729 -1351.924005 233.474366 664.841684
690.321925 -1383.795599 2478.645138 837.462956 6781.144612 3813.878291 806.743259 936.130858 -1032.359754 -797.982853 649.152534
-823.199745 1568.166647 -231.965018 -133.860267 -1107.893967 -1011.410454 863.405254 -646.533849 151.352134 -86.454420 622.498823
921.384973 -1101.031793 1950.833047 564.107226 5903.513588 3602.008543 286.897995 825.644389 -755.872029 -604.501590 474.072121
1058.664570 -2245.329882 2251.079322 917.578492 6110.508035 3805.388735 854.757731 -739.065303 -1322.749724 -132.180410 74.491460
-483.542828 -347.864914 2204.245371 1325.896431 4462.417078 1221.871976 2154.192061 1006.590460 -1278.202915 844.733365 1799.942054
289.805257 -1471.731823 2394.226479 1160.433641 6140.003599 2718.864090 1658.689653 1466.569226 -559.713167 -307.275288 1628.218077
-1795.787643 4630.122862 -563.261841 -430.193430 -3308.052367 -2628.992777 -1723.571707 -1124.341589 1080.254052 588.148497 -3239.535222
-2283.828454 1122.382393 2169.121987 1436.616281 2728.736544 -2379.042535 2406.878239 3000.208446 2075.304848 -1553.073794 2512.301748
2615.672269 -3839.570484 -4035.644835 -4669.122898 -2462.766790 -885.500982 1923.414654 327.928840 -280.485391 -55.537229 -2714.227697
1901.745726 -2882.548903 -1487.078283 -911.840736 -8204.422695 2548.435715 -3945.151392 366.957737 1541.288739 2130.912559 -3096.259669
-1028.261530 2028.949351 48.745960 136.864496 -3680.357769 -1597.216116 -2240.600134 632.245485 734.541706 1118.496446 -3232.271375
-1578.314728 1755.342702 1379.212449 895.379239 -345.234798 -2002.404698 -792.325051 1490.586112 1300.442196 -174.556578 -1536.216587
36.412687 546.545042 -449.070468 -162.966484 -4275.225359 214.890577 -2885.774975 -483.246276 647.662919 628.533884 -1498.462451
-2736.739616 2348.499896 1534.229501 1150.404496 -319.112365 -3827.352023 158.763930 2440.385801 2469.496497 -1514.507765 -1039.298553
-1761.182399 5073.669678 -631.610210 -487.013306 -1922.239970 -1963.139424 -780.547125 -1393.460584 448.425011 -199.552294 -886.004051
-1173.781554 1546.411789 614.798218 475.646675 -1939.903213 -1602.672224 -977.808434 1454.277136 1012.534340 720.051333 -1800.487055
-712.814980 -29.401409 1976.406018 1244.382912 4009.777934 490.020374 1542.455624 2254.291885 992.720743 -774.125288 3630.138202
-550.567337 309.683133 497.733498 214.606400 -606.243421 -642.406249 -325.580931 419.206918 627.114710 347.245224 -837.442902
1765.076126 -2303.059114 -1402.867034 -995.222113 -3820.943324 173.299781 -4430.252926 -1820.386464 -3746.557447 -2450.117019 3399.667773
-1153.593947 172.995465 1729.061051 1274.297626 2283.957199 -688.422805 1493.135568 1900.536509 1916.737060 -149.766513 3424.812518
-2165.063284 4499.588855 -149.878517 -275.217684 -235.118574 -2595.635738 303.095167 -2035.718759 2033.343990 -1252.736944 -1317.699969
-1497.374089 3807.656352 -368.319178 -331.451658 -3401.549583 -2524.468608 -2781.301905 -2290.210573 1339.414737 -732.988039 -2337.952966
-439.568709 1330.930076 59.370950 67.536265 -4869.128389 -1451.644065 -4855.295954 -1556.272861 773.582937 -233.741301 -1886.520005
-1266.306562 2135.679653 -177.556738 -233.401177 -2097.392759 -2023.619625 -1792.436552 -1996.272678 1740.808073 -403.941725 -2720.168975
-51.479926 321.307008 -124.641045 29.599393 -3821.793525 63.823151 -2679.456511 -288.666699 599.909961 778.935800 -1215.407067
-628.070103 2022.183310 -645.965222 -705.672616 -3302.011048 -608.161870 -2319.998416 -3043.742845 1349.243079 437.884819 -3195.864140
3248.871622 -5152.124781 -4937.529323 -5502.111883 -3412.577193 207.020645 4081.636507 1907.796232 815.271457 1147.453079 -2945.429316
-1441.621825 1279.711234 1065.971580 667.824251 -1039.816359 -1586.273242 -470.846175 1004.316620 1849.951851 260.538753 -994.327308
-1701.717780 1623.962663 1251.727843 864.366721 235.172367 -1661.651027 -590.511878 1344.996010 1913.900047 -769.893777 -563.954118
-1887.303456 3211.505173 94.708368 -3.258755 857.636217 -2083.935714 586.953429 -824.079474 2601.243297 -1309.654384 -99.661184
-406.043777 1096.076318 -547.668040 -257.406469 -2622.113194 -915.573808 -988.222976 354.163761 874.814793 1309.656694 -1755.427528
-2478.414779 3736.313983 673.842388 227.686782 -101.615541 -2960.404591 436.422772 -1646.897042 2114.566473 -1471.931185 -1238.140032
-1446.516737 1971.150612 454.071737 505.060140 -2523.255297 -2138.626076 -1357.328977 1065.893547 1115.380413 126.209375 -1361.630731
-1571.697258 3771.480399 -391.768185 -334.231228 343.947954 -1472.997981 -89.417700 -1494.402580 2133.371673 -977.189603 -436.341003
677.167892 1495.652348 -1291.609504 44.180611 -4961.329230 473.146369 -6359.159731 -2580.814777 -4250.459621 -2040.853009 2486.935735
374.588831 -71.639713 -843.450639 -630.370758 -6085.450302 -716.782523 -4407.023272 -2303.334126 961.125461 490.976194 -2419.174892
1550.551854 -1075.785798 -3208.507854 -149.372479 -1712.831087 -1236.655848 677.737959 58.756580 -700.183951 1243.167247 -191.409372
2162.995194 -2081.761300 -3229.812773 -545.422326 -1125.824041 -413.420096 798.251776 -296.399240 -808.841580 1593.706876 359.702787
3443.444338 -4072.910616 -4750.945986 -338.148090 -4882.764322 715.908112 -1761.147130 206.333463 717.758241 1390.605841 -2786.832759
-466.799726 -1696.806395 917.247320 403.653260 626.320130 -1629.852741 2900.044416 1018.105352 -1007.454613 756.718352 2005.384654
2140.152140 -1219.445978 1773.290313 -332.695313 6241.707030 6851.071932 -2277.502919 -103.760938 -2523.712426 -220.067017 -4212.076418
2860.308931 -4262.839379 -3676.454196 -3550.983767 -3747.204551 -60.659877 -3679.869221 -643.509616 -1187.591703 -4916.240147 1191.251904
-1410.490632 -606.405029 2570.405107 1703.792139 3867.582582 -928.444777 2699.321885 2640.492280 931.464785 -638.054058 3693.511993
2054.379876 -3987.230624 -762.686041 3202.072464 5163.743374 1291.596434 2300.709964 -436.193224 -796.192419 210.264905 1024.001521
0.057662 -56.536479 -142.149481 150.876981 -922.530357 171.768336 -360.622254 -455.101791 217.123124 744.915010 72.790029
742.026185 713.834722 -2108.008522 -1295.452262 -5984.140427 307.893968 -3132.015831 -1486.473246 -1024.590634 1293.900105 -2966.949318
-1006.508106 1826.164073 475.973814 158.715835 924.793078 -659.769093 834.921934 509.144119 976.706486 -134.325573 656.991698
78.833660 560.844607 -85.188507 -115.625532 -33.981705 234.079810 -373.874620 -252.459029 226.133478 615.699702 -987.704123
-243.693552 -1424.353109 659.123679 770.681099 -23.957948 -1636.679398 1482.679332 149.104195 434.630573 1778.926951 -159.414533
-1061.218176 -255.524792 593.575982 312.726523 -542.607955 -2675.626992 1155.653905 2016.475766 1759.746890 -522.026640 771.181992
669.937989 396.558043 -1143.379946 -1112.396425 506.513279 1178.582359 91.665118 -987.839568 -2439.209501 -1980.909151 1668.950657
610.419741 -768.361732 -676.967551 -1241.400649 -4422.350230 -136.672266 -2167.843074 -1423.847581 1718.320220 1640.215151 -2337.624283
-858.791360 158.757520 1632.250285 949.815067 3086.131778 -210.034517 1471.346965 1853.090191 1167.318337 -747.613146 2383.553559
492.774540 -1401.103949 123.240740 -167.963517 344.375433 1254.095430 645.475708 -509.570872 -1214.109695 -69.273166 643.512889
1289.750231 -3282.227053 1953.651700 384.293637 4109.731885 3852.654924 257.284837 -2959.388186 -1292.951370 302.746592 -1005.345446
987.259089 -866.623879 1455.109930 206.156635 3764.589087 4837.777638 -1483.666152 -1152.757481 -2641.511765 -449.317404 -2347.188196
-1836.046966 2227.784874 832.787899 748.821097 -2339.916395 -2627.075552 -655.644884 1600.814005 677.786968 409.821493 -1262.149331
-948.426304 1682.374761 -116.620942 -171.828725 -3762.079996 -1600.018674 -2699.791377 -1687.641942 1967.446209 -1578.612913 -593.375531
-778.968946 1871.517753 -219.168448 -75.552579 -1021.028555 -1038.331580 -285.278723 -141.438153 778.234048 70.705878 -479.851770
-1776.674451 -458.289454 2893.595099 1977.964108 2574.342303 -1899.512941 2974.445405 1628.765758 236.006342 158.523494 2860.437906
-2284.683883 1870.508043 1002.049255 710.107653 -36.635631 -3030.568265 779.921881 1804.876381 2456.857732 -1430.741105 -673.581984
67.351278 -47.760206 -356.429746 -1042.809247 -2020.734045 -94.964571 -634.774263 -1702.685140 2084.446269 1141.412592 -1761.375273
-1306.146412 2370.691933 272.055558 133.057726 -275.639988 -1193.493486 75.846728 249.363996 1099.151009 -226.131594 -125.287762
-1402.368402 -921.476652 2367.387218 1410.706392 709.712074 -1986.882165 1353.717304 -816.207947 1296.307481 1002.915094 485.317530
1882.923741 -2952.227889 -2373.639868 -1809.293169 -3516.438350 1111.269439 -588.123278 282.826336 -744.943787 -310.605873 238.735777
-1452.506617 -717.205961 3954.043854 2043.229905 5346.969047 325.172311 2759.846390 2546.055093 -1243.994981 -188.630903 660.102285
-1148.906535 -719.478853 2263.733172 1786.723946 2850.871472 -1103.874374 2464.540735 1305.292215 -212.635625 113.660233 1673.727275
-936.631461 -179.742578 690.338846 244.704705 -2262.140373 -2271.311963 213.176876 1602.096888 879.321546 786.213836 -1085.591439
88.596984 -269.744367 -800.726345 -138.275310 -3401.683163 -1095.161572 -596.003104 -97.252444 -336.088365 1546.601185 -1734.763103
-813.977050 1127.796769 1115.817213 583.639553 2293.872438 305.415748 889.482349 257.152014 120.952502 -6.405757 460.736973
1564.570607 -2109.027159 -1702.710925 1722.306931 1927.433290 -430.508745 1367.668236 252.759083 -330.095187 1458.811792 2503.254100
541.689883 -1003.893765 485.175879 -178.290313 903.507005 1357.732029 212.509046 -800.025383 652.141693 730.464069 -66.147425
681.606644 -1697.654030 1705.139212 1241.076406 4991.459310 2451.768200 1361.174624 -124.805879 -1173.104404 103.906919 906.374717
2275.628216 -2834.389662 -2852.319043 -1840.354252 -4236.115448 1229.879891 -457.502213 275.344744 293.929008 1557.060315 -787.789276
1322.905090 3257.085532 -5618.424185 -3522.621062 -2361.161019 1443.729398 7929.768712 -1687.880935 -5757.288968 1865.894974 4237.105498
-442.785499 475.096435 2156.683908 818.829616 5631.848044 1942.163959 1276.719565 1467.906682 -323.308987 -948.771695 768.487934
2028.356530 742.901096 -5294.950412 -4351.721675 -3813.367389 1322.617600 725.272655 -1186.381076 -2244.705409 -4745.143546 4637.299264
847.944610 989.688184 -2115.565740 -1148.986993 -6350.067761 1330.693609 -3795.132804 -1679.700852 -449.798670 1770.916978 -3081.415609
650.348460 -1387.442681 1821.302878 182.475268 4000.887177 2810.107678 408.247254 -28.470335 28.982169 55.390575 167.260841
644.120750 -2297.112660 2076.392369 1419.763844 5627.296271 2449.550672 1522.461819 -485.314609 -873.118933 431.244462 899.740516
852.894807 -1239.549887 -1211.772162 1618.514490 1298.748419 -618.646558 1187.739791 33.841325 -825.558694 1334.545558 705.929363
3338.466592 -2706.267803 -3406.961366 682.037904 1991.762750 1949.080877 1330.742945 1282.502965 -1772.149649 1316.356426 2497.694282
1451.233377 -991.556243 -1955.510684 -1539.297202 -5580.597699 1189.720710 -2467.886230 -1005.555027 198.427971 2084.241836 -2665.727908
967.832960 -2613.457628 3007.612272 1452.798144 8213.282712 4435.278391 1502.507115 -537.970896 -1755.198468 -399.014621 388.721831
1994.579040 1313.864622 -5760.889479 -3962.403662 -268.129720 -3547.404004 -453.675577 167.254084 -3748.704398 -3939.654758 8346.445315
-19.148232 -591.705711 304.522825 497.571495 390.452886 -457.157670 612.549365 129.821032 117.530566 864.251293 2.591855
-960.977817 -663.481127 1969.731115 1272.105232 2519.542579 -515.529134 2200.213975 1110.600529 414.686208 65.132353 1988.696108
373.434455 -2306.252316 3437.965978 1580.881919 7327.550707 3534.823784 1661.318107 -63.621572 -1636.116677 -138.521573 521.876665
1996.971145 -2820.734340 1107.362214 -120.009788 4121.291644 3076.662120 -419.622208 488.838008 -1114.809421 206.416543 -97.866008
591.779256 3473.067118 -4290.711314 -3062.494898 -4389.424421 1223.771019 2214.129945 -1621.245919 -4508.337213 -938.816157 3264.144451
-760.869200 1273.228287 17.570266 250.570622 -933.583509 -878.022819 -54.555444 489.771567 791.184815 -183.223846 472.526235
-647.814955 386.463166 1123.185995 615.286793 860.838407 277.736833 -193.382386 -195.491400 150.176786 262.761767 -141.534221
-995.207507 1021.480420 521.046221 627.364772 -83.308142 -1323.160675 520.144525 876.475847 276.323247 401.717677 118.724331
-394.034465 -98.582149 1624.364348 828.615053 3283.779621 903.825737 1590.703179 250.661382 -595.302990 398.584995 1237.454883
273.774585 -1551.501897 2328.323532 1136.785985 5083.884960 2555.567266 1358.134754 60.544112 -1359.802222 261.136197 651.609490
685.620826 -1381.798110 2478.741690 839.413703 6774.221406 3798.309639 815.156534 933.102599 -1023.012219 -800.400801 659.404565
-847.148576 1549.399301 -216.571658 -146.281271 -1040.214586 -959.179910 857.340716 -651.927073 144.755047 -121.561939 617.094980
936.165961 -1079.835880 1934.097670 563.407785 5892.504651 3586.721764 296.124558 818.740015 -739.748750 -602.539260 494.539080
1034.051300 -2269.372406 2279.578987 913.021431 6108.931923 3790.584296 852.455075 -768.533694 -1314.771481 -128.394075 95.731056
-484.486958 -355.552547 2206.910849 1331.437063 4462.941880 1219.267566 2150.635732 1012.265450 -1272.720392 847.455048 1825.935698
289.525125 -1462.310062 2389.726812 1165.361378 6134.418906 2714.436246 1661.646381 1455.167481 -552.831464 -301.218714 1646.136182
