-12441.573128 -2145.127257 -54623.772460 41570.939813 -4313.873291 3207.106609 4063.572435 333.988239 -12360.886542 -6902.501998 -2901.862232 5475.018342 3350.556061 4992.812832 -2509.181902 1020.566393 -674.147114 -3903.678225 1010.670760 -2657.441065 2413.380843 3764.808746 1172.537359 427.729687 -1579.282801 1871.321351 1055.442891
22005.643751 2564.790211 15352.382142 -37630.401916 -18437.817337 -2795.447663 -14583.596095 -2643.897164 -9431.355643 698.149464 -6189.268555 11381.478901 6038.653135 -207.772132 -4075.941878 3247.019815 -99.905388 -17062.997595 1470.675951 -13875.048206 -10886.041348 7731.652205 1389.761397 -12348.660415 557.201301 -5008.282250 13360.244873
21161.536964 4246.519068 25468.312794 -20578.625524 -1566.131107 2212.948412 1409.616093 -3128.168628 -2938.099666 308.818751 5016.873239 -1331.833851 -641.428603 -4084.267892 5421.276189 1524.921214 437.844728 -738.533439 269.698662 -112.949909 453.941349 965.892991 -656.856555 -281.813868 -1166.868839 1400.980380 1068.726927
-6725.876010 12795.279514 30147.192170 -11519.106610 -6062.659082 -13506.948923 7303.345166 13744.617631 -2188.892528 4481.502682 4743.512513 6170.353558 4478.716432 -4286.348352 900.947299 103.554923 3038.158999 -1090.082098 -1060.884139 -3114.800547 -4082.326699 -4117.727605 328.727582 2082.618744 4187.300377 -1591.995129 3670.789520
17077.443859 6785.923855 18723.236293 -11368.026976 -10397.007073 -5762.014309 3007.225118 -2529.161309 127.858883 661.987465 822.919603 605.250688 -399.956683 -4330.292610 2015.440575 4784.197999 -1298.674667 -1056.071868 -1771.130106 3528.246951 5313.666266 -1270.755573 -815.483650 1710.820813 -1788.084849 56.003707 438.610270
16775.170296 1895.669528 24431.490905 -46644.206023 -19002.258715 -1569.445508 -10354.034483 -2071.500924 -6209.534965 13182.698394 9719.608561 -6852.911513 -4751.862078 5847.771897 5842.782450 -1040.954093 2914.127110 -1421.922856 369.761851 -2515.237131 -8.682674 -906.556927 780.474281 627.140870 -1308.148521 1433.808867 597.514978
-51741.138724 4905.548044 -235.359969 37113.010654 14288.380473 -21834.676273 16891.788198 24591.376574 11387.721216 -6493.795470 13807.774792 3454.848005 910.432698 -368.683915 -8433.800611 -6751.194652 3235.021305 -4817.429236 -2907.130272 -2504.222195 -2222.064437 -4502.333096 -6436.267829 -4112.271153 6279.337047 -1726.668368 -2250.657001
-13441.714315 -1957.456582 17535.569943 17929.713076 1477.057504 -14425.616440 11790.599572 17114.368021 -7563.637711 6397.760075 1101.270229 6601.691289 6073.698539 -6068.886796 -2486.396813 2683.490338 2894.387528 -3477.059318 -9401.359639 -2606.021318 1462.405480 -6590.911172 771.708733 -1318.035662 10647.495126 -1537.584968 56.350475
-15450.576637 -22765.632025 -133374.325052 138048.551872 10245.935758 -3896.500174 7150.272884 -10797.983439 2000.992172 -18771.662055 -26901.146754 6269.187042 6192.256806 -7772.291020 -5129.660213 7505.188726 -2023.461896 4166.358296 -10699.491116 -4103.823578 1090.808653 893.001993 -6518.958695 -2134.546846 3146.880805 -3644.930868 -1710.323410
20586.588760 8508.609214 9686.323459 -9661.502317 -9981.357785 -5719.941385 2019.705748 3049.693001 -2651.105532 -2886.502568 1868.934163 -2489.018946 -1402.257051 -94.793796 146.715391 -2433.120153 1227.132183 862.946095 1121.549020 -1761.021980 -655.745477 -82.205681 -1112.281992 -1432.058093 2394.090165 -374.039055 1433.444490
-22825.593553 -40022.601733 -87927.253829 125225.262391 51815.375250 5174.065717 15668.108061 -32124.595306 5899.823764 -9886.486040 -10741.237086 -4981.096984 -4471.225035 -178.347066 2133.348441 1588.781524 -195.152543 -172.673845 -5854.376848 3445.404090 1475.707361 502.381142 -3153.896870 1260.672633 21.229965 -133.007813 1408.866077
22259.800091 6524.227578 28965.734743 -17070.267546 -9509.933338 -7307.303638 4626.008261 494.554921 -3973.639788 1811.393676 851.747409 2202.719133 946.113967 -1666.070955 2271.566454 -379.463803 1206.899072 -1272.908296 -2773.833130 -641.979468 254.958655 -2689.540777 -375.955492 378.129989 3469.960331 -488.902192 1463.945253
21593.245239 744.748207 -12861.582178 10728.269229 -1804.100756 -4449.913174 653.272393 2164.182859 527.628472 -1889.590637 -2165.122107 -2506.585722 -1476.817277 1094.267776 -3537.344214 3083.928216 -2643.623519 -2174.971630 -1646.863673 -1533.433014 4244.516576 1199.007363 291.197158 -141.753599 -971.173698 1223.942943 493.433115
4288.059120 -31307.049841 -46990.715651 7012.699386 5987.106865 764.827431 16427.431495 -1092.965804 -3003.394062 -4323.301357 -9065.322090 5399.937032 1531.174126 3292.199549 -3091.770717 3623.596768 -2985.532387 839.078709 -2745.505686 -679.909268 2206.527524 40.078660 2749.028022 1034.210081 -2859.731465 -2835.937517 -1768.784841
-35995.263615 15785.565636 27655.153130 -40192.301085 -8096.349941 7955.166606 -7217.720148 -5195.360051 -14864.881959 3509.618456 10178.511417 -9434.456920 -112.801395 4149.313167 -4190.030240 -3231.805369 7904.430607 2139.289357 8317.113898 10895.585174 -4322.393810 -1672.213259 4025.189810 9342.642189 -4148.500518 -1653.261837 1726.872320
-9434.849680 3237.707193 3415.960505 -40244.941709 -1648.283488 1766.780870 -39522.744632 -4541.842231 -7502.873581 78269.665824 30526.712904 -15828.637229 -20111.355386 28793.499606 23535.320733 -13178.896237 9430.048449 7970.954867 -7819.348691 -6881.087850 -2038.083327 -14950.476437 14513.597885 772.653771 -9111.228798 11134.561762 3712.984329
16445.192649 -4692.768290 10098.748154 2290.897764 19144.346178 15916.478301 1042.485856 -19076.483705 -738.334265 -6405.904222 -8721.261255 -2347.783819 -1810.097459 2203.035007 2080.626137 -14084.303310 2520.707516 -3892.027647 2890.032447 1546.430084 892.006304 4176.586073 -367.017546 -456.471969 -7785.188296 2920.270967 -1111.696368
-35650.312790 -1905.413346 -95894.527041 111975.340978 7399.259638 -20473.278426 -6877.042546 28816.004179 6549.851683 -8704.474446 -22822.463387 -9711.076703 16835.095326 9811.417753 -20291.975799 -6554.934685 4842.563477 -4306.068120 15977.847200 15526.718978 -5381.673740 -2943.750097 3678.041131 5754.885710 2432.142198 -2105.000761 5752.646174
29473.913921 13442.793145 23025.970495 -25842.408257 -13267.830220 -3937.223896 -266.269180 4340.168290 -4972.209185 55.908335 415.920598 -2616.463688 -65.527064 210.508112 952.192340 -2182.070922 -580.012578 -2139.964176 3992.696976 337.187670 -282.793131 762.249368 -599.149856 -1191.920407 23.027986 1127.125711 1179.192120
-2415.250514 -26413.686352 -104020.241299 123002.723212 46931.340339 17201.736849 9655.664109 -9178.227151 9311.293277 -19577.690785 -22542.481298 40141.268927 -10762.803732 29599.469531 -16996.240664 23330.522196 -16729.742382 6917.343617 5622.523721 1631.021205 -1966.939412 3898.914921 524.624560 -730.458902 943.637752 -1078.301456 -5930.830366
-28784.257026 2398.177016 42695.069083 -39433.040673 -8334.298404 796.995548 -11205.828040 2957.085006 29511.869716 379.934794 -3420.990603 2983.368211 -1516.407682 1276.684829 -10086.866626 -10913.710260 -1169.614360 3279.504403 3746.983003 12126.561389 -5243.608769 -5574.688066 4472.303309 2435.538831 3734.131959 -379.128007 -7543.532816
-100049.133160 15074.935454 52410.422817 -29380.166662 14221.132425 20799.904328 -33322.122967 8167.026730 37166.376560 -14327.450367 25420.379453 23023.017791 -7307.951338 -30372.059737 36290.137641 -2621.811341 19087.420127 51294.338571 863.940001 -33987.834955 -15691.284910 -13191.073915 -21082.001467 -8762.651239 11038.460764 -13539.717201 -6630.838432
19785.353929 5980.753078 27081.057913 -48711.760881 -7218.483902 2554.551449 -6888.659023 1025.746022 -4821.021164 5634.058267 826.637408 -313.307857 42.804105 2802.930876 2170.482143 -2490.419071 456.047928 -915.120713 3411.610971 139.478887 -459.291687 354.313628 727.572274 -238.161068 -710.798740 880.490128 349.700328
19349.714802 7009.706776 12706.324334 -7926.501518 -8793.917803 -8451.353087 3590.651413 7704.543067 2740.614785 -3726.339254 1601.024301 -2971.629503 -2874.057439 -1213.361882 -2653.754037 911.957920 -2693.879183 -636.412978 -1846.642900 -946.614394 1346.005148 -205.476636 1539.724680 -100.053128 1543.584326 725.844985 -1746.824616
17873.276347 -19463.336236 -86084.642547 71012.588879 4033.674056 2811.355669 5976.797603 -9341.281471 -5749.607979 -12375.866884 -15017.082764 3943.114637 770.825390 -4611.744065 -11770.200868 -530.088252 -5571.334165 -2793.753282 -5584.242448 -3750.945681 38.259685 3967.903233 -1056.992509 1669.048962 -560.817432 838.161964 -1153.469005
-29133.380785 -15399.793608 -107657.824785 138791.296622 34310.796273 -12896.879316 19116.025291 18918.739474 11003.346471 -30410.282266 -7845.498937 -2741.628966 -1831.960154 6910.186598 -19750.933972 2830.077645 -5088.978899 -6363.564699 -9314.835203 84.857526 1437.015759 -5407.591007 -656.731372 8758.602863 9727.785840 -3293.907313 -8294.859199
-8010.680505 2345.857591 36369.007615 -18535.490879 -10199.998270 -14634.779287 9107.717520 1940.819172 -564.741622 2477.340683 10792.359260 4469.209552 108.555359 -6708.309975 5376.508891 11988.883499 -1794.043738 2551.265596 -4862.856217 -1724.985899 -1011.942381 -3531.515042 1857.879905 8994.361005 -4796.055862 324.779605 915.344367
16764.263135 17175.404651 32253.305650 -43032.296589 -17637.248131 1379.483990 -6841.503270 -1762.135275 -314.835738 2385.610404 3737.178177 -3292.728883 3694.027352 -4391.991793 2222.183055 1099.520391 -6137.193701 -5225.403170 2682.985843 -82.041507 -1849.950642 3612.064503 2785.603105 -1832.902235 -2345.791469 2020.669198 4185.656073
10321.599447 -2178.968968 15071.615390 -5867.258282 4274.414473 802.269880 2534.088277 -6909.257350 -5908.937013 1756.181275 -7400.718795 -1069.212372 -2455.611859 2055.853013 3826.195042 -8008.932640 493.912355 -1881.705787 -788.627235 -2350.623516 -784.409229 1121.993235 -741.319025 -43.265495 -4322.737301 1351.009222 1870.014440
15752.879351 14372.494936 15574.831846 -11785.662329 -11235.034207 -10242.472707 2045.791102 13803.842194 -968.301896 -2435.965738 884.293520 -4667.610606 666.198159 1268.364497 -3387.234441 -3205.327141 -853.722141 -4316.077847 3833.495341 829.226498 -85.154327 -300.141229 -728.798518 -1735.267898 1964.501511 758.715583 -30.850378
31604.673774 17875.984562 30973.248853 -43735.216430 -2026.512656 13502.891598 -7905.548688 2913.413035 -3786.966352 11237.390531 1038.726155 39926.186641 -7300.042006 33302.218050 -869.811824 29770.945029 -16496.496283 5701.688724 27436.001042 577.095467 -7544.806446 1207.111179 -1152.055715 -7573.859661 6040.389397 -886.957656 -2477.103925
20386.066084 7321.824599 -14704.895549 15620.564748 -14782.623833 -7816.332461 -5981.024324 5311.880490 -1485.828650 -4108.922089 -13070.371286 -1693.169220 5156.387493 945.328014 -5404.965615 1591.528514 1441.500959 -3409.305646 4989.853180 4269.832263 9373.162985 3255.490728 1076.449608 2463.666646 283.769032 2366.229607 -7117.743433
14896.446758 -6830.457471 -58112.041183 70645.658067 4179.311774 -12249.093436 12328.734274 6336.938297 -936.245115 -14641.918403 -5750.917820 1632.615516 -1207.408344 341.908329 -7941.810241 4294.118491 -2640.974144 -2875.414697 -7545.478644 -1823.468079 5602.108000 2892.072233 778.098822 1763.974596 1327.164997 621.548417 -1308.213642
-7321.527608 205.259211 -37069.626640 47987.037833 8194.440254 -3482.727949 5090.797212 7263.253382 1698.616938 -10700.125496 -6383.034206 5202.133996 1781.178281 4408.624155 -6720.891459 4493.978759 -938.217890 -1091.191564 3826.883974 2010.605147 -1172.135053 302.597407 -1355.195357 436.426890 1780.138214 -237.003976 -531.576409
-3285.998138 -26496.477582 -109628.889067 116535.760855 34536.909876 16325.026161 14166.212461 860.058114 -24067.574413 -11937.041725 -16571.572881 31833.804023 -4804.333593 23319.273877 2085.870607 10603.855276 -3542.131689 -9129.558006 -7851.953958 6862.287821 -406.086990 9531.874732 3138.044861 8727.851963 -3765.040184 -1021.080708 -4628.939221
-26097.985993 -36592.798534 29663.998194 -21041.669628 64122.812377 50918.110348 -2821.969410 -63939.931186 3786.437204 9763.763802 -7809.072236 -17434.579958 -1281.025805 -2639.292482 16487.012739 -28831.689652 6526.716064 -6029.657257 15862.534587 8078.812075 -3628.280845 4997.407556 -4925.448377 -13596.920409 7878.761697 -2136.002554 -2854.879356
24679.326018 7950.308955 -8615.894432 4818.909438 -14672.569557 -3175.508994 -4037.647724 785.032589 -2116.269060 -3538.269221 -7999.737315 197.563149 2623.881271 448.445571 -1443.845455 1673.290903 -1715.491831 -4252.554420 -1934.483314 3250.165574 6163.869608 663.910768 -1847.702303 -778.130925 -300.927885 460.780332 -462.614796
-38976.049458 -2313.146943 -9067.034486 -12803.034556 14338.592583 10951.757433 -18836.319215 32.801627 -2198.584479 30410.632741 8592.730175 -7415.264475 -8304.182104 18525.026577 5363.397191 -16489.670133 7748.755446 -1668.605668 -3935.851639 -182.094093 -3993.544291 -10749.961128 7487.776449 7443.470422 -6168.118052 3204.888673 -1114.523629
26482.133792 7710.908561 17984.326585 -33611.588840 -18321.666183 127.613838 -1114.049794 -150.032667 -5037.273193 -3531.769574 2378.310520 -5650.437885 2066.931174 5841.269639 5819.219494 -2294.205941 2909.721690 -3612.009488 5180.269066 -751.807511 410.781137 796.367875 1003.527490 490.183509 -912.176771 3708.644269 3754.416562
19263.781223 2746.107494 6329.251007 -2820.166464 -9423.434654 -6956.910333 4006.400101 2059.693492 -8902.037795 4813.494271 -1628.076312 -634.401917 1940.273315 -2604.482525 1635.952617 2753.202134 -679.709056 -2839.893431 -1687.315643 -1993.731795 -1240.480537 -1552.425451 -793.369849 750.202912 97.160857 1225.855201 1387.475219
24431.661224 15372.197203 36162.538762 -42639.757070 -15133.089803 435.437801 -4169.243155 -19.158468 -792.338520 473.176520 2245.692044 -2464.820983 408.490368 -1792.014225 965.852178 -915.228482 -1018.734930 -1588.932566 4161.684273 1188.823315 1084.947568 1828.484538 -379.357161 -170.972087 -1309.157171 1640.912998 -53.289382
-55499.086650 -14662.301544 27928.428036 -48136.397154 -5752.012822 1144.101254 -30658.871031 -2034.763390 14559.501417 16669.202526 7921.658356 -18110.427540 7916.136564 -11856.103103 -5889.302401 7477.310723 863.648635 2082.145107 9115.134885 -6729.469948 5284.365214 7322.055986 2365.311439 -407.126650 -667.304232 1792.830140 -15457.956028
-16082.117620 -9604.546651 -35358.850899 50625.665338 43271.157786 17315.975512 -4505.872448 -18915.708467 29474.606800 -26328.158045 8452.382193 4871.282545 2581.122212 377.758989 -3910.011690 -13880.422768 17307.821036 2750.347492 -704.662088 4917.993642 1185.974451 1657.159692 -3829.213441 11477.856531 -224.341961 -320.999645 -5618.859836
23655.398705 -18756.922768 -51667.040608 30478.130628 7634.521106 -12755.031876 -2542.464322 -9605.642841 -3071.690302 15402.197506 -1337.440366 -10394.093103 -10306.225227 7354.226732 4234.946156 429.982159 -231.357582 -3539.756510 -4398.065085 1480.774233 -454.606936 12615.574979 -10027.433409 8247.578974 2249.196371 -4088.443155 4322.200800
-137894.340252 309.778648 15084.498748 -41257.573905 -8997.035754 4511.003648 -47297.509588 30048.249346 63378.315189 8097.700949 7409.795252 -32405.117517 6046.576839 -18999.234514 -14554.202029 14737.409127 136.618373 14714.371240 36362.419934 26653.745170 17114.551640 -10765.261145 3962.465002 1269.402832 -5494.292735 -8791.794435 -13801.466340
31631.479234 14049.329912 22669.973166 -28432.781588 -16739.286388 -1963.068487 -2543.696375 1697.487243 -4304.717178 328.646734 -2260.934271 -1384.652284 855.354059 -931.993439 2506.429629 -1012.331376 -11.483436 -2440.154891 2878.878196 201.682971 -806.857867 982.473582 -497.084888 -968.393361 -965.078755 1021.716192 3060.197876
14395.825288 -11947.715296 -54744.324507 71293.144700 11536.026394 -6461.393134 13422.477053 -4469.918296 -252.949106 -13514.080544 -6780.696007 -573.891405 -2019.845116 -1172.200697 -4225.260984 2007.248976 -1545.643958 -3425.512221 -5723.460824 -533.977778 4565.765191 2684.874140 -516.234769 -1220.263671 3880.163461 386.376944 -1809.440440
-31775.113502 -13859.511032 50852.480848 -32270.140585 -33519.495572 12608.812525 3703.372336 17574.893242 -2637.425376 -4643.630641 38882.801742 12591.180425 -29007.067540 -22064.744130 -14095.633063 10149.864573 -4157.356432 -16474.984554 -10905.978611 -4765.090918 10430.025986 -3148.226630 9282.720869 5834.361107 4145.952843 3264.269395 11131.881214
26646.200300 10120.223196 13667.444761 -15594.235593 -11122.371424 -5809.680070 2733.459264 2769.230442 -3947.105521 -510.230343 -1384.498705 -2368.628791 602.351924 -620.843547 1601.277024 -591.502288 180.505506 -1662.506819 1453.153492 -355.054083 -356.493098 700.660731 -538.688418 -479.946797 -751.033228 649.057170 1397.511785
-91103.168455 -9864.240791 79.216327 -24894.310121 1908.497400 690.433150 -29111.400622 18165.000235 37680.142638 -2580.982212 7388.301335 -27827.440334 8136.266134 -1087.554213 -14747.841392 16485.418570 -8523.280519 5995.818745 14422.542733 3424.392512 7245.331808 -4274.126035 15355.067641 11696.488027 -10063.347174 4004.103831 -2081.377355
-69765.533309 -2711.741690 48836.376508 -47157.805677 86068.792812 74160.322106 -27000.196420 -1517.096642 37125.348121 -33897.691631 22383.289638 -14287.168631 -2174.497555 -1628.660510 20711.595228 -2543.483596 14097.737622 29201.266623 21491.409324 8548.192863 -16001.197446 -3063.141533 -5220.934584 -12002.059963 4842.093368 -8622.594632 9060.280472
25294.134713 6538.863366 5867.156485 -24450.097921 -4509.366327 8165.464497 -10588.613153 827.606388 -4674.304313 12592.383842 4808.791547 9699.646395 -6811.080792 21373.887136 2469.157926 8027.412579 -2139.557160 1656.765725 9396.736846 -2097.975302 -2085.861406 907.010173 1880.448423 732.677750 -693.542374 1847.785712 -856.760146
18899.333767 2939.468733 11473.509955 -16038.479899 -10456.035404 3010.009990 -6083.577058 -314.213885 6681.356714 -239.167889 -4384.802626 5120.057038 -335.895764 -2172.073491 -1860.633359 -1966.309712 -947.260844 449.617716 -2928.866645 1168.291052 -473.654833 -1879.347882 -1944.345697 -1766.601877 1969.712304 -646.690946 -513.325293
19032.950980 9975.250279 23481.035219 -21677.595047 -8235.559024 -7307.351940 2236.355580 7129.164058 -1978.382097 2384.539447 4921.060944 -3958.182804 -2184.829028 230.281519 272.568446 -1747.168928 -1134.240241 -4931.792929 1820.904866 131.045774 1608.473137 736.155828 -82.644662 -158.879674 -32.760701 2044.588403 -1506.965357
13978.082960 -4923.444078 40328.337481 -43685.720950 -7867.542251 4022.668214 6984.041431 -16277.971423 -552.599911 2699.708725 4808.700790 -4652.781202 -1417.025259 -8749.773590 6229.476600 2487.168956 -314.252512 340.062159 5628.641481 2177.938577 -4550.002559 -2.271246 -810.222938 -3535.705855 608.392034 1226.253763 1494.135577
9733.492343 -38428.274156 -102092.703642 45304.403878 -13053.341687 7227.810205 38709.690298 10052.785565 2077.308568 -10549.541267 -20555.944451 -1964.473415 16237.759168 4864.057103 -20735.161506 1446.642949 -2749.832415 6881.722499 -2901.898187 1081.327721 -4475.220900 9157.706060 6714.980520 -7154.375389 -9334.951598 -10158.612039 -13604.328088
-1538.319251 1455.643183 -36312.688259 36372.999565 -10182.738881 -10825.445449 1746.651358 8054.671799 3198.223038 -10478.472549 -4050.416013 23.869125 -967.124130 1314.183092 -5073.646689 4091.109225 -2715.871119 385.014496 -5299.073701 -3161.716098 3439.403690 1567.158320 1075.263059 2846.907759 -1675.672158 358.569515 403.328472
-53272.658305 -30748.842434 -47037.300680 99964.530651 26788.394850 -28581.699440 30617.760449 1693.333190 11456.273772 -10940.839111 11955.511710 10714.754554 -9186.704015 -5223.694037 -1805.242320 14209.114691 -3861.588637 1651.888320 -21722.338422 -2107.928938 7709.341122 -2042.246019 5064.516474 9028.560730 4312.012125 -2203.744010 -6165.210036
20175.505766 5139.361965 16200.862758 -17314.513721 -7341.200513 -3986.891661 -737.187823 4090.968543 2320.076342 2707.816349 1964.402731 -3622.405780 -1833.215909 -3790.199265 -1263.283615 2507.780354 -1830.714657 1390.667360 -264.842025 -1217.603800 1301.995217 372.949359 -184.329334 -1626.814564 314.168222 522.556131 726.710698
20875.942840 5237.180009 17129.718874 -7256.160369 -5456.610944 -7370.364791 6330.131454 1645.106742 -1195.208290 -2138.133106 4636.782464 -485.046074 -2484.958829 -2063.025727 1807.740587 2011.549803 -660.958057 -1058.059390 -2663.208844 -1741.548590 2756.710189 941.117134 1224.497151 393.462848 626.097584 1148.076867 -47.626667
-40301.043887 -20862.172255 15696.488496 24385.945907 10035.765284 -30127.093836 14547.473789 18369.986748 6654.419168 2182.924659 -3024.596428 -10606.499410 -2696.777460 -8476.115821 -16073.663606 25473.873659 -15146.159078 606.608186 -14026.949709 -11109.280686 6353.837832 -5702.123875 8441.000236 16141.423090 12848.464416 -2609.996810 -14210.843555
-46582.625888 -9988.104097 71589.946415 -22022.142525 3941.161171 -3085.245649 10287.774263 -37815.217052 5386.341161 4748.745891 1549.138608 1289.509414 -3999.446149 -7012.403211 16489.759411 8642.762667 -7332.301477 4497.903649 -2304.707897 1565.034137 -2985.615394 -8824.344831 2917.260867 10281.842039 3750.334648 -2676.071862 -141.288319
13690.566433 3733.614998 -9423.017522 16146.842694 -8029.818202 -4053.620871 8292.392505 7441.810734 -20317.372797 -4091.141041 9281.243525 1495.882629 -2674.186121 -9925.918243 -1165.910877 1621.740022 -886.267704 2682.269943 1173.437508 -4935.326891 -3032.648714 1897.628559 -985.476323 1385.076551 -270.905123 2088.502717 -1300.878150
-25644.129867 30748.297015 -970.305396 -2251.342538 -13249.061744 -19608.261189 1889.180527 52842.833813 -2953.809086 2155.108213 -668.896749 -13163.834835 7621.856390 8332.939835 -18826.455926 -24180.217897 -69.698106 -21873.905323 20753.960813 3234.658314 -10121.017100 -4098.336304 -23875.932827 -24263.620177 2657.215722 2069.924939 -4334.572435
2344.616332 -5334.856940 20727.697076 -49092.716360 -7860.386496 -22648.286512 -834.943210 19083.483686 -5819.659778 18965.853935 13197.150685 -4276.582109 -5465.840684 3492.738752 439.787137 -1384.643210 1087.351772 -3670.564106 -4798.675454 -3646.860441 3123.192705 4565.567635 -2234.735584 -802.352837 5675.108470 -316.479143 1175.307513
31937.600930 10333.993521 23081.349326 -33031.659873 -8663.781461 2636.550175 -6144.999597 3997.707820 -1798.690850 6064.142853 2105.115934 -3645.750379 -2084.551189 310.076401 1336.216120 3301.572572 -2062.601477 735.919967 3350.640205 182.189623 399.621651 -395.700982 -125.145106 -3345.366798 -187.187669 2762.791593 961.017078
-87119.447766 -17944.333852 -19811.989607 93423.207479 35517.233552 -38091.667838 36426.564760 28159.695181 22653.608985 -12341.375032 38069.512720 26306.170712 -12568.839812 -2246.275058 -11658.860238 6974.732813 5426.127741 8144.299861 -33546.424013 -14708.155754 19064.732981 1852.056761 10490.037296 4368.439791 13955.267661 -5210.081891 -683.683611
24393.184436 -615.460460 9064.588966 989.976387 8562.803634 7234.665495 2799.622854 -8215.119293 -4402.167770 -3689.272481 -2360.161959 188.368148 -448.169957 -2028.841561 5613.954766 2761.103669 624.213172 219.919579 -267.398790 1196.744373 -1299.505264 -305.171290 -2676.154322 361.169042 268.649849 130.040650 2985.421443
-9017.788326 13020.153925 -40323.761907 40572.052309 -8542.012280 -12248.000734 -2949.478498 22351.536887 1521.812166 -9552.367156 -13624.701741 -5848.667172 8254.135352 6050.088225 -13803.194184 -4835.802603 -419.573573 -6980.916449 7309.966932 6326.815477 -2660.794017 -3534.754774 -3267.890255 -190.966305 4388.433278 -783.316402 -968.968402
-13419.884090 -21453.700552 -110518.130969 117195.283784 23290.129571 -2322.257514 11291.436690 -18234.196735 15049.944169 -21915.335679 -23221.057616 -1336.762065 -2033.666366 -242.029240 -7995.014815 583.813678 -705.018125 6518.630128 -4588.152771 7183.238983 1672.088685 2872.394783 -1922.567135 1119.701325 -5837.480007 -3697.193961 6360.228500
-92611.298201 -38840.695238 -9284.282253 -5004.322983 34928.610768 32945.357055 -43746.668112 -7193.828602 -33415.723343 89986.114383 32564.973453 -8032.454252 -53064.033166 63902.061748 16909.364165 -34915.477159 22128.168742 39120.850801 -18175.293849 -26196.159047 -18349.410920 -29509.295933 20761.118293 4274.451539 -21789.894093 602.572355 5882.325716
1853.729731 16513.685005 -89534.946292 67875.021463 -14829.092035 2344.839695 -15363.677867 -12613.758645 -16606.512780 -18871.079504 -14717.248172 543.239270 12867.229608 -2389.812426 327.520942 3257.885889 -5524.622954 10938.421084 -6220.927099 -480.197616 5840.979598 6824.372307 3759.404107 8668.675217 372.089258 5907.531007 -7593.378461
34428.088993 8566.378683 19403.612923 -25964.594589 -9412.526540 -1469.769641 -1877.250645 867.480496 -2889.057536 1163.193952 373.214846 -1910.004733 -1492.764359 279.076252 945.759129 1288.705181 -1128.129061 -363.254727 2472.656145 -1005.671158 -88.924810 834.276749 -1392.823252 -696.837705 -518.753137 208.261811 817.208866
31721.053814 7510.691985 15484.458537 -14024.261507 -10074.946939 -3134.692688 1724.795299 461.076276 -5871.296329 -1106.733050 -3154.929275 -2537.445990 -756.584699 -91.053922 1266.469460 56.005097 -1612.694348 -2594.950040 603.331517 -487.743896 1067.319472 478.554149 483.391733 384.307410 29.129165 1068.433360 73.296743
23130.104862 4220.587565 -5738.757156 -6495.462501 -13013.801136 -4190.987819 1817.627370 2625.427487 -10321.971133 -2469.500505 1289.324423 -123.534558 845.741513 -135.268278 3164.665401 -403.245001 -369.078755 -4086.620162 541.552260 -0.637084 1016.111417 2250.385184 623.374405 -475.954716 -300.324135 1725.954652 2353.517777
38364.695503 6432.779256 -1455.656009 -386.460860 -9993.338965 -3882.158448 2203.710871 -660.149205 -4621.476342 -4781.887485 -4728.045045 -783.727657 -202.469451 350.647160 -332.107142 -211.765749 -858.092669 -2329.659779 -212.622217 -132.268693 1055.781204 1330.840490 -767.828344 499.167849 -679.536933 1118.024810 353.917818
29267.636537 9054.924900 27728.393759 -24804.814202 -9042.209435 -1991.982530 1369.633098 -4803.631791 -2447.227000 387.395123 889.442118 -3764.501829 330.413176 -2812.451361 4481.964471 -1037.223395 310.902142 -1741.977274 3883.654384 1543.202278 -754.838026 811.646881 -1179.368751 -1887.959536 362.405289 1159.868376 1550.650279
25184.086743 -4023.399149 -2382.047852 -604.702796 17814.836459 15175.178303 -5668.389111 -7345.278068 -7183.818876 -1731.993029 -7532.758484 -1486.125244 -2230.566140 4715.704971 2115.445827 -7958.506460 3211.803243 -3271.864027 -2115.429553 156.683735 1307.549334 2216.633123 -2344.208769 3113.658313 -1392.131783 778.328833 1905.732792
10728.278538 10485.355872 34646.644767 -40692.221533 -14170.095415 -1838.117955 -6247.930599 461.106167 670.303951 4009.606359 1455.871440 -2578.219300 842.101269 -3384.110160 2840.201681 -2606.262273 696.326205 2317.030573 1915.853388 -515.495808 -1772.656506 -501.575580 -593.342673 -1723.017347 2381.714906 22.497995 1688.564506
-54457.300484 -6892.586755 55563.165161 -38019.022189 67867.981057 47835.093458 -3780.042481 -22676.022003 25144.486415 -6977.550009 35908.267897 2971.035507 4048.106812 -16259.852798 10184.684191 -7340.316000 17035.387966 4642.668759 8916.814022 8322.952730 -3019.202914 7825.919578 -9540.532033 -7343.683079 -2260.923824 3111.775706 5662.022624
-7793.447514 29918.408711 26195.346383 -43489.213275 -26420.700487 507.261083 -18920.148358 3693.511591 -921.219020 -426.413800 1813.939585 -7411.216680 8340.009399 -7772.491767 4952.795346 -155.950555 1552.887501 3220.875739 10778.311093 446.154870 -2852.995689 3018.726010 1657.936630 -646.131072 -1587.164155 2131.926479 1404.411857
-2260.881611 10167.107366 560.597848 2386.343872 -10724.140298 -11294.265897 -2215.311154 10310.033171 8425.316880 -10001.474158 180.687050 -4499.379408 -672.660915 1979.524163 -2622.320520 -48.118963 111.997087 3842.091888 1023.066482 -633.969701 295.393791 -1882.482313 1299.897852 2699.503419 1565.155330 -1507.118054 -1609.825890
28212.845915 10513.598483 -3869.445026 26.305711 -13694.451811 -4778.486640 768.154811 1414.004362 -6830.526433 -5238.172444 -2960.620819 -1750.795939 2224.143965 148.660557 -63.579541 1062.058341 47.512333 -1773.096446 93.222589 -93.528699 220.585260 2108.364492 201.087192 354.648874 -862.582270 904.909877 1139.803774
21192.628912 9457.095511 19898.329784 -15578.645310 -12097.723632 -5868.402734 1410.822739 473.227821 -1445.081501 -1562.471372 2677.473094 186.137399 241.987815 -3605.839945 2853.460498 2235.004153 -371.595392 -677.056212 8.756700 -17.946507 1594.956737 1025.730829 -371.949657 93.377568 -1674.760775 935.790121 1477.994890
19802.843158 4133.928586 5353.293410 -9947.628164 -6434.112926 1743.658178 669.649504 -699.840844 -8267.938376 -525.117027 -2077.610472 -787.233649 275.828707 79.366665 1556.734836 -111.373163 -937.543327 -2471.486799 1295.662768 -594.941644 515.508553 847.279100 -134.561806 -419.962058 -327.124508 1268.202020 1084.399781
27139.257187 12294.923112 26987.797234 -24800.555612 -12212.158611 -5565.665012 1800.493940 4851.822210 -3877.760679 73.058481 1484.521580 -1648.873383 -283.677067 -684.582133 1786.652355 -1441.092514 -132.722086 -2133.199781 1637.689065 -866.790331 59.324719 360.609578 -848.859824 -1956.160855 823.766063 935.902140 1241.575530
17909.241088 12867.230951 17726.251555 -16847.125327 -14477.112235 -8691.719858 2420.773973 9839.366068 -1363.952426 -4116.156601 4949.578963 -1419.466741 -2524.321655 -71.669256 -966.076834 -522.031054 -1350.037706 -704.050843 -2114.220034 -3104.552391 3812.197403 1449.154260 1859.410266 -1149.953724 1953.360179 582.981969 -594.431259
23822.846056 12658.023275 33186.144425 -37858.112319 -14874.059355 3053.300247 -2536.045987 1301.895298 -6468.024276 2331.484878 -69.266261 2849.243480 -1892.455990 1528.892245 1750.344116 -935.375277 -496.795413 -839.636843 4848.296769 -339.009363 -2571.835458 10.830860 -796.795568 -870.307866 1091.367621 2130.047663 1969.406814
11075.679595 16686.842052 12640.309148 -17114.759766 -18098.467162 -8575.649761 -5689.328581 11761.454169 -2353.113307 1337.879670 -3524.916447 -3453.345242 4964.856706 740.167520 -1903.090127 -2809.805430 876.328260 -3167.643960 4513.835951 2242.414701 1096.614412 220.156512 -244.408998 -1579.265115 1355.880674 536.494126 1237.308800
-53999.729388 -3992.677676 28104.196566 -44503.367658 -9792.415728 14241.860169 -13688.586045 -6784.788132 -9972.579492 878.020830 3533.119177 -961.731155 1635.624836 3446.771322 6784.456773 -3262.970384 3231.129861 -1907.211397 2221.638202 -2976.255130 729.862135 -1028.003116 1493.560215 6983.391931 1860.266129 1622.714577 40.142006
9226.290205 -10076.673943 -34052.323272 56954.323999 9013.822802 -10551.071914 14316.778804 831.766602 -1247.623008 -10594.098376 -2003.133519 5786.934141 -392.847563 -2145.645107 -2530.830729 9568.842874 -1397.870824 -1062.783595 -9744.100501 -1344.867850 1850.662661 -1673.357237 193.285140 9308.950753 -5122.287463 739.413097 -1594.070485
28669.474396 7957.058263 31055.154003 -29143.623234 -7166.586970 944.569884 1668.772482 -7036.707920 -2520.460675 830.437865 1206.232912 -4867.095941 55.779120 -3114.985043 4509.443487 -3043.794148 416.919092 -3009.234800 4250.293247 1358.454506 -857.501833 662.475154 -1606.954839 -3262.267947 2136.189044 1185.814855 218.983180
6147.161739 -9429.683376 -62400.154858 70674.154753 15009.169853 1093.070830 5569.270250 -7249.544488 -4856.046469 -10860.543080 -12357.300547 1935.054573 -401.067445 3568.980045 -5123.762717 1074.185582 -2922.719460 1114.513391 -1359.012240 -3108.731919 879.263034 1793.584279 -2754.691805 1427.115813 -3922.821756 46.805683 1021.056980
-6587.778999 -6511.201864 11950.126062 -68585.864866 -23682.973592 10542.127675 -2776.122208 1291.285472 1342.738022 -173.285203 1044.158874 5514.877764 6352.441195 -15059.824282 3554.268427 -3061.307235 -11566.820434 -2367.189737 -767.890797 479.640809 1067.974125 -7582.883737 5031.695922 -5102.379381 -4136.437989 -95.490661 -38.291985
-18337.930646 18492.654607 -22309.290445 -14072.840185 -37928.341639 3107.201187 -16721.885232 6251.770451 2829.835896 23900.700936 -31551.468878 13356.664634 27757.175571 -6473.270039 -24645.860377 -3837.689430 -4965.920911 -239.478265 -25811.615949 31014.460401 12400.599264 -862.637049 -10084.243515 -29577.883819 4915.932780 2158.809605 11590.919784
19343.935967 11808.872204 33479.234387 -35940.687995 -8475.761281 4109.325899 -6689.177887 165.080183 -1052.868502 2523.860529 -19.304070 2657.106758 958.399069 3032.753696 1780.855089 515.112965 -837.486410 -1151.620453 4294.608036 89.514087 -13.029164 61.153221 -182.452758 -1454.217464 629.956042 756.026555 1009.832864
23556.497826 6031.940653 18338.401398 -10528.308378 -5154.380770 -3542.455854 3958.725802 -1032.213102 -2788.043954 -1938.360944 1055.933169 -1450.968075 -422.950662 -2251.299521 2397.071928 225.620519 -170.335666 -1944.204172 16.025177 -100.395741 594.447739 344.920359 -452.174721 342.072576 -603.881979 1139.989715 541.039448
-1476.363335 2195.832561 32108.812957 -47735.246560 -8281.122607 10757.057262 -8708.799138 -8721.776892 1339.569319 -1243.053931 1333.533137 -5944.635604 1513.831604 -8106.158117 6127.436465 -10122.018747 -673.288309 5141.075946 7887.872339 -1612.451745 -5947.139133 1985.302157 5224.061249 -1124.660463 -190.199067 2282.733928 315.313147
26615.899263 14261.358878 25904.893773 -25808.322369 -13644.821536 -5088.552783 1282.755438 5972.644289 -5888.587670 270.151988 2663.065678 -2212.613556 -572.228227 -1468.646585 428.946832 -2619.126448 -409.568819 -3169.793858 3062.024194 -210.149687 927.021726 1083.467735 -1280.016673 -2289.381082 460.524117 1457.236028 588.784135
-15960.286269 -11686.246592 9313.847924 25242.928576 16542.672016 -3080.005025 12570.819507 -12820.312419 2509.642885 -3566.558779 6195.447282 2490.847579 -169.765508 -7770.169698 5946.958684 7606.554588 -651.130614 -284.381817 -3396.320332 1242.883427 -1466.709738 -2907.151389 -1019.044530 6642.663473 -4010.035666 -15.918958 -257.017212
-69056.354429 30175.917471 15069.382809 -23588.874404 -19643.957473 -21987.090463 -5370.799868 53839.111647 -253.941637 1474.987792 14656.224455 -9320.817265 8055.993755 7545.320667 460.796728 -16047.135920 9306.718735 -7033.175049 13711.310748 9395.017992 -13164.893864 -2482.263223 -1171.955309 -6516.935306 11358.825503 -1639.393762 5752.147496
-39767.764620 22253.878271 39955.233298 -41436.280956 5846.012524 9155.560646 -16375.916588 11869.304209 7491.235846 3801.747892 -10559.120784 -10191.670718 12453.119944 4951.010338 -10688.409419 -13003.587955 2846.040967 -9233.351828 11260.297489 8767.014445 39.260042 -2912.656678 -2251.032915 -1226.664978 2483.449496 179.444686 506.117874
30830.863810 6882.768360 9571.884820 -17224.291379 -13989.906024 -1952.411812 -637.782244 -114.496371 -4072.453569 409.403010 -4453.210197 305.072844 -236.678521 -1656.245162 703.566487 -1179.286521 -1797.161068 -1930.663605 -302.524730 -1125.183126 -724.055064 1315.931346 -1914.938085 -1402.092205 -759.818761 609.198077 2448.839457
24037.694318 13003.717824 10206.589353 -17268.773725 -14313.532481 -6669.696414 1507.101217 8256.192689 -7647.002276 1007.772156 2182.947677 -1354.961555 -253.887736 -1939.066361 899.031311 -2528.886780 26.890790 -1868.058106 1934.420373 -2379.012090 -601.699580 1774.724932 -1763.955960 -2366.098184 72.670225 1428.204568 1842.709081
20117.342736 8278.338851 7095.453142 -7663.273458 -2891.702215 1486.650991 -1989.454336 3824.291317 -4124.458420 -2834.967492 -5838.741448 214.418484 3526.678804 1456.028035 -1266.124951 -4034.053344 3257.179846 -1300.072176 3584.023910 1318.001405 -511.351533 1952.700583 -383.214138 1014.146821 -2317.174237 387.398027 3056.620671
20141.394092 4979.156847 19990.053960 -16834.501358 -12902.493004 -2278.749498 3479.802915 113.127517 -3810.443513 -858.898941 2763.546799 710.221703 -941.631737 -2594.770848 2047.655899 1874.526786 95.482315 -1652.544112 -1638.533901 -815.880306 477.460014 -257.550934 389.792338 1080.290351 -1040.303942 159.759435 1003.338819
7302.397990 -20374.639290 -18420.868134 26005.454831 24685.915856 6467.909768 10469.833668 -33522.947345 1630.668871 -3425.978644 -6469.883147 -6902.893469 1324.993722 -5266.911807 7846.257855 -2658.906930 -715.381647 -2697.664835 9439.727782 3632.583243 -949.524805 -413.521663 -2718.360458 -10215.231073 6740.311275 390.912645 -1019.313888
-89000.444713 -3994.539387 37110.241251 -26961.276547 40267.923138 11738.088838 -1830.485098 7516.082891 21715.168401 830.325295 28390.393316 -1752.606934 -10944.895994 3535.778294 -2320.375581 10625.315817 -7286.786944 6940.963473 8027.386479 -7089.996867 -2340.007673 -3932.645692 2055.227714 180.269234 -4663.751411 2192.639647 -4478.775742
-41517.442168 -52610.556451 -91614.884476 154643.612329 41336.245626 -20004.819083 33707.293866 -40223.412862 18460.924227 -21205.338238 -13118.684366 14141.938006 -5598.500592 -2039.682632 -3681.105708 15608.396623 -5374.829190 6495.368292 -19953.270595 1753.924116 -1526.485914 -6614.110440 1955.652565 20021.912333 -3935.718930 -1768.372646 -4439.342884
27341.264176 13503.314400 23804.839531 -24388.737129 -11842.375101 -3100.460723 -563.285623 3487.653208 -4337.575258 -100.232266 -743.290667 -1601.498360 537.828833 737.400195 1382.023748 -1506.928347 -362.364594 -2133.976758 4013.206693 502.324321 -515.788668 627.577069 -799.095795 -1426.428241 -39.431425 931.331854 1656.446835
28578.050111 8809.566665 19804.359962 -15316.866140 -10071.189403 -6201.479805 3789.882779 3842.766450 -3624.141066 -2087.443725 2284.494837 -529.658467 -1265.560350 -1470.071670 1264.088546 1389.774991 -615.965332 -1651.447025 -1638.692067 -1484.478956 2250.838905 1059.849999 911.603235 924.862807 -345.742850 1232.744440 454.544591
27328.251903 5113.249860 31683.794388 -24436.999291 -1554.384324 3936.887315 1667.574272 -11602.412785 -2863.547769 -41.326811 -1017.086791 -5150.775990 -844.306374 -2912.307993 6425.849438 -3249.283372 212.299804 -1759.963334 3959.676402 1389.740287 -650.304077 856.736513 -1246.226188 -2873.278017 1343.249007 793.420758 1316.479083
25413.338569 11286.124917 34246.954343 -42721.281223 -12607.569270 -651.912285 -2785.091420 2671.714241 -4596.025847 3436.322809 2564.293125 -3153.456406 -199.925199 -53.452703 2803.158087 -1835.467661 1127.427222 -1445.698037 2533.252052 -352.326737 -25.142031 1462.760124 -687.823261 -385.808630 -260.385720 264.106504 1276.536699
32208.628406 4532.648767 29608.860652 -50624.514274 -12376.967846 2685.338619 -1842.918505 -2018.043286 -8483.761339 2480.983504 -731.228805 -4823.891359 2013.209068 875.105888 -1450.872367 -702.878994 1433.413584 -311.036841 957.642899 -2521.201871 -1087.566443 1766.097492 -2978.976127 -2507.261302 -2464.330899 -1521.634734 483.816276
23797.277881 2981.971817 28355.559635 -44835.813359 -10259.502396 10793.524055 3432.152517 2130.142057 -8148.415395 6876.768004 -1873.190300 1213.160507 -1421.590533 6717.142123 1890.941196 -2038.045355 -720.951388 1633.199908 3631.254183 -338.319747 -1513.050015 1610.504774 2752.704015 -2167.007600 -4153.129196 -1073.281422 -631.805727
25550.038491 -10185.010963 -12141.270283 -21582.258984 -10151.371880 259.210202 -242.290536 -2901.506578 -7026.860999 -890.635285 -2570.321821 -1500.480166 -1259.640288 5.724798 668.683313 -1172.715626 -705.213498 -3282.628724 -221.908439 -861.536988 1572.703506 953.805297 -418.889438 -940.645497 -1600.929940 365.360624 -138.967106
-23462.766479 -21538.135598 19569.424546 35905.906801 16908.219495 -17059.448298 25084.040926 -27032.967077 6906.028789 -2438.400145 10844.585905 12942.337691 -1449.886945 -10063.262843 13342.296097 20572.822907 -1317.959242 5272.172028 -8756.171648 2201.393497 -4737.930289 -4856.649404 -1521.960490 18599.128453 -17525.318283 2904.114859 3725.551723
31267.380533 5778.251363 20424.338777 -22875.406512 -10681.673659 -3832.828754 839.504436 -5987.892962 -1395.589890 525.742841 -1545.584852 -3480.423324 -945.719400 -1199.791356 1395.923626 123.621452 -2391.963767 -2282.157220 1285.179551 -808.453516 513.682059 1497.891489 -953.815965 -597.325107 -1177.158345 1269.868959 1711.437628
3324.945007 -4622.315187 -21654.436237 30013.966181 1605.590583 -6742.836507 6925.510309 -56.992923 -1831.266596 -4779.123251 762.670688 1106.798581 -1183.783659 -1689.731130 -616.967375 4178.299731 -958.276722 -1342.003762 -4135.577710 -832.095453 1532.730493 -154.709552 188.686942 3176.976885 -1205.558539 -116.771953 217.419621
33582.800781 13162.370489 23740.807602 -30075.893011 -17673.480663 -1952.495917 -3022.762210 499.324198 -5062.302606 192.942965 -1093.638696 -1798.884157 680.021485 -1280.481588 2776.871503 -1049.225275 -1116.254615 -2244.759889 1933.590516 -193.882600 32.883855 840.816192 -913.481025 -1364.230841 -700.205057 1104.357726 1431.401742
23954.251614 4260.923924 -720.423181 2602.821081 -6318.710391 -3650.474078 4855.907903 -2451.746420 -6761.671203 -2977.711697 -1209.108399 -2483.333034 -650.106118 -276.940142 1458.726278 -388.459806 120.805298 -1624.860922 1224.492105 279.369696 424.096835 1435.669536 -998.719428 -63.871000 67.499700 773.048007 765.070561
20100.749044 2077.849346 1714.504517 -15761.276977 -8112.727759 506.687763 -4479.565337 -271.842751 -3686.914868 2739.779084 -104.294298 -1130.138904 -963.474989 2670.548703 1513.986784 -1625.712127 1345.682078 -709.759604 2070.481296 -2098.164830 -133.972154 -352.528360 0.334555 1105.610977 -292.786712 680.465435 1263.089143
32311.393641 7290.103458 25067.426082 -23665.041903 -365.887366 7528.221306 -2038.010500 -2289.419184 -5926.607581 -2336.510519 -3381.284977 -814.446839 -1235.912555 1286.032530 3315.980549 -3151.895571 837.224566 -1089.958588 420.938498 -163.914824 121.943854 689.937175 -941.822642 661.710095 -2032.194309 994.465589 2100.700209
-22358.610382 -16755.055409 -5242.319821 -47431.855219 -18529.765446 -16951.886532 -4714.855669 26337.645132 -15753.078457 18838.043007 16989.680153 884.316567 -8362.839235 -2284.222650 7515.991020 -3115.576435 5597.204730 200.863362 -565.319796 5438.786229 1813.223227 -2626.303185 744.192911 -5516.091276 1508.818492 -6947.987436 628.559923
14146.553690 478.779339 8770.081440 8872.779367 -3782.674126 -10063.364535 9590.242736 882.048740 -4877.301399 741.061025 1274.304370 7175.416084 2521.817809 -4994.964772 3766.826468 6982.526668 1535.117011 -139.434113 -6984.982170 -2581.211785 -2444.085189 -4110.203771 -1259.401230 4736.608436 157.408149 -35.860320 1590.949954
24936.359471 8485.919017 10421.708916 -7883.039541 -10105.196119 -6945.377897 4545.485284 5279.387722 -6838.127890 -1461.001113 394.259538 -1709.752263 -390.962073 -773.269539 1099.602549 506.425656 -1041.098417 -4671.223809 -745.102970 618.725738 2683.767460 1488.130085 730.265796 -1025.333682 1429.336078 1517.440745 -401.748234
24597.109373 -1058.445827 2944.343851 7890.609971 819.360878 -752.110032 6200.340663 -13356.382139 -1947.860479 -4350.238774 -4518.144272 -4846.208003 -1248.850168 -2612.031269 4139.159944 -1193.559730 -1291.067347 -2011.892352 2448.842786 1377.874220 313.287549 1456.337286 -1444.266535 -3060.322195 2247.774973 511.098574 616.742097
11526.865948 2160.531009 10441.896425 4406.293550 6543.756906 -138.662768 5533.671042 944.335184 -1847.981074 -2963.297185 612.209042 6216.397341 -2257.760890 3574.287144 75.685824 4522.307070 -2477.280349 -1171.285061 1105.215616 -655.577930 803.835930 190.602517 141.425171 893.168414 628.023695 436.428651 -1248.761328
-38986.397572 17862.110862 -44320.628083 48533.616537 2421.819590 -4613.771941 -5417.599646 4383.769364 -2563.517557 -4639.126461 -14544.381394 2423.564780 13258.220787 -589.108557 -840.749487 1285.220243 6731.645781 2919.046075 0.736047 1693.482752 163.018330 2245.534173 1228.017834 1684.573110 -743.344808 736.410410 2966.477513
-16789.634263 5425.800297 17617.164239 7428.640812 -2943.737518 -11530.084152 5941.244091 9455.548369 -4802.627930 2409.522599 6173.368291 10064.294875 4389.842490 -5654.897252 1899.111898 -1556.010776 5037.291852 2850.513436 -9711.106800 -5524.076959 2234.679229 -2149.116772 -2028.277907 -3336.351458 6220.997207 -1236.689294 2305.824459
20155.738745 8053.555947 16721.560543 -50551.697601 -25327.974158 -634.612729 -13363.471478 561.753138 -8945.852402 13676.837607 5482.483086 -7816.114982 -2730.818268 6539.149692 5458.296496 627.857174 3611.949432 -1621.031271 641.449636 2833.481835 453.772556 6967.588933 -5395.613642 3091.999150 -970.581127 -1611.430033 827.357971
-159103.309047 -19284.227629 68366.521768 -27687.943205 -12784.944798 -21598.261331 4861.271705 -23711.940201 -6211.653391 8867.242516 8897.646896 -5896.699470 23577.225903 -1990.541219 20862.797146 28638.433351 -19330.676833 1318.580382 -19753.144825 -18746.571753 5141.961494 2200.906466 23714.607433 5961.627393 21505.560555 -9430.213339 -2664.229249
8893.495916 -20893.624765 25744.011247 -59931.045553 2918.413250 20388.565308 16028.282271 -20488.037054 39463.759588 9344.278256 14769.519425 -7435.412310 11371.089075 -23040.427381 -1059.244992 -2607.695863 -530.830691 24803.126696 7989.605338 5213.015203 -12900.427977 16172.389544 1411.727800 -26155.025406 -9608.465255 -10885.929391 -13869.922597
-90808.462047 -72691.293768 -76627.537976 136818.756237 140744.620997 90941.689372 10441.770627 -81477.173602 -1524.498164 -16210.132935 -47367.820191 6834.877413 3393.291202 -2443.189353 5076.403206 -63340.041177 18576.699852 -4222.325961 -2499.983283 -7459.646355 -10751.633769 4711.309289 -1216.564139 -3807.150841 -2662.406630 -3176.018862 -10120.687655
-5532.731612 -274.942718 -43625.524188 50941.878967 11439.892725 585.132720 -1687.563091 9802.637423 1094.170365 -10922.340261 -10590.606699 3738.774112 3368.675761 5782.638773 -7148.058296 1002.971692 297.262004 -1047.381420 1179.785146 1475.760296 1400.243235 -162.677971 -1126.801409 3094.806602 2143.410775 -751.328055 -1882.812764
-27145.152785 23788.157682 36753.426867 -47816.717291 2197.733900 30660.355684 -12512.934655 7889.812281 8281.248512 17454.702786 -18521.431248 22178.099124 -2332.936074 7782.634293 -21019.816223 6485.288796 -8574.153451 -5678.404204 -1086.965737 23578.123334 18408.994688 -6987.640937 5866.557991 2610.142476 4516.994695 -2056.350558 -4349.885985
19127.033327 -6432.782210 11886.425511 -40002.516527 -5288.386446 -9881.297557 -3839.118273 5948.514221 3122.990381 20492.732530 9457.134533 -4094.786126 -9637.345181 -4254.453943 374.785353 2216.250151 -1616.405320 4591.739472 -9552.356279 -6.659163 -5089.663512 5040.438022 826.457519 3183.534287 -1638.544454 -2147.476821 -1286.529601
34170.283505 10313.654584 11063.301375 -14845.601137 -12497.936268 -1341.297219 -2154.377696 619.265813 -5050.812272 -1251.589932 -4352.439447 -76.530053 286.487158 1281.768928 1144.162476 223.746509 -811.188146 -2085.127552 1500.259913 965.098401 2166.658478 928.052527 -1160.569289 -634.035681 -393.022098 1065.261864 270.661949
7132.797210 6552.762213 -42666.215720 10153.210504 -23616.056803 4525.607799 -6896.701266 -2121.542466 -3523.504332 5634.331617 -14583.625864 5852.893764 7924.418976 -5411.067103 -4689.959154 599.978720 -9686.274208 -3133.232806 -16917.642540 3865.702360 740.637149 914.251257 -4919.498017 -9169.790748 -2306.108904 1760.561784 7854.537877
18328.393428 4379.765383 21191.551930 -18335.447564 -8643.291402 -6972.629751 3024.870887 -1298.580157 -2579.850586 3748.282628 4666.764737 1257.532858 -1773.579842 -150.373593 3670.370756 -432.825129 1037.998854 -752.490950 -2012.728358 -1187.114049 234.636610 -754.294601 -651.483444 1105.232870 -1517.689470 1488.072029 2016.251953
30775.913269 9428.452136 28638.656134 -26701.199585 -10218.228965 -1711.781757 397.437944 -3084.267730 -3603.495551 112.600002 -810.883245 -2156.160851 -1318.328426 -189.741130 3448.338645 -361.929063 -965.088247 -1456.241366 1702.320984 158.559801 1005.371302 361.889684 -85.637318 325.136264 -1300.032767 1121.900518 709.501784
2340.512565 20555.607570 21687.457360 -28759.308689 -12514.005996 -4161.393854 -3150.490277 4802.699207 -8101.332539 6587.328252 326.846633 -1552.969217 3211.271601 2303.073127 -704.443846 -2555.698280 -457.817233 -5058.608894 1685.612929 4755.972160 5714.552496 2811.212924 1766.919992 -997.006995 -638.561876 2283.114712 2763.766713
22012.865811 6829.633328 21763.919271 -14625.344816 -5400.428183 -3697.465601 3542.987520 521.017585 -1903.408287 -1630.561215 2559.627160 -943.088838 -906.997083 -1628.116729 2007.432022 377.207334 -66.995787 -1550.416216 21.936381 -350.755740 980.207259 561.166820 382.182783 751.178958 -834.825011 1207.980258 477.221541
24620.397978 9120.756754 32825.630691 -44525.685202 -12945.277706 175.246686 4669.798474 4251.654484 -4844.962714 3175.053179 3675.774224 -2781.620493 1850.968962 226.533121 7355.622131 -483.062854 693.789159 2335.808098 6794.605922 4550.425185 -2131.257970 2490.219203 3163.104820 -1646.834479 -1143.803377 -2653.577231 -2259.991044
-47580.403075 -51878.544217 -209705.900452 194594.355500 18071.476036 -15259.690464 15122.202999 22877.944742 -9098.691577 19248.628669 -17486.530065 15328.188978 117.876269 -7498.059300 -2015.152039 10338.788250 6452.364884 4312.458419 -28670.200014 -25219.008011 -6136.676534 -6566.987318 -11780.226326 -4505.501660 -17958.406640 101.470865 6232.916039
28719.124212 5203.175566 24388.344608 -25634.230336 14529.258413 20478.122152 -6248.418278 -4809.535873 -5172.603414 -543.850366 -3155.345758 1273.096559 2969.918777 680.810142 -275.769033 -8369.421620 5766.450224 -5144.415229 -310.980190 415.278961 846.751662 -109.224473 -1150.791675 4483.061314 2917.574073 -550.305167 -866.804230
23499.990388 1456.121923 25071.544514 -56791.391847 -14727.178491 -5328.469368 -405.934224 -2888.915168 -6164.806630 -2155.652700 2194.753452 2503.499380 4743.641008 -9680.310044 3054.454003 2083.512095 -3132.757747 -3996.630483 2881.709891 -6642.759280 -29.332234 -3845.002352 1567.918398 -1600.363518 -532.669265 3827.887328 2552.967377
28526.781231 7958.814667 10106.842800 -8641.895914 -9999.163282 -6597.634328 2620.482610 3767.418284 -3121.339582 -1790.971124 -432.638694 -2156.543711 -545.113011 -256.201209 -429.844349 551.629569 -943.691320 -2030.242934 221.362993 -1319.739463 1275.741090 610.675048 -389.331269 85.725151 -239.853614 1086.462286 482.621481
23258.725298 8076.938219 9295.103327 -8796.363947 -7972.108133 -5176.495541 2145.043349 3312.898784 -1725.644613 -2452.736450 1620.033488 -2130.056366 -1329.437617 -341.255756 146.211132 39.922078 -796.336211 -1961.425189 -85.260257 -909.478619 1026.276822 664.115981 -628.308579 -216.811783 161.050664 1313.174041 168.512533
28667.639797 5238.449244 2721.822327 -12955.556533 3980.192235 9090.971540 -5967.028028 -1651.544927 -4924.033482 -197.782441 -1264.109519 -2294.248416 2689.825785 2317.654874 -1567.513403 2355.003891 -634.104142 -4139.391531 -3529.895680 -132.266376 3438.860140 2764.382073 -2731.914269 2572.948603 203.047923 935.740118 3219.879136
11431.902596 -20308.715504 -51714.566163 54735.048722 34644.368143 17678.706624 -556.865060 -28085.108956 14588.566330 -9790.806466 -4834.490342 995.031660 1510.025156 -5667.122960 -2794.514762 -5123.092767 3505.397386 329.704654 3444.566262 4433.767036 -2743.420070 6242.573165 -9529.955592 -4460.247296 -3164.313327 3831.994057 -1653.426547
