-12441.573128 -2145.127257 -54623.772460 41570.939813 -4313.873291
22005.643751 2564.790211 15352.382142 -37630.401916 -18437.817337
21161.536964 4246.519068 25468.312794 -20578.625524 -1566.131107
-6725.876010 12795.279514 30147.192170 -11519.106610 -6062.659082
17077.443859 6785.923855 18723.236293 -11368.026976 -10397.007073
16775.170296 1895.669528 24431.490905 -46644.206023 -19002.258715
-51741.138724 4905.548044 -235.359969 37113.010654 14288.380473
-13441.714315 -1957.456582 17535.569943 17929.713076 1477.057504
-15450.576637 -22765.632025 -133374.325052 138048.551872 10245.935758
20586.588760 8508.609214 9686.323459 -9661.502317 -9981.357785
-22825.593553 -40022.601733 -87927.253829 125225.262391 51815.375250
22259.800091 6524.227578 28965.734743 -17070.267546 -9509.933338
21593.245239 744.748207 -12861.582178 10728.269229 -1804.100756
4288.059120 -31307.049841 -46990.715651 7012.699386 5987.106865
-35995.263615 15785.565636 27655.153130 -40192.301085 -8096.349941
-9434.849680 3237.707193 3415.960505 -40244.941709 -1648.283488
16445.192649 -4692.768290 10098.748154 2290.897764 19144.346178
-35650.312790 -1905.413346 -95894.527041 111975.340978 7399.259638
29473.913921 13442.793145 23025.970495 -25842.408257 -13267.830220
-2415.250514 -26413.686352 -104020.241299 123002.723212 46931.340339
-28784.257026 2398.177016 42695.069083 -39433.040673 -8334.298404
-100049.133160 15074.935454 52410.422817 -29380.166662 14221.132425
19785.353929 5980.753078 27081.057913 -48711.760881 -7218.483902
19349.714802 7009.706776 12706.324334 -7926.501518 -8793.917803
17873.276347 -19463.336236 -86084.642547 71012.588879 4033.674056
-29133.380785 -15399.793608 -107657.824785 138791.296622 34310.796273
-8010.680505 2345.857591 36369.007615 -18535.490879 -10199.998270
16764.263135 17175.404651 32253.305650 -43032.296589 -17637.248131
10321.599447 -2178.968968 15071.615390 -5867.258282 4274.414473
15752.879351 14372.494936 15574.831846 -11785.662329 -11235.034207
31604.673774 17875.984562 30973.248853 -43735.216430 -2026.512656
20386.066084 7321.824599 -14704.895549 15620.564748 -14782.623833
14896.446758 -6830.457471 -58112.041183 70645.658067 4179.311774
-7321.527608 205.259211 -37069.626640 47987.037833 8194.440254
-3285.998138 -26496.477582 -109628.889067 116535.760855 34536.909876
-26097.985993 -36592.798534 29663.998194 -21041.669628 64122.812377
24679.326018 7950.308955 -8615.894432 4818.909438 -14672.569557
-38976.049458 -2313.146943 -9067.034486 -12803.034556 14338.592583
26482.133792 7710.908561 17984.326585 -33611.588840 -18321.666183
19263.781223 2746.107494 6329.251007 -2820.166464 -9423.434654
24431.661224 15372.197203 36162.538762 -42639.757070 -15133.089803
-55499.086650 -14662.301544 27928.428036 -48136.397154 -5752.012822
-16082.117620 -9604.546651 -35358.850899 50625.665338 43271.157786
23655.398705 -18756.922768 -51667.040608 30478.130628 7634.521106
-137894.340252 309.778648 15084.498748 -41257.573905 -8997.035754
31631.479234 14049.329912 22669.973166 -28432.781588 -16739.286388
14395.825288 -11947.715296 -54744.324507 71293.144700 11536.026394
-31775.113502 -13859.511032 50852.480848 -32270.140585 -33519.495572
26646.200300 10120.223196 13667.444761 -15594.235593 -11122.371424
-91103.168455 -9864.240791 79.216327 -24894.310121 1908.497400
-69765.533309 -2711.741690 48836.376508 -47157.805677 86068.792812
25294.134713 6538.863366 5867.156485 -24450.097921 -4509.366327
18899.333767 2939.468733 11473.509955 -16038.479899 -10456.035404
19032.950980 9975.250279 23481.035219 -21677.595047 -8235.559024
13978.082960 -4923.444078 40328.337481 -43685.720950 -7867.542251
9733.492343 -38428.274156 -102092.703642 45304.403878 -13053.341687
-1538.319251 1455.643183 -36312.688259 36372.999565 -10182.738881
-53272.658305 -30748.842434 -47037.300680 99964.530651 26788.394850
20175.505766 5139.361965 16200.862758 -17314.513721 -7341.200513
20875.942840 5237.180009 17129.718874 -7256.160369 -5456.610944
-40301.043887 -20862.172255 15696.488496 24385.945907 10035.765284
-46582.625888 -9988.104097 71589.946415 -22022.142525 3941.161171
13690.566433 3733.614998 -9423.017522 16146.842694 -8029.818202
-25644.129867 30748.297015 -970.305396 -2251.342538 -13249.061744
2344.616332 -5334.856940 20727.697076 -49092.716360 -7860.386496
31937.600930 10333.993521 23081.349326 -33031.659873 -8663.781461
-87119.447766 -17944.333852 -19811.989607 93423.207479 35517.233552
24393.184436 -615.460460 9064.588966 989.976387 8562.803634
-9017.788326 13020.153925 -40323.761907 40572.052309 -8542.012280
-13419.884090 -21453.700552 -110518.130969 117195.283784 23290.129571
-92611.298201 -38840.695238 -9284.282253 -5004.322983 34928.610768
1853.729731 16513.685005 -89534.946292 67875.021463 -14829.092035
34428.088993 8566.378683 19403.612923 -25964.594589 -9412.526540
31721.053814 7510.691985 15484.458537 -14024.261507 -10074.946939
23130.104862 4220.587565 -5738.757156 -6495.462501 -13013.801136
38364.695503 6432.779256 -1455.656009 -386.460860 -9993.338965
29267.636537 9054.924900 27728.393759 -24804.814202 -9042.209435
25184.086743 -4023.399149 -2382.047852 -604.702796 17814.836459
10728.278538 10485.355872 34646.644767 -40692.221533 -14170.095415
-54457.300484 -6892.586755 55563.165161 -38019.022189 67867.981057
-7793.447514 29918.408711 26195.346383 -43489.213275 -26420.700487
-2260.881611 10167.107366 560.597848 2386.343872 -10724.140298
28212.845915 10513.598483 -3869.445026 26.305711 -13694.451811
21192.628912 9457.095511 19898.329784 -15578.645310 -12097.723632
19802.843158 4133.928586 5353.293410 -9947.628164 -6434.112926
27139.257187 12294.923112 26987.797234 -24800.555612 -12212.158611
17909.241088 12867.230951 17726.251555 -16847.125327 -14477.112235
23822.846056 12658.023275 33186.144425 -37858.112319 -14874.059355
11075.679595 16686.842052 12640.309148 -17114.759766 -18098.467162
-53999.729388 -3992.677676 28104.196566 -44503.367658 -9792.415728
9226.290205 -10076.673943 -34052.323272 56954.323999 9013.822802
28669.474396 7957.058263 31055.154003 -29143.623234 -7166.586970
6147.161739 -9429.683376 -62400.154858 70674.154753 15009.169853
-6587.778999 -6511.201864 11950.126062 -68585.864866 -23682.973592
-18337.930646 18492.654607 -22309.290445 -14072.840185 -37928.341639
19343.935967 11808.872204 33479.234387 -35940.687995 -8475.761281
23556.497826 6031.940653 18338.401398 -10528.308378 -5154.380770
-1476.363335 2195.832561 32108.812957 -47735.246560 -8281.122607
26615.899263 14261.358878 25904.893773 -25808.322369 -13644.821536
-15960.286269 -11686.246592 9313.847924 25242.928576 16542.672016
-69056.354429 30175.917471 15069.382809 -23588.874404 -19643.957473
-39767.764620 22253.878271 39955.233298 -41436.280956 5846.012524
30830.863810 6882.768360 9571.884820 -17224.291379 -13989.906024
24037.694318 13003.717824 10206.589353 -17268.773725 -14313.532481
20117.342736 8278.338851 7095.453142 -7663.273458 -2891.702215
20141.394092 4979.156847 19990.053960 -16834.501358 -12902.493004
7302.397990 -20374.639290 -18420.868134 26005.454831 24685.915856
-89000.444713 -3994.539387 37110.241251 -26961.276547 40267.923138
-41517.442168 -52610.556451 -91614.884476 154643.612329 41336.245626
27341.264176 13503.314400 23804.839531 -24388.737129 -11842.375101
28578.050111 8809.566665 19804.359962 -15316.866140 -10071.189403
27328.251903 5113.249860 31683.794388 -24436.999291 -1554.384324
25413.338569 11286.124917 34246.954343 -42721.281223 -12607.569270
32208.628406 4532.648767 29608.860652 -50624.514274 -12376.967846
23797.277881 2981.971817 28355.559635 -44835.813359 -10259.502396
25550.038491 -10185.010963 -12141.270283 -21582.258984 -10151.371880
-23462.766479 -21538.135598 19569.424546 35905.906801 16908.219495
31267.380533 5778.251363 20424.338777 -22875.406512 -10681.673659
3324.945007 -4622.315187 -21654.436237 30013.966181 1605.590583
33582.800781 13162.370489 23740.807602 -30075.893011 -17673.480663
23954.251614 4260.923924 -720.423181 2602.821081 -6318.710391
20100.749044 2077.849346 1714.504517 -15761.276977 -8112.727759
32311.393641 7290.103458 25067.426082 -23665.041903 -365.887366
-22358.610382 -16755.055409 -5242.319821 -47431.855219 -18529.765446
14146.553690 478.779339 8770.081440 8872.779367 -3782.674126
24936.359471 8485.919017 10421.708916 -7883.039541 -10105.196119
24597.109373 -1058.445827 2944.343851 7890.609971 819.360878
11526.865948 2160.531009 10441.896425 4406.293550 6543.756906
-38986.397572 17862.110862 -44320.628083 48533.616537 2421.819590
-16789.634263 5425.800297 17617.164239 7428.640812 -2943.737518
20155.738745 8053.555947 16721.560543 -50551.697601 -25327.974158
-159103.309047 -19284.227629 68366.521768 -27687.943205 -12784.944798
8893.495916 -20893.624765 25744.011247 -59931.045553 2918.413250
-90808.462047 -72691.293768 -76627.537976 136818.756237 140744.620997
-5532.731612 -274.942718 -43625.524188 50941.878967 11439.892725
-27145.152785 23788.157682 36753.426867 -47816.717291 2197.733900
19127.033327 -6432.782210 11886.425511 -40002.516527 -5288.386446
34170.283505 10313.654584 11063.301375 -14845.601137 -12497.936268
7132.797210 6552.762213 -42666.215720 10153.210504 -23616.056803
18328.393428 4379.765383 21191.551930 -18335.447564 -8643.291402
30775.913269 9428.452136 28638.656134 -26701.199585 -10218.228965
2340.512565 20555.607570 21687.457360 -28759.308689 -12514.005996
22012.865811 6829.633328 21763.919271 -14625.344816 -5400.428183
24620.397978 9120.756754 32825.630691 -44525.685202 -12945.277706
-47580.403075 -51878.544217 -209705.900452 194594.355500 18071.476036
28719.124212 5203.175566 24388.344608 -25634.230336 14529.258413
23499.990388 1456.121923 25071.544514 -56791.391847 -14727.178491
28526.781231 7958.814667 10106.842800 -8641.895914 -9999.163282
23258.725298 8076.938219 9295.103327 -8796.363947 -7972.108133
28667.639797 5238.449244 2721.822327 -12955.556533 3980.192235
11431.902596 -20308.715504 -51714.566163 54735.048722 34644.368143
