-0.258581 -0.630040 -0.924426 -1.125601 -0.854029 -0.015540 0.967181 1.890503 1.229533 0.136027 -0.583899 -0.721596 -0.546965 -0.613194 -0.510379 -0.456539 0.542700 -0.635431 -0.861888 -1.189651 -1.032743 -0.448735 1.376117 2.798006 -0.003321 -0.753475 -0.685460 -0.396398 -0.599054 -0.490277 -0.428891 -0.357003 -0.797339 -0.886318 -1.037238 -0.025029 3.006789 1.395007 -0.721873 -0.854173 -0.515535 -0.377031 -0.464008 -0.358972 -0.350756 -0.284622 -0.290335 -0.183037
0.193507 -0.446716 -0.462208 0.109646 1.280256 2.010908 0.913545 -0.382055 -0.965596 -1.025843 -0.684462 -0.778786 -0.589347 -0.618633 -0.500316 -0.424834 0.875555 -0.371814 -0.452703 0.276632 2.017143 2.591104 0.217498 -0.997807 -0.880181 -0.853875 -0.775787 -0.436494 -0.655388 -0.487069 -0.440309 -0.375580 -0.491184 -0.329430 1.485992 1.844732 0.057766 -0.887376 -0.898494 -0.962824 -0.621121 -0.425636 -0.516565 -0.369138 -0.365474 -0.285869 -0.290335 -0.183037
-0.384745 -0.570791 -0.880013 -1.301499 -1.237028 -0.927062 -0.308592 -0.142313 0.003130 0.136838 0.461193 2.807689 7.281463 0.542413 -0.052537 -0.042793 0.920535 -0.497576 -0.776507 -0.970112 -0.776070 -0.489601 -0.221281 -0.314086 -0.396887 -0.091577 1.710585 3.780559 2.811977 -0.131060 -0.269041 -0.352358 -0.976590 -0.706635 -1.042345 -0.795268 -0.388998 -0.096214 0.128699 0.133559 0.019849 0.068356 0.641499 1.383480 3.598368 0.567043 -0.285795 -0.183037
-1.299434 -0.509451 -0.902219 -1.333985 -1.451434 -1.405553 -1.042531 -0.692222 0.301896 2.619606 5.084548 1.421139 -0.322950 -0.518027 -0.568238 -0.478732 0.821578 -0.606409 -0.784561 -1.191119 -1.319010 -1.277145 -0.980045 -0.563661 0.573349 5.628759 1.062844 -0.294615 -0.528636 -0.519142 -0.440309 -0.366291 -0.481666 -0.895890 -1.547331 -1.344212 -0.721806 3.054051 5.057831 0.894113 -0.168964 -0.313546 -0.502066 -0.370155 -0.358933 -0.285869 -0.290335 -0.183037
-0.337433 -0.468325 -0.694962 -1.012298 -1.017124 -0.319186 0.704474 0.618370 1.200284 1.132379 0.417276 -0.050562 -0.469771 -0.776339 -0.673894 -0.515192 0.974512 -0.288375 -0.579969 -0.906233 -0.776674 0.366248 1.074330 1.039121 0.305622 -0.219866 -0.700911 -0.481988 -0.849741 -0.653848 -0.488835 -0.380224 -0.397592 -0.768850 -1.192139 -0.244689 1.450506 2.080681 1.078426 -0.231902 -0.655902 -0.481186 -0.603555 -0.399636 -0.366291 -0.286493 -0.290335 -0.183037
-0.127160 -0.245269 -0.553500 -0.606623 -0.260290 0.276451 0.804631 1.160787 0.831179 -0.248559 -0.574988 -0.848686 -0.711950 -0.808968 -0.656284 -0.499340 1.091461 0.276346 -0.277913 -0.346006 0.298336 1.259459 1.484801 0.160391 -0.713125 -0.843959 -0.855417 -0.479674 -0.801857 -0.612154 -0.465999 -0.377902 0.757231 -0.390339 -0.207699 0.732120 1.459565 0.334730 -0.696309 -1.012211 -0.675777 -0.466306 -0.583620 -0.392520 -0.365474 -0.287116 -0.290335 -0.183037
-0.453084 -0.453687 -0.693317 -0.792821 -0.641456 -0.452068 -0.164650 0.092934 1.276194 1.784714 1.166408 -0.414039 -0.512152 -0.643104 -0.485223 -0.396300 -0.132006 -0.313770 -0.604133 -0.888611 -0.784525 -0.585344 -0.387593 0.673300 1.228076 1.075421 -0.205300 -0.320060 -0.576520 -0.442167 -0.383220 -0.357003 -0.137440 -0.587861 -0.697365 -0.459030 0.171722 1.866708 2.131183 -0.011779 -0.341628 -0.316522 -0.447697 -0.335590 -0.346668 -0.285246 -0.288065 -0.183037
-0.421543 -0.582641 -0.957324 -1.207212 -0.559603 1.630912 2.501283 1.226716 -0.676580 -0.930914 -0.657730 -0.899522 -0.757358 -0.909574 -0.696534 -0.527874 1.100457 -0.608828 -0.836112 -0.993608 -0.035642 3.477310 2.404316 -0.838383 -0.899513 -0.853875 -0.902958 -0.502036 -0.877908 -0.663470 -0.497399 -0.387191 -0.610156 -0.878922 0.211611 2.493892 1.231653 -0.952707 -0.934128 -1.053131 -0.714285 -0.500033 -0.618054 -0.401669 -0.370379 -0.287116 -0.290335 -0.183037
0.713933 -0.683016 -0.653839 -0.567799 0.158748 1.473552 0.124875 0.586904 1.411300 -0.547140 -0.737289 -0.891896 -0.733140 -0.789934 -0.611003 -0.491414 -1.445433 -0.363349 -0.768452 -1.084654 -0.973557 -0.618037 0.227102 2.671795 1.024545 -0.799957 -0.823328 -0.461169 -0.734256 -0.551215 -0.434600 -0.370936 -0.275448 -0.541744 -0.629845 0.107502 1.719422 0.668576 1.007933 -1.041843 -0.703105 -0.460355 -0.576371 -0.385404 -0.370379 -0.287116 -0.290335 -0.183037
-0.384745 -0.455081 -0.635745 -0.640693 -0.422774 0.165716 0.417685 0.206812 0.916839 0.897084 0.155685 -0.156046 -0.434958 -0.645823 -0.540566 -0.421663 1.046480 -0.180752 -0.436593 -0.312965 -0.036850 0.830951 0.847864 0.490626 -0.174024 -0.444837 -0.705665 -0.434952 -0.717356 -0.548008 -0.403201 -0.354680 0.019603 -0.599173 -0.590127 -0.064707 1.403779 1.401600 0.344053 -0.491534 -0.572676 -0.430596 -0.532875 -0.368121 -0.350756 -0.285246 -0.290335 -0.183037
-0.111390 -0.192991 -0.080591 1.262491 1.647373 0.683838 -0.021256 -0.529397 -0.617384 -0.517931 -0.484609 -0.645342 -0.556047 -0.681171 -0.585847 -0.513607 0.488724 0.273928 0.064417 1.243629 2.382525 0.899256 -0.457352 -0.903860 -0.708019 -0.538420 -0.629600 -0.443434 -0.776507 -0.641019 -0.494544 -0.387191 1.264845 0.608579 2.217939 0.103003 -0.748030 -0.825042 -0.556097 -0.484479 -0.318027 -0.169713 -0.438635 -0.396586 -0.370379 -0.287116 -0.290335 -0.183037
-0.579248 -0.409076 0.144760 -0.249281 -0.223028 -0.067993 0.301656 0.168853 0.184897 0.081666 -0.009798 0.118468 0.153839 0.216124 -0.110396 -0.242532 -0.464860 -0.307723 -0.178838 0.142265 -0.018732 0.413535 0.309500 -0.055022 -0.230561 -0.038278 0.152443 -0.057121 0.088222 -0.031634 -0.220515 -0.333781 -0.297656 -0.081440 -0.087410 0.121410 0.403924 0.421638 0.266587 0.228099 0.008669 -0.169713 -0.259217 -0.292893 -0.330316 -0.279011 -0.290335 -0.183037
0.640338 -0.480872 -0.555968 -0.525013 -0.343365 -0.412437 -0.287794 2.273592 0.393128 -0.790548 -0.478880 0.310373 0.992383 -0.360320 -0.550629 -0.374107 0.515712 -0.346420 -0.426122 -0.527364 -0.416727 -0.595852 -0.767227 -1.025801 0.774691 2.433304 -0.362184 -0.027049 2.197935 2.008203 -0.320422 -0.319848 -1.071768 -0.540438 -0.898225 -0.745773 -0.764241 -0.861604 -0.766028 -0.639694 0.249654 7.553629 1.652766 -0.058059 0.046609 0.229744 0.944349 -0.183037
0.025288 -0.558941 -0.621764 0.699142 2.112225 0.175624 -0.377005 -0.337104 -0.074869 0.097082 -0.175282 -0.467416 -0.498530 -0.664857 -0.570753 -0.464465 1.514276 -0.389953 -0.439815 0.449179 3.013036 0.495851 -0.108048 -0.475883 -0.579262 -0.632623 -0.718738 -0.424157 -0.728623 -0.564044 -0.480272 -0.387191 -0.058125 -0.310287 2.741083 0.260487 -0.111499 -0.393499 -0.432152 -0.586075 -0.565222 -0.419685 -0.550998 -0.388453 -0.369562 -0.287116 -0.290335 -0.183037
0.046315 -0.423714 -0.778029 -0.961588 -0.576096 0.780003 3.074314 0.987473 -0.823525 -1.086695 -0.728379 -0.809288 -0.602969 -0.566970 -0.379567 -0.269481 -0.374900 -0.150520 -0.706430 -1.015635 -0.855789 -0.051168 2.226378 1.833395 -0.504123 -0.806154 -0.784107 -0.395626 -0.559620 -0.339534 -0.226224 -0.226961 0.033880 -0.620056 0.194589 2.261553 0.887879 -0.934726 -1.044129 -1.010800 -0.591308 -0.387942 -0.424137 -0.335590 -0.358115 -0.286493 -0.290335 -0.183037
0.324928 -0.549182 -0.928538 -1.271391 -1.005518 -0.219525 1.452642 2.350509 1.398765 -0.933348 -0.677461 -0.808017 -0.631728 -0.618633 -0.470129 -0.323379 0.137877 -0.373023 -0.795838 -1.249125 -1.179500 -0.807188 0.306972 2.340610 1.290083 -0.649356 -0.750828 -0.407193 -0.568070 -0.403680 -0.260478 -0.308237 -0.427732 -0.899370 -1.007733 0.507552 2.807008 0.738103 -0.715676 -0.923315 -0.598762 -0.391910 -0.449509 -0.322374 -0.322957 -0.282752 -0.290335 -0.183037
0.524687 -0.735991 -0.680158 -0.956834 -0.989636 -0.953289 -0.034938 2.307056 2.802060 -0.158497 -0.427962 -0.476313 -0.424362 -0.637666 -0.628613 -0.515192 0.101892 -0.607618 -0.625076 -0.873192 -0.985636 -1.126525 -0.915846 1.267344 2.333634 0.164382 -0.434683 -0.317747 -0.599054 -0.583288 -0.471708 -0.387191 -0.300828 -0.700979 -1.228452 -0.840264 2.362152 2.539196 -0.016936 -0.560676 -0.445972 -0.401829 -0.560060 -0.393536 -0.370379 -0.287116 -0.290335 -0.183037
-1.362516 -0.501086 -0.941697 -1.351416 -1.082485 -0.667710 1.493691 2.323039 0.565841 -0.359715 -0.328036 -0.281865 -0.077744 -0.072098 -0.082724 -0.245703 -0.105017 -0.473391 -0.836918 -1.138988 -0.898669 0.077851 2.654541 0.960358 -0.515066 -0.490079 -0.302758 -0.161217 -0.097680 0.022890 -0.240496 -0.345392 -0.381729 -0.732739 0.205937 2.085662 0.238951 -0.642236 -0.534406 -0.411105 -0.156542 -0.177648 -0.230220 -0.305092 -0.344215 -0.283375 -0.290335 -0.183037
-0.810548 -0.452293 -0.565837 -0.453703 -0.540667 -0.658385 -0.416959 0.160362 1.151534 2.023255 0.801071 0.201076 -0.486421 -0.632228 -0.540566 -0.437516 -0.105017 -0.321025 -0.542917 -0.265974 -0.298959 -0.699769 -0.681797 0.579353 1.292272 0.702329 -0.358619 -0.399482 -0.711722 -0.515935 -0.440309 -0.357003 -0.507047 -0.540003 -0.581616 -0.666009 0.198423 2.141217 1.677235 0.909635 -0.349081 -0.399846 -0.512940 -0.361005 -0.351574 -0.283375 -0.290335 -0.183037
-1.225838 -0.405590 -0.769805 -1.317346 -1.304221 -1.109483 -0.425168 0.828644 2.923934 2.079239 -0.008525 -0.041665 -0.052013 -0.104727 -0.120458 -0.038037 0.695633 -0.201309 -0.770063 -1.130177 -1.039387 -0.731878 0.599155 2.521386 0.190361 -0.278123 -0.264726 -0.296928 -0.275133 -0.236901 -0.237642 -0.350036 0.076710 -0.617446 -0.513527 1.143623 1.681755 -0.462426 -0.433701 -0.281288 -0.299394 -0.343304 -0.469445 -0.387437 -0.368744 -0.287116 -0.290335 -0.183037
0.614053 -0.690683 -0.637390 -0.960004 -1.005518 -0.409523 -0.710863 -0.977416 -0.795668 0.204993 5.740117 1.430035 -0.174616 -0.420140 -0.510379 -0.500925 1.010496 -0.671709 -0.598495 -0.909170 -1.047842 -0.760484 -0.391637 -0.844551 -0.595676 -0.277503 1.255384 6.607349 2.797894 -0.576873 -0.497399 -0.387191 -1.366819 -0.860649 -1.382218 -1.173229 -0.512013 -0.252049 -0.154825 -0.007545 -0.073315 -0.119123 -0.050802 0.090365 1.797142 5.025503 -0.198414 -0.183037
-0.726439 -0.553365 -0.685093 -0.560668 -0.281059 -0.107624 0.630587 0.628359 0.565841 0.793230 0.324988 -0.339056 -0.680164 -0.817125 -0.658800 -0.499340 0.956520 -0.373023 -0.618632 -0.230730 0.282029 1.171306 1.149651 0.433215 -0.328314 -0.818549 -0.868491 -0.466566 -0.830024 -0.605739 -0.485981 -0.384869 -0.353176 -0.509548 0.300692 0.922327 1.257401 0.383278 -0.773000 -0.950125 -0.662113 -0.458371 -0.587245 -0.393536 -0.370379 -0.286493 -0.290335 -0.183037
-0.474111 -0.351918 -0.737729 -0.797575 -0.241354 0.596416 1.410500 0.657328 0.484359 0.063816 -0.424780 -0.853769 -0.774008 -0.915012 -0.696534 -0.527874 1.001500 -0.096104 -0.724150 -0.741763 0.277802 2.164347 1.574781 -0.138055 -0.521631 -0.873088 -0.907712 -0.502807 -0.877908 -0.663470 -0.497399 -0.387191 -0.378557 -0.360320 1.021291 1.593167 0.382468 -0.279020 -0.805536 -1.122272 -0.741613 -0.502017 -0.616241 -0.401669 -0.370379 -0.287116 -0.290335 -0.183037
-0.064078 -0.678833 -0.789544 -0.867301 -0.674441 1.496865 3.198552 0.099927 -0.918239 -0.904139 -0.532344 -0.572901 -0.335059 -0.360320 -0.369504 -0.391544 0.533704 -0.639059 -0.764424 -0.843088 -0.711448 1.094244 3.342029 0.046991 -0.798477 -0.720628 -0.566608 -0.318518 -0.483569 -0.374814 -0.417473 -0.380224 -0.216755 -0.433846 1.656213 2.446034 -0.649809 -1.155293 -0.924058 -0.769511 -0.513050 -0.372071 -0.493005 -0.393536 -0.368744 -0.287116 -0.290335 -0.183037
-2.387598 -0.509451 -0.842181 -0.876016 -0.457592 -0.345413 -0.171765 -0.012452 0.597877 1.409054 0.688415 0.889903 0.421750 0.455402 0.271978 0.101463 0.434747 -0.479437 -0.497810 -0.343069 -0.154014 -0.051752 0.479855 0.883967 0.134190 -0.204372 -0.271857 -0.272253 -0.480752 -0.397265 -0.231933 -0.268760 -0.610156 -0.623101 -0.503314 -0.262278 0.800147 1.518476 0.664760 0.270431 -0.096917 -0.202447 -0.319023 -0.317291 -0.297611 -0.255319 -0.284661 -0.183037
0.109397 -0.526180 -0.560080 -0.674764 -0.675052 0.595833 4.189178 0.206313 -0.891775 -1.000691 -0.687008 -0.883000 -0.746763 -0.893259 -0.691503 -0.527874 -0.149998 -0.387534 -0.571108 -0.806376 -0.768822 -0.204707 3.686279 0.797613 -0.651118 -0.771448 -0.839967 -0.478903 -0.852558 -0.653848 -0.497399 -0.387191 0.390796 -0.506503 0.091322 2.977388 0.080176 -0.952108 -0.966664 -1.061597 -0.727949 -0.489121 -0.608992 -0.401669 -0.370379 -0.287116 -0.290335 -0.183037
-0.789521 -0.573579 -0.803525 -0.696949 -0.118574 0.242064 0.939816 0.721759 0.707912 0.318583 -0.188648 -0.600861 -0.637783 -0.711081 -0.578300 -0.445442 -0.707754 -0.485484 -0.634742 -0.638969 0.000594 0.472499 0.858479 0.499641 0.123612 -0.144876 -0.450134 -0.370181 -0.638488 -0.512728 -0.388929 -0.340747 -0.775131 -0.720557 -0.526010 0.149225 1.141538 1.463335 0.632225 -0.341963 -0.499386 -0.408773 -0.509315 -0.369138 -0.342580 -0.279011 -0.290335 -0.183037
-0.458341 -0.620281 -0.844648 -0.899786 -0.400784 1.007300 2.007612 0.854616 -0.137547 -0.767019 -0.567351 -0.616111 -0.439499 -0.463645 -0.377051 -0.288504 -0.626790 -0.480647 -0.754759 -1.042802 -0.673400 0.502273 2.323941 1.163909 -0.487345 -0.723727 -0.589190 -0.342422 -0.483569 -0.342741 -0.317567 -0.319848 -0.154889 -0.313332 1.303289 1.772740 0.083513 -0.969489 -0.880677 -0.809020 -0.509324 -0.364135 -0.442260 -0.356939 -0.367927 -0.287116 -0.290335 -0.183037
0.608797 -0.603552 -0.532939 -0.590776 -0.682993 -0.548815 -0.189279 5.041619 -0.613902 -1.075336 -0.722650 -0.940191 -0.790658 -0.898697 -0.696534 -0.527874 0.677641 -0.497576 -0.575136 -0.615473 -0.666757 -0.568414 -0.401747 -0.528075 3.398705 -0.739840 -0.892261 -0.495867 -0.869458 -0.663470 -0.497399 -0.387191 -0.938519 -0.592647 -1.122348 -1.012882 -0.769486 -0.247853 -0.212924 -0.034355 7.831979 4.416083 -0.608992 -0.401669 -0.370379 -0.287116 -0.290335 -0.183037
-0.206013 -0.670469 -0.915379 -1.386279 -1.480143 -1.381075 -0.468406 0.916550 2.715006 1.836641 0.405183 0.347230 0.323364 0.721872 0.390212 -0.045963 -0.176986 -0.568922 -0.776507 -1.218286 -1.444025 -1.377559 -0.800085 1.115512 2.041104 0.909947 0.329531 -0.044013 0.192440 0.083828 -0.351821 -0.370936 -0.453113 -0.959845 -1.458817 -0.412399 2.021238 1.895477 0.388208 0.094050 -0.075800 -0.140946 -0.184913 -0.320341 -0.359750 -0.287116 -0.290335 -0.183037
-1.073390 -0.554759 -0.805993 -0.784106 -0.334813 -0.120446 -0.173407 -0.405031 -0.362493 -0.162554 0.014388 0.551844 1.016601 2.337003 2.812750 3.910777 -0.446868 -0.429858 -0.672599 -0.622081 -0.290504 -0.062261 -0.207633 -0.386681 -0.346916 -0.033940 0.614775 0.400131 2.347221 3.217351 3.530255 1.851378 -0.710093 -0.765804 -0.825030 -0.466393 -0.273135 0.016467 0.409124 1.030985 1.007390 0.756771 1.614708 0.908728 0.642657 0.120012 -0.147347 -0.178527
-2.140527 -0.442534 -0.733617 -0.728642 -0.388567 -0.400198 -0.523684 -0.570853 -0.476706 -0.152007 0.097766 0.800940 1.348083 3.351218 3.949808 4.234164 -1.472421 -0.256935 -0.557415 -0.401808 -0.187230 -0.230395 -0.515486 -0.674688 -0.412571 0.005725 0.793052 0.580565 3.572488 4.651010 4.038351 0.766926 -0.589534 -0.536088 -0.468703 -0.531023 -0.609757 -0.390502 0.192995 1.193255 1.223531 0.987896 2.346880 1.176094 0.459509 -0.069524 -0.224515 -0.183037
-0.647587 -0.656528 -0.910444 -1.318138 -1.409286 -1.312886 -0.776540 0.074454 3.492912 2.151450 0.117497 0.628098 0.650306 1.178676 0.719757 0.269498 0.479728 -0.570132 -0.746704 -1.150002 -1.217548 -0.985830 -0.670170 -0.508147 -0.343268 0.368901 4.711583 3.644077 2.735926 -0.063707 -0.371802 -0.354680 -1.346197 -0.686187 -1.283490 -0.918392 -0.521072 -0.452237 -0.190459 -0.171227 -0.228589 -0.101268 -0.159540 -0.160735 -0.041695 0.458558 4.900331 7.032178
0.277616 -0.430684 0.572434 1.758492 1.097614 0.011853 -0.610705 -0.745665 -0.673098 -0.414888 -0.217289 0.253183 0.308228 0.436369 -0.062599 -0.440686 -1.238523 -0.311351 -0.217502 0.808223 1.247122 0.319544 -0.512453 -0.857362 -0.631421 -0.336380 0.232073 0.161867 1.564176 1.809351 1.072559 0.339647 -0.946451 -0.560452 0.019829 0.199129 -0.180159 -0.312585 -0.154050 0.245032 0.409896 0.444306 1.090951 0.388229 0.418628 0.081980 0.001314 -0.178527
0.035802 3.658898 1.945926 -0.560668 -1.140515 -1.196905 -0.785844 -0.453978 0.272646 0.525481 -0.165735 -0.481396 -0.487934 -0.615914 -0.548113 -0.447027 1.370339 6.649116 2.547721 -0.507539 -1.111859 -0.856810 -0.265766 -0.006625 -0.554824 -0.646257 -0.604641 -0.392542 -0.652572 -0.541593 -0.411764 -0.343070 1.095112 3.378665 -1.310158 -1.138869 -0.386137 0.370692 -0.206727 -0.477424 -0.413675 -0.372071 -0.491192 -0.357955 -0.347486 -0.272776 -0.284661 -0.183037
0.388010 -0.647466 -0.793656 -0.959211 -0.896177 -0.429338 0.949120 2.650187 1.382050 -0.728885 -0.589627 -0.820726 -0.678650 -0.806249 -0.643706 -0.505681 1.262386 -0.512087 -0.437398 -0.566279 -0.532079 -1.148710 -1.367263 -1.167195 0.284467 4.216958 4.000851 -0.392542 -0.810307 -0.650641 -0.494544 -0.387191 -0.813202 -0.397736 -0.773964 -1.324577 -1.567653 -1.351285 -0.964340 -0.998100 -0.423613 -0.169713 1.288493 1.891780 2.591872 4.845943 0.717385 -0.166499
0.330184 -0.459960 0.207266 1.722837 1.734724 0.664605 0.011035 -0.642276 -0.921721 -0.899271 -0.590264 -0.668218 -0.430417 -0.349444 -0.153161 -0.293260 1.496284 -0.525389 -0.113594 1.156989 3.062559 1.357538 -0.661577 -1.091279 -0.840788 -0.724346 -0.626034 -0.326229 -0.393435 -0.329912 -0.366093 -0.370936 -0.224686 0.281407 1.948424 0.857698 -0.471962 -0.981477 -0.720323 -0.573375 -0.345355 -0.237165 -0.320835 -0.285777 -0.274717 -0.245967 -0.277852 -0.183037
-0.043051 1.191347 0.985304 1.649150 0.205173 -0.847799 -1.058950 -0.999392 -0.989274 -0.582840 0.044938 0.803482 0.760800 1.744244 0.503414 0.263157 1.055476 0.674191 1.718074 1.419113 0.853959 -0.695098 -1.206512 -1.285814 -0.887476 -0.733023 -0.445380 -0.138856 0.947318 2.829269 2.613971 5.037391 -0.192960 0.822633 0.967956 -0.275776 -1.149498 -1.207437 -0.891522 -0.715891 -0.331691 -0.159793 -0.059863 -0.163785 -0.258365 -0.191101 0.286154 6.427778
-0.442570 -0.505268 -0.112667 0.390132 -0.072150 -0.384462 -0.445966 -0.162791 0.277521 0.609051 0.288072 0.450172 0.208329 0.259629 0.211603 0.156946 1.145437 -0.512087 -0.082986 0.569595 0.361145 -0.158587 -0.334009 -0.195941 -0.005145 0.349688 0.223753 -0.150422 -0.049796 0.087036 -0.169135 -0.285015 -0.435664 -0.292449 0.452188 -0.241825 -0.652193 -0.051262 1.117159 2.394056 0.893108 0.042565 -0.213909 -0.320341 -0.355662 -0.287116 -0.290335 -0.183037
0.114654 -0.683016 -0.775562 -1.117678 -1.188771 -1.115311 -0.424621 0.625862 1.976100 1.734410 0.504473 0.933114 0.464131 0.297696 -0.125490 -0.275822 0.785594 -0.594317 -0.692736 -1.107416 -1.151115 -0.931537 -0.243523 1.119782 0.694081 0.834337 0.793052 0.360035 0.705081 -0.172755 -0.197679 -0.266438 -0.645055 -0.924169 -1.490591 -1.077103 -0.165378 1.432767 2.344988 1.904423 1.464515 0.801409 0.976776 0.014120 -0.291070 -0.272776 -0.288065 -0.183037
-0.100876 -0.428593 -0.342953 0.184918 0.445845 0.995644 0.275932 -0.322619 -0.274743 -0.238011 -0.182283 -0.190361 -0.085312 -0.123761 -0.090271 -0.343987 -1.391456 -0.146893 -0.281135 -0.050841 0.132253 0.539636 0.767488 0.282331 -0.302416 -0.284321 -0.244521 -0.280735 -0.573704 -0.541593 -0.480272 -0.380224 0.795302 0.040814 0.632622 0.569727 0.051091 -0.123785 -0.130811 -0.181104 -0.391316 -0.410757 -0.547374 -0.394553 -0.367927 -0.286493 -0.290335 -0.183037
-0.058821 -0.086342 -0.060030 0.025659 -0.447819 -0.070907 0.084922 -0.218231 -0.008709 0.166859 0.016934 0.178200 0.320337 0.759939 0.797741 0.228282 -0.761731 0.394853 0.162686 0.242857 -0.326136 -0.293445 0.310511 0.075934 -0.153234 0.074517 0.175024 -0.030904 0.102306 -0.288217 -0.303295 -0.357003 1.030074 0.151322 -0.287135 -0.130564 -0.155842 0.154321 0.755395 1.292029 0.114255 -0.270892 -0.413263 -0.343723 -0.340945 -0.281505 -0.290335 -0.183037
-0.915685 -0.371435 0.371756 0.616740 0.289469 -0.468387 -0.828534 -0.876524 -0.703740 -0.263163 0.065942 0.830171 1.423764 2.573562 2.329751 1.331604 1.037484 -0.498786 0.107108 0.333168 0.667946 0.035818 -0.485155 -0.462597 -0.294757 0.220160 0.648053 0.218927 0.738881 0.167218 -0.203388 -0.329137 -0.202478 -0.647900 -0.015350 0.204038 0.310471 0.715926 0.914974 0.618959 -0.110581 -0.317514 -0.491192 -0.364055 -0.363838 -0.286493 -0.290335 -0.183037
-1.909227 -0.571488 -0.894817 -0.643863 0.191734 1.018374 0.480078 -0.225224 -0.571420 -0.595010 -0.320398 0.131177 0.977247 3.264207 1.748644 0.014275 0.407759 -0.633013 -0.397124 1.054929 1.866158 0.633627 -0.631246 -0.984521 -0.667531 -0.235980 0.852477 0.363890 0.310742 -0.246522 -0.471708 -0.380224 -0.986108 -0.850208 -0.253091 0.831109 0.443022 -0.082429 -0.001443 1.074727 1.258312 0.212189 -0.257405 -0.368121 -0.367927 -0.284622 -0.290335 -0.183037
1.297442 0.533334 0.681820 0.054975 -0.003736 0.963589 0.958424 0.149873 -0.878543 -0.995011 -0.732834 -0.919856 -0.727086 -0.727396 -0.568238 -0.431175 -0.302931 0.620984 0.922257 -0.013394 -0.417935 -0.583593 -0.451792 -0.056920 0.265135 1.147933 -0.175587 -0.428783 -0.790590 -0.602532 -0.431746 -0.363969 -0.519737 0.256173 -0.564594 -0.948252 -1.057952 -0.804064 -0.357010 0.188590 0.573865 0.604010 1.928237 1.266571 1.002411 0.969183 0.856968 0.034968
-1.819860 -0.502480 -0.875079 -1.328439 -1.332930 -1.409633 -1.057855 -0.460471 0.891071 2.168488 2.026922 4.570425 1.703783 -0.199895 -0.515410 -0.502510 1.154433 -0.591898 -0.831279 -1.100073 -1.078642 -1.043042 0.011757 1.161062 1.403885 1.229740 -0.525010 -0.444976 -0.793407 -0.634605 -0.497399 -0.387191 -0.023227 -0.761018 -0.852266 -0.009895 1.771394 2.254497 -0.328348 -0.972701 -0.698137 -0.483170 -0.612617 -0.401669 -0.370379 -0.287116 -0.290335 -0.183037
-0.064078 -0.175564 -0.104443 0.646848 1.160531 0.887823 0.095321 -0.299644 -0.566545 -0.714280 -0.450876 -0.434373 -0.339600 -0.341287 -0.304098 -0.329720 0.992504 -0.021130 0.197322 1.100452 1.754430 0.796507 -0.266271 -0.730202 -0.718596 -0.575605 -0.463208 -0.259916 -0.303300 -0.240108 -0.263332 -0.324492 0.581152 0.398441 1.483723 0.299755 -0.311279 -0.512773 -0.508068 -0.453436 -0.252191 -0.248077 -0.295463 -0.309159 -0.318869 -0.284622 -0.290335 -0.183037
-0.121903 -0.284304 1.167066 0.985967 -0.130180 -0.192133 -0.045885 -0.088371 0.050487 0.219597 -0.146641 -0.457249 -0.534857 -0.768182 -0.608488 -0.481902 -1.319487 -0.115452 1.035024 0.935247 -0.172132 -0.262504 -0.435616 -0.527600 -0.361141 0.044769 0.657561 0.404758 0.969851 0.369277 -0.220515 -0.350036 -0.418214 0.493286 -0.162874 -0.735138 -0.746600 -0.493593 -0.121515 0.556873 0.669514 0.580203 1.159819 0.516320 0.289443 0.164279 0.425737 0.152240
0.982032 2.928391 1.653134 0.926542 -0.772787 -1.405553 -1.109302 -0.707206 -0.441188 -0.147950 -0.029529 0.207431 0.277956 0.449964 -0.002224 -0.153759 0.983508 1.922141 2.560609 1.686378 -0.208972 -1.386900 -1.185786 -0.706004 -0.399440 -0.022784 0.339039 0.068566 0.468478 0.186462 0.022115 -0.217673 -0.139026 0.922264 1.105267 -0.510161 -1.287294 -0.535549 0.300672 1.067672 0.678209 0.268730 0.195672 -0.122104 -0.247736 -0.255319 -0.289200 -0.183037
0.803299 2.145606 2.420480 0.023282 -0.844867 -0.945712 -0.299288 -0.114343 -0.019155 -0.195820 -0.301304 -0.515711 -0.622646 -0.779058 -0.641191 -0.508851 0.146873 0.575032 2.800642 1.628372 -0.511545 -1.071065 -0.612543 -0.161305 -0.183143 -0.115128 -0.158948 -0.306181 -0.669472 -0.564044 -0.451727 -0.377902 0.268652 2.541157 -0.663321 -1.331531 -1.205760 -0.343152 0.767015 1.743564 0.883171 0.193342 -0.112420 -0.319325 -0.343398 -0.279635 -0.283526 -0.183037
0.172479 -0.667680 -0.757468 -0.508374 0.577176 0.190777 0.117213 0.767210 1.033838 0.251240 -0.338856 -0.656780 -0.624160 -0.792653 -0.646222 -0.505681 1.037484 -0.682592 -0.660517 -0.801237 0.053741 1.218594 0.650716 0.717426 -0.059857 -0.391538 -0.586813 -0.422614 -0.787773 -0.573666 -0.468854 -0.359325 -0.621260 -0.829324 -0.810845 0.343523 1.713224 1.129488 0.376588 -0.301043 -0.545347 -0.460355 -0.560060 -0.383370 -0.359750 -0.284622 -0.290335 -0.183037
0.314414 -0.679530 -0.745131 -0.846700 -0.581593 0.285776 1.685795 1.348086 0.424467 -0.375131 -0.499884 -0.727951 -0.636269 -0.675733 -0.593394 -0.494584 -2.875808 -0.282329 -0.767646 -1.124303 -1.125750 -1.037204 -0.463418 0.717426 1.292272 1.529082 0.882190 -0.115723 -0.339917 -0.374814 -0.411764 -0.319848 -0.743405 -0.773200 -0.602609 0.287075 1.725621 1.211002 0.010951 -0.433681 -0.515535 -0.388934 -0.527438 -0.371171 -0.358933 -0.287116 -0.290335 -0.183037
-0.237554 -0.541515 -0.424376 -0.441025 -0.014120 0.465283 0.633324 0.165856 0.075558 -0.030302 -0.118636 -0.147150 -0.106503 -0.058503 0.002807 -0.076083 -1.751299 -0.186798 -0.470423 -0.515616 -0.443300 0.163086 0.889821 0.483035 -0.013899 -0.062448 -0.073375 -0.174326 -0.094864 -0.092573 -0.209097 -0.291982 0.211545 -0.327690 -0.046557 0.337388 0.501669 0.228642 0.174403 0.168835 -0.050956 -0.171697 -0.288214 -0.304076 -0.327863 -0.280881 -0.290335 -0.183037
1.066141 -0.270363 0.379981 2.330557 1.877050 0.175041 -0.270828 -0.586336 -0.842329 -0.904950 -0.620814 -0.748285 -0.572697 -0.626790 -0.480191 -0.370936 1.046480 -0.155357 0.146577 1.647463 2.291935 0.403027 -0.405285 -0.746809 -0.718596 -0.692119 -0.645050 -0.356301 -0.483569 -0.313876 -0.234787 -0.185162 -0.361108 -0.271566 0.899300 0.765662 -0.107208 -0.126182 -0.110670 -0.140184 -0.288214 -0.256012 -0.293651 -0.255279 -0.283711 -0.233497 -0.205223 -0.183037
-0.405772 -0.568700 -0.978707 -1.351416 -0.604805 2.181672 1.080474 0.216801 0.079737 -0.012452 -0.422234 -0.492834 -0.327491 -0.191738 -0.153161 -0.115714 1.010496 -0.607618 -0.849806 -1.160281 -0.296543 4.079207 1.235081 -0.442669 -0.790087 -0.754714 -0.684271 -0.344735 -0.477936 -0.342741 -0.391783 -0.373258 -0.454699 -0.802785 0.403392 3.058380 0.341463 -1.155892 -0.977509 -0.981168 -0.595035 -0.425636 -0.541937 -0.395570 -0.369562 -0.287116 -0.290335 -0.183037
-2.166811 -0.527574 -0.799413 -1.071723 -1.105086 -1.022644 -0.697180 -0.323119 0.600662 1.816357 1.653311 2.777187 1.516095 0.836073 0.108463 -0.408982 0.776598 -0.472182 -0.593662 -0.707253 -0.707825 -0.282353 0.777598 1.260227 0.412494 -0.015347 -0.359807 -0.421843 -0.756790 -0.592910 -0.485981 -0.387191 0.570048 -0.419054 0.010183 1.225841 1.155842 -0.179526 -0.618844 -0.995278 -0.688199 -0.472258 -0.585432 -0.396586 -0.367927 -0.287116 -0.290335 -0.183037
-1.162756 -0.502480 -0.463031 -0.353076 0.219222 0.816137 0.730744 0.196823 0.112469 -0.113873 -0.228746 -0.344139 -0.404685 -0.539779 -0.480191 -0.431175 -0.851692 -0.402045 -0.505059 -0.433381 -0.269366 0.705435 1.120331 0.566068 -0.175848 -0.365509 -0.394274 -0.357843 -0.613138 -0.432545 -0.417473 -0.373258 0.238512 -0.273741 0.403392 0.671171 0.456373 0.066214 -0.140881 -0.295399 -0.392558 -0.359176 -0.469445 -0.354906 -0.350756 -0.284622 -0.290335 -0.183037
-0.453084 -0.266181 0.945004 1.202274 -0.314655 -0.161826 -0.245104 -0.399037 -0.120137 -0.316713 -0.144731 0.300206 0.362718 0.944836 -0.130521 -0.221924 1.073469 -0.596735 -0.162729 1.916196 0.274178 0.400108 -0.046882 -0.157509 -0.292933 -0.138059 -0.514314 -0.444205 -0.770873 -0.519142 -0.371802 -0.343070 -0.741819 -0.818883 1.045690 0.761980 0.775353 0.736305 -0.522012 -0.920493 -0.602488 -0.433572 -0.550998 -0.382354 -0.367109 -0.284622 -0.289200 -0.183037
0.398523 -0.562426 -0.348710 -0.404578 -0.510736 -0.539490 -0.092406 0.384122 0.744822 2.665853 -0.038440 -0.478854 -0.528802 -0.708362 -0.555660 -0.412152 0.155869 -0.504832 -0.265831 -0.359222 -0.443300 -0.436475 -0.559970 -0.665199 -0.272507 0.893213 2.288203 2.135839 0.564246 -0.285010 -0.394638 -0.352358 -1.458824 -0.400781 -0.779638 -0.828401 -0.952578 -0.875988 -0.432926 0.075706 0.585045 0.642696 1.556714 1.020554 1.256692 1.256605 2.812262 0.289056
1.581311 2.406302 1.315929 1.533469 1.156866 0.618563 -0.644639 -1.106277 -1.333308 -1.218136 -0.772932 -0.969421 -0.784603 -0.904136 -0.691503 -0.526289 0.317798 0.573823 1.079326 1.698860 1.531577 0.985074 -0.104509 -1.007771 -0.907537 -0.879905 -0.864926 -0.458855 -0.807490 -0.647434 -0.491690 -0.382546 -0.238963 0.889199 0.397151 0.290347 0.337172 0.074006 -0.549125 -0.783621 -0.601246 -0.426628 -0.525626 -0.387437 -0.367927 -0.285869 -0.288065 -0.183037
0.750731 0.191780 0.963098 1.306862 1.398760 0.361542 -0.364965 -0.669247 -0.870186 -0.859514 -0.559076 -0.713971 -0.454635 -0.379354 -0.029896 0.093537 0.668645 0.155421 0.892454 1.236287 1.493529 0.551896 -0.477573 -0.845974 -0.717137 -0.645638 -0.532142 -0.334711 -0.246966 -0.044463 0.227636 0.525421 -0.269103 0.080840 0.325091 0.429424 -0.032350 -0.112996 -0.103698 -0.131717 -0.177659 -0.196495 -0.197599 -0.192250 -0.201949 -0.107556 0.028550 -0.183037
-0.978767 -0.489236 -0.745954 -0.294444 0.092777 -0.336088 -0.208982 -0.215734 0.033076 0.489781 0.487289 1.517727 1.133150 0.898612 -0.100333 -0.388374 0.839571 -0.480647 -0.492171 0.252402 0.904085 0.405946 -0.069124 -0.234848 -0.109463 0.122238 0.081132 -0.232157 -0.523003 -0.506313 -0.451727 -0.352358 -0.768786 -0.880227 -1.073552 0.461329 0.933175 0.792046 0.955256 1.176323 0.059599 -0.277835 -0.460383 -0.343723 -0.352392 -0.276517 -0.286930 -0.183037
-0.489882 -0.480174 -0.078947 -0.023466 -0.353749 -0.527251 -0.345809 -0.216234 0.323485 0.580653 0.307803 0.896258 0.709337 0.743624 0.528571 0.214015 0.164865 -0.581015 -0.545333 -0.288001 -0.420350 -0.487850 -0.340581 -0.003304 0.313647 0.688694 0.965386 0.245915 1.059986 0.295510 -0.023557 0.420923 -0.927415 -0.895020 -1.045749 -0.675417 -0.014231 1.745636 1.974702 1.924178 0.536600 -0.049686 0.032564 -0.089573 -0.207672 -0.223522 -0.272178 -0.178527
0.671879 0.699231 0.062515 -0.128054 1.288197 0.430897 -0.247294 -0.408527 -0.438403 -0.385679 -0.372589 -0.536045 -0.416794 -0.077537 -0.057568 -0.293260 -0.977637 0.189280 0.780492 -0.035421 -0.545969 0.791837 1.363480 -0.320729 -0.515795 -0.382242 -0.376446 -0.320831 -0.500469 -0.525557 -0.491690 -0.382546 -0.010536 0.351453 0.978169 0.460920 -0.333212 -0.336559 0.015599 0.146259 -0.241011 -0.360167 -0.525626 -0.388453 -0.366291 -0.287116 -0.290335 -0.183037
-0.705412 -0.478780 -0.075657 1.486722 0.353607 -0.292960 -0.518211 -0.662754 -0.567241 -0.428681 -0.239566 -0.075980 0.297633 1.216743 2.719672 2.041788 -0.968641 -0.316188 -0.116816 1.499880 0.475290 -0.322051 -0.797052 -0.885356 -0.589475 -0.348775 0.032403 0.069337 0.975485 1.479000 2.668206 4.640300 -0.595879 0.102159 0.709788 -0.601379 -0.935890 -0.678797 -0.312080 0.181535 0.342818 0.223101 0.598004 0.252004 0.165164 0.358803 1.635454 0.649892
0.067343 -0.174867 0.349550 0.385378 -0.439267 -0.807002 -0.747532 -0.549376 -0.078351 0.527103 0.888904 2.052775 0.333960 0.207966 -0.065115 0.120486 -0.392892 -0.166241 0.281092 0.619523 -0.073690 -0.545062 -0.391637 0.323136 0.351216 -0.199414 -0.168456 -0.198229 -0.052613 0.013268 -0.023557 -0.189807 1.228360 0.684281 0.146927 0.120592 0.518834 -0.473215 -0.499547 -0.467547 -0.365230 -0.252045 -0.313586 -0.269511 -0.336039 -0.279635 -0.290335 -0.183037
0.209277 1.181588 1.873551 1.367872 0.425076 -0.236427 -0.624388 -0.761148 -0.846507 -0.741055 -0.500521 -0.597048 -0.380468 -0.221648 0.138650 0.472408 -1.958209 1.353792 1.639136 1.237755 0.486160 -0.164425 -0.677247 -0.840755 -0.616102 -0.416328 -0.271857 -0.184350 0.203707 0.417387 0.721459 0.787826 2.170620 1.480893 0.632054 -0.470893 -0.754229 -0.699775 -0.432926 -0.330675 -0.193808 -0.119123 -0.038116 -0.075341 -0.183143 -0.186737 -0.201819 -0.180030
-0.116646 -0.607734 -0.833956 -0.467965 -0.340921 -1.022061 -0.684592 0.497999 0.574895 1.048809 0.869174 1.325821 0.774422 0.341201 -0.057568 -0.122055 -0.518837 -0.400836 -0.779729 -0.815921 -0.469873 -0.576587 -1.086707 -0.858785 -0.249163 0.815124 4.110195 2.899211 0.885350 0.276266 0.056368 -0.178196 -1.086045 -0.714031 -0.661052 -0.810812 -1.087513 -0.470218 0.595816 2.183810 1.776305 0.505807 0.538198 0.174743 0.098937 0.335734 3.330875 0.328147
0.235561 -0.604946 -0.843003 0.633379 4.715027 -0.735316 -1.324941 -1.220655 -1.261576 -0.948764 -0.469970 -0.124274 0.741123 2.220082 2.266861 1.689866 -0.158994 -0.400836 -0.666155 -1.091997 -1.405977 -1.398576 0.060286 3.560964 -0.735740 -0.380383 0.596947 0.329192 1.685295 1.639364 1.058286 -0.036544 -1.228811 -0.891104 -1.545062 -1.582687 -1.605798 -1.221822 -0.470884 1.002764 1.391226 1.625721 4.715565 6.930048 2.568979 -0.186113 -0.215437 -0.169506
2.438175 1.991558 0.526377 0.390925 0.730498 0.834787 -0.155893 -0.566857 -1.028274 -1.022598 -0.685098 -0.865208 -0.672596 -0.664857 -0.550629 -0.413737 -0.410884 1.490438 0.723302 0.413201 0.865433 1.242529 -0.164665 -0.378615 -0.737928 -0.751616 -0.750828 -0.421843 -0.613138 -0.467826 -0.428891 -0.363969 0.616050 1.258138 1.426983 0.399972 -0.456227 -0.835831 -0.776873 -0.854173 -0.571433 -0.400838 -0.525626 -0.382354 -0.364656 -0.286493 -0.290335 -0.183037
0.356469 -0.624463 -0.735262 -1.054291 -0.745910 2.904946 1.503542 -0.619301 -0.774079 -0.090343 0.187509 -0.097585 -0.500043 -0.822563 -0.638675 -0.516777 0.785594 -0.495158 -0.577552 -0.955427 -1.268883 -1.365299 -1.361197 -0.344453 3.524908 1.192555 -0.106654 -0.391771 -0.762423 -0.618568 -0.468854 -0.380224 -1.333507 -0.694018 -1.443497 -1.540146 -1.544290 -1.145103 -0.286516 1.203133 0.745288 0.391732 1.752443 3.432945 6.600683 0.218521 -0.261964 -0.180030
-1.162756 -0.527574 -0.760758 -0.815007 -1.288950 -1.386320 -1.019544 0.096431 2.021368 2.871939 1.581389 1.314383 -0.191265 -0.656700 -0.578300 -0.432760 0.875555 -0.542319 -0.737843 -0.763790 -1.023684 -1.312757 -0.649445 1.025361 1.392213 1.537139 0.341416 -0.392542 -0.720173 -0.528764 -0.394638 -0.329137 -0.413455 -0.856299 -1.310158 -1.294717 -0.571136 1.614375 3.041403 4.674307 1.342781 -0.255021 -0.520189 -0.363038 -0.339310 -0.267165 -0.278986 -0.183037
0.514174 0.766148 0.991061 0.935258 -0.405060 -0.716083 -0.748080 -0.670246 -0.641759 0.141706 0.666775 1.343614 0.408127 -0.403826 -0.505347 -0.412152 -0.176986 0.607682 1.200954 1.720887 0.044078 -0.370506 -0.558959 0.005711 0.097715 -0.553914 -0.843532 -0.452687 -0.714539 -0.576873 -0.434600 -0.357003 1.845429 1.935975 0.150899 -0.077797 0.286154 -0.724948 -1.025538 -1.086996 -0.677019 -0.467298 -0.569122 -0.382354 -0.360568 -0.287116 -0.290335 -0.183037
0.140938 0.511028 2.371133 1.671335 0.210059 -0.443909 -0.688970 -0.859542 -1.001114 -0.778378 -0.438783 -0.264073 -0.079258 0.327606 0.626680 0.986023 0.317798 0.593171 2.612160 1.994760 0.442073 -0.403783 -0.664104 -0.975032 -0.766743 -0.615889 -0.365750 -0.168928 0.183990 0.410972 0.478829 0.242116 1.499617 1.933800 0.632622 -0.637784 -0.772347 -0.546337 -0.432926 -0.356074 -0.168964 -0.132018 -0.246531 -0.248163 -0.257547 -0.201077 -0.221111 -0.183037
0.529944 -0.048702 0.263193 0.872663 0.342612 -0.396118 -0.484825 -0.492437 -0.497599 -0.480608 -0.312760 -0.194173 0.019127 0.933960 2.209002 1.989475 -1.166554 -0.275074 -0.082180 -0.110314 0.239150 0.063840 -0.261216 -0.469240 -0.481874 -0.287419 -0.009195 0.071650 0.736065 1.017150 1.740504 4.925927 -0.610156 -0.118421 0.214448 -0.187831 -0.278380 -0.269431 -0.163346 0.164602 0.213630 0.066372 0.304410 0.072066 0.055603 0.186724 0.595960 0.744612
-2.292975 -0.174170 -0.617652 -0.147862 0.604664 -0.410105 -0.993820 -0.920976 -0.951667 -0.641258 -0.270117 0.140073 0.906107 2.932480 5.081835 5.977920 0.011932 0.055053 -0.450286 0.293519 0.925827 -0.614534 -1.101367 -1.169093 -0.737199 -0.361170 0.392522 0.526589 3.071114 4.804960 5.879482 2.826688 1.018969 1.065402 -0.162874 -1.226405 -1.409355 -1.045009 -0.382574 0.455278 1.050866 1.292425 3.749605 1.697609 -0.065406 -0.239109 -0.269908 -0.183037
-1.709467 -0.569397 -0.782142 -0.807083 -1.234585 -1.411381 -1.104924 -0.651266 0.372932 2.295872 2.392895 3.519392 1.667456 0.479874 -0.273911 -0.294845 0.974512 -0.527808 -0.591246 -0.730749 -1.059920 -1.280648 -0.754590 0.331677 1.251420 2.048436 1.047394 -0.212880 -0.461036 -0.416509 -0.351821 -0.289660 0.200441 -0.783207 -1.313562 -1.139278 -0.302220 1.677908 3.183165 2.934487 0.470764 -0.181616 -0.400577 -0.348806 -0.328681 -0.269659 -0.290335 -0.183037
0.782272 2.116330 3.002775 1.550901 0.282750 -0.318603 -0.980138 -1.114768 -1.192630 -1.022598 -0.644364 -0.735576 -0.465230 -0.349444 0.110978 0.426436 -0.051041 2.237757 3.654454 1.896371 0.168489 -0.468001 -0.844570 -1.119747 -0.841882 -0.729924 -0.628411 -0.352446 -0.449769 -0.172755 0.256181 0.427890 1.839084 2.899654 0.485098 -0.659055 -0.918725 -0.956303 -0.829550 -0.769511 -0.480753 -0.322473 -0.328085 -0.272561 -0.202766 -0.144341 -0.189336 -0.183037
1.197562 -0.704624 -0.838891 -1.051914 2.396877 5.207065 -0.999294 -1.149731 -1.297790 -1.089941 -0.718195 -0.816913 -0.595401 -0.583285 -0.236177 0.126827 -0.437872 -0.403254 -0.750731 -1.115492 -1.325049 -1.421928 -1.460781 -0.899116 4.715453 0.388733 -0.729435 -0.410277 -0.565254 -0.355570 -0.000721 0.348936 -1.776083 -0.783207 -1.480946 -1.562644 -1.617718 -1.342295 -0.899269 -0.770922 -0.359019 -0.246093 0.146740 0.236755 1.385059 6.026802 6.239418 0.081576
0.020031 -0.183232 0.303493 0.404394 0.268700 -0.122195 -0.341978 -0.298645 -0.255243 -0.138213 -0.130092 0.152782 0.273415 0.792568 0.541149 0.485089 -0.536829 -0.294422 0.091804 0.191460 0.233714 0.012466 -0.264755 -0.347299 -0.342539 -0.084760 0.293876 0.152614 0.947318 1.366745 1.069704 0.625274 0.340035 -0.122337 0.160545 -0.111748 0.080652 0.281386 0.371941 0.414358 0.187544 -0.050678 -0.030866 -0.216648 -0.323775 -0.281505 -0.290335 -0.183037
-0.326920 0.010547 0.682642 1.330632 1.061574 0.570189 -0.580604 -0.673243 -0.630616 -0.478174 -0.373862 -0.281865 -0.209429 -0.256996 -0.241208 -0.217168 -0.716750 -0.096104 -0.076542 0.506450 1.413809 1.094244 -0.434099 -0.771956 -0.539139 -0.279982 -0.066244 -0.135000 -0.063880 0.093450 0.004988 -0.029577 0.631913 -0.020966 1.274352 0.756663 -0.289823 -0.477410 -0.405813 -0.382884 -0.293183 -0.274860 -0.364331 -0.285777 -0.340127 -0.285246 -0.290335 -0.183037
3.016426 2.677454 2.357974 1.671335 0.365213 -0.519675 -0.921029 -0.963431 -1.143881 -1.029089 -0.670459 -0.805475 -0.605997 -0.575127 -0.339317 -0.223509 -0.554821 1.683918 2.295605 1.861862 0.937302 -0.014389 -0.775821 -0.984521 -0.803583 -0.726206 -0.610584 -0.364012 -0.492019 -0.265766 -0.086355 0.033121 1.347333 1.922488 1.307261 -0.301955 -0.855311 -0.877187 -0.697858 -0.634050 -0.449699 -0.305610 -0.366143 -0.292893 -0.288617 -0.237238 -0.249481 -0.169506
0.335441 1.736439 0.720475 0.711027 -0.309768 -0.972522 -1.085221 -0.975917 -0.925900 -0.536592 -0.072173 1.083080 2.018616 3.345780 0.802773 0.242549 -0.428876 1.848377 1.018915 0.735533 0.245189 -0.822950 -1.072553 -0.864953 -0.225819 1.103310 0.180967 -0.186663 0.076955 0.109487 0.107749 0.070276 2.754377 1.827643 -0.318909 -0.848035 -0.023291 -0.149557 -0.474758 -0.425215 -0.331691 -0.241133 -0.288214 -0.237997 -0.295158 -0.279635 -0.289200 -0.183037
0.077856 -0.662104 -0.789544 -0.038520 1.905760 1.073159 -0.636429 -0.578345 0.092969 0.668280 0.204694 -0.703803 -0.728600 -0.904136 -0.696534 -0.524704 -0.024053 -0.495158 -0.786978 -1.204336 -1.329881 -1.323849 -0.309239 2.285097 1.821160 0.192891 -0.635542 -0.478132 -0.869458 -0.663470 -0.494544 -0.384869 -1.620626 -0.846292 -1.559814 -1.592504 -1.463711 -0.347348 0.958355 1.481109 0.869507 1.081139 4.217180 3.468526 2.596778 0.394964 -0.278986 -0.181534
0.424807 -0.683016 -0.397235 0.062899 0.641314 0.508994 0.356386 0.109916 0.304682 -0.151195 -0.351585 -0.556379 -0.459176 -0.512589 -0.354411 -0.190220 -1.274507 -0.357303 -0.700791 -0.633095 -0.044097 0.347566 0.112353 0.128126 0.037896 0.264162 0.626660 0.009192 0.172723 -0.012390 -0.094919 0.142263 -0.081920 -0.312897 0.298423 0.144317 0.282340 0.471984 0.243348 0.192823 -0.147847 -0.257996 -0.322648 -0.265445 -0.246918 -0.276517 -0.286930 -0.183037
-0.232297 -0.485054 0.783804 0.786299 0.040856 -0.173483 0.216276 0.171350 0.126397 -0.119552 -0.212197 -0.475042 -0.444040 -0.531622 -0.585847 -0.504096 0.236834 -0.348838 0.725719 0.361804 0.022940 0.148491 0.075451 0.103928 -0.183873 -0.136819 -0.273045 -0.273795 -0.359634 -0.368400 -0.323276 -0.294304 -0.297656 0.511559 0.372185 -0.201739 0.020098 0.386275 0.224756 0.158958 -0.236042 -0.276843 -0.427762 -0.331524 -0.331951 -0.268412 -0.284661 -0.183037
-0.342690 -0.402105 -0.112667 0.383001 0.394534 0.321910 0.422063 -0.005959 -0.219029 -0.418133 -0.361769 -0.247551 -0.156452 0.004036 0.025447 0.036469 -1.427440 -0.312560 -0.492977 -0.589040 0.456567 0.936035 0.478339 -0.083965 -0.253540 -0.207471 -0.075752 -0.097217 0.034705 0.051756 -0.060665 -0.196773 -0.246894 -0.396430 0.391477 0.401199 0.159325 0.190283 0.347152 0.304296 -0.080768 -0.167729 -0.248343 -0.298993 -0.343398 -0.284622 -0.290335 -0.183037
1.292185 0.509634 1.165421 1.401150 0.763483 0.071883 -0.456365 -0.688227 -0.757365 -0.627465 -0.393593 -0.466145 -0.248783 -0.229805 -0.226114 -0.220339 -1.301495 -0.040478 0.042669 0.321421 0.717469 0.342312 0.026922 -0.182182 -0.327949 -0.261390 -0.150629 -0.131916 0.040338 -0.047670 -0.117754 -0.222317 1.110975 0.680366 1.223286 0.223672 -0.372310 -0.482205 -0.458490 -0.483068 -0.340386 -0.313546 -0.435011 -0.356939 -0.359750 -0.282752 -0.286930 -0.180030
2.222644 1.667431 1.988694 1.630134 0.149586 -0.326763 -0.706484 -0.817088 -0.946096 -0.823003 -0.553985 -0.589423 -0.386522 -0.248838 -0.122974 0.087196 -1.994193 0.138491 0.773242 1.388275 0.828593 -0.138154 -0.464429 -0.621072 -0.456341 -0.252093 0.028837 -0.098759 0.212157 0.202498 0.044950 -0.101564 1.420302 1.490465 1.205129 -0.286412 -0.599268 -0.639239 -0.591731 -0.509878 -0.359019 -0.242125 -0.331709 -0.328474 -0.344215 -0.285869 -0.290335 -0.183037
1.197562 2.625872 1.218058 0.741136 0.513037 -0.049343 -0.703748 -0.761648 -0.880632 -0.841664 -0.544437 -0.637717 -0.404685 -0.441893 -0.281458 -0.245703 -0.284939 1.965675 1.491733 1.367716 0.905897 0.116966 -0.592322 -0.859260 -0.705830 -0.605354 -0.471527 -0.306952 -0.368084 -0.179169 -0.112045 -0.217673 1.875569 2.096081 1.218747 -0.263096 -0.972604 -0.964095 -0.728070 -0.679204 -0.424855 -0.312554 -0.404202 -0.303059 -0.345851 -0.284622 -0.290335 -0.183037
0.766502 -0.472507 0.042776 0.633379 0.848390 0.871505 0.328474 -0.181771 -0.441188 -0.506572 -0.428599 -0.519523 -0.451608 -0.667576 -0.598425 -0.504096 -3.010750 -0.279911 -0.691931 -0.948819 -0.802039 -0.393274 0.039560 0.292770 0.211882 0.622381 1.140098 0.343071 1.212088 0.837542 0.413177 0.460400 -0.204064 -0.445593 -0.094786 0.150043 0.407262 0.447410 0.399054 0.520186 0.113013 -0.053654 -0.126919 -0.265445 -0.333586 -0.281505 -0.290335 -0.183037
0.193507 1.759441 1.057680 0.860778 0.327952 -0.162409 -0.393972 -0.594827 -0.683544 -0.574726 -0.433054 -0.463604 -0.304787 -0.338568 -0.289005 -0.166441 -0.194978 3.263204 1.335469 1.092375 0.453548 -0.152749 -0.503859 -0.752977 -0.628138 -0.522306 -0.445380 -0.310807 -0.444135 -0.291425 -0.166280 -0.182840 2.249935 2.086944 0.569640 -0.443077 -0.730865 -0.688387 -0.551449 -0.566320 -0.411191 -0.341320 -0.396952 -0.298993 -0.331951 -0.247837 -0.258560 -0.183037
2.133278 2.148394 2.229672 0.934465 -0.070929 -0.568048 -0.693349 -0.850552 -0.908489 -0.762151 -0.477608 -0.448353 -0.204888 -0.066660 0.078275 0.250475 -0.563817 0.833813 2.244054 1.660679 0.160034 -0.345403 -0.705050 -0.867326 -0.589110 -0.406412 -0.111408 -0.079482 0.412143 0.430216 0.230491 -0.043510 2.811483 1.974261 0.988949 -0.535113 -0.982617 -0.910751 -0.651379 -0.426626 -0.217409 -0.187568 -0.230220 -0.284760 -0.340945 -0.283999 -0.290335 -0.183037
1.875693 0.386256 1.808577 2.146735 0.920470 -0.116949 -0.566374 -0.823082 -0.978132 -0.850589 -0.508795 -0.608486 -0.350195 -0.433736 -0.372020 -0.274237 -2.246083 -0.155357 -0.224751 0.661375 1.188540 1.074979 0.180596 -0.428435 -0.536586 -0.521067 -0.459642 -0.281506 -0.379351 -0.333119 -0.297586 -0.233928 1.858120 0.928355 1.660184 0.071506 -0.625015 -0.766304 -0.681591 -0.610062 -0.417402 -0.352232 -0.442260 -0.323391 -0.337674 -0.287116 -0.290335 -0.183037
1.723245 1.448558 1.628460 0.802938 0.659640 0.453626 -0.959887 -1.030858 -0.983703 -0.752414 -0.409505 -0.349223 -0.204888 -0.069379 0.038026 -0.057060 -0.212970 0.038123 1.147792 1.660679 1.253765 1.235524 -0.840020 -1.071825 -0.726256 -0.566929 -0.385954 -0.284590 -0.308933 -0.150304 -0.234787 -0.296626 2.416496 1.589660 1.790119 -0.211147 -1.058905 -0.959300 -0.742014 -0.700369 -0.443488 -0.296683 -0.440448 -0.363038 -0.364656 -0.287116 -0.290335 -0.183037
-0.053564 -0.655134 -0.925248 -1.111339 -0.862581 -0.011460 0.946931 1.897995 1.246944 0.122234 -0.585172 -0.722867 -0.540911 -0.610475 -0.517926 -0.453368 0.596677 -0.636641 -0.861888 -1.195525 -1.038179 -0.446400 1.378645 2.788042 0.004339 -0.747277 -0.698534 -0.395626 -0.596237 -0.480655 -0.431746 -0.357003 -0.768786 -0.888494 -1.038373 -0.023802 3.010603 1.400401 -0.740464 -0.864051 -0.508082 -0.380998 -0.467632 -0.357955 -0.351574 -0.284622 -0.290335 -0.183037
0.056829 -0.424411 -0.458919 0.112023 1.281478 2.001583 0.920113 -0.393044 -0.960721 -1.021786 -0.678734 -0.791495 -0.587833 -0.621352 -0.495285 -0.428004 0.857563 -0.375442 -0.452703 0.271492 2.003252 2.610953 0.213454 -0.994485 -0.879087 -0.853875 -0.780541 -0.432638 -0.663838 -0.480655 -0.440309 -0.377902 -0.473735 -0.319858 1.506419 1.838596 0.035356 -0.884379 -0.908565 -0.957180 -0.619879 -0.428612 -0.511128 -0.372188 -0.366291 -0.285869 -0.290335 -0.183037
-0.395259 -0.570791 -0.880013 -1.298330 -1.238860 -0.920068 -0.303119 -0.155299 0.011487 0.127102 0.468831 2.765749 7.295085 0.604951 -0.062599 -0.045963 0.938527 -0.498786 -0.780534 -0.964973 -0.778485 -0.493688 -0.214710 -0.317407 -0.399440 -0.093436 1.714150 3.780559 2.831694 -0.124645 -0.266187 -0.354680 -0.965486 -0.711421 -1.040075 -0.798950 -0.388044 -0.105804 0.149614 0.134970 0.023575 0.061412 0.632438 1.393646 3.561575 0.591358 -0.285795 -0.183037
-1.730494 -0.460657 -0.889060 -1.337947 -1.452656 -1.399725 -1.045267 -0.689225 0.281700 2.634210 5.101733 1.391908 -0.318409 -0.526184 -0.560691 -0.485073 0.443743 -0.565295 -0.780534 -1.191119 -1.319614 -1.272475 -0.983584 -0.549901 0.581009 5.597772 1.061656 -0.291530 -0.525820 -0.525557 -0.437455 -0.366291 -0.508633 -0.889364 -1.546764 -1.345439 -0.754229 2.999508 5.150015 0.901169 -0.121761 -0.314538 -0.493005 -0.373204 -0.358933 -0.285869 -0.290335 -0.183037
-0.353204 -0.460657 -0.698252 -1.015467 -1.021400 -0.329094 0.711041 0.640346 1.174516 1.135625 0.422368 -0.060729 -0.463717 -0.781777 -0.676409 -0.515192 0.992504 -0.293212 -0.579163 -0.905499 -0.779693 0.379675 1.070286 1.021091 0.310729 -0.206851 -0.710419 -0.481988 -0.849741 -0.650641 -0.488835 -0.380224 -0.389661 -0.776246 -1.183628 -0.259414 1.460518 2.087874 1.081525 -0.234724 -0.658387 -0.481186 -0.603555 -0.399636 -0.366291 -0.286493 -0.290335 -0.183037
-0.142931 -0.239693 -0.556790 -0.593946 -0.262733 0.279947 0.802442 1.148800 0.847196 -0.257484 -0.576261 -0.851228 -0.710436 -0.808968 -0.656284 -0.499340 1.055476 0.277556 -0.279524 -0.348209 0.297128 1.255957 1.501988 0.147105 -0.710937 -0.840860 -0.856606 -0.478903 -0.804674 -0.612154 -0.468854 -0.375580 0.760403 -0.392080 -0.218479 0.729256 1.455750 0.358105 -0.698633 -1.006566 -0.680746 -0.468290 -0.583620 -0.390487 -0.366291 -0.286493 -0.290335 -0.183037
-0.416286 -0.455778 -0.695784 -0.799160 -0.630461 -0.459645 -0.164103 0.094932 1.259480 1.796885 1.163862 -0.397517 -0.516693 -0.643104 -0.485223 -0.396300 -0.158994 -0.312560 -0.607355 -0.882003 -0.789960 -0.591182 -0.374955 0.674249 1.233547 1.058068 -0.205300 -0.318518 -0.573704 -0.445374 -0.383220 -0.357003 -0.112059 -0.590906 -0.693961 -0.472120 0.155987 1.866708 2.154423 0.015031 -0.342870 -0.304618 -0.465820 -0.334574 -0.347486 -0.285246 -0.288065 -0.183037
-0.510909 -0.569397 -0.960613 -1.205627 -0.547997 1.622170 2.500736 1.217227 -0.666830 -0.926857 -0.657093 -0.902064 -0.760386 -0.909574 -0.696534 -0.527874 1.109453 -0.608828 -0.836112 -0.995077 -0.035038 3.464467 2.411899 -0.834587 -0.899877 -0.854495 -0.902958 -0.501265 -0.877908 -0.663470 -0.497399 -0.387191 -0.586362 -0.889364 0.217852 2.511481 1.214012 -0.953906 -0.939551 -1.051720 -0.714285 -0.500033 -0.618054 -0.401669 -0.370379 -0.287116 -0.290335 -0.183037
0.692906 -0.679530 -0.648905 -0.568591 0.139812 1.466559 0.119402 0.616372 1.407122 -0.552819 -0.737926 -0.894438 -0.727086 -0.789934 -0.613519 -0.489828 -1.409448 -0.366977 -0.771674 -1.083186 -0.979597 -0.610447 0.241762 2.675591 1.011049 -0.798097 -0.829270 -0.460397 -0.737073 -0.551215 -0.434600 -0.370936 -0.277034 -0.532607 -0.630412 0.080914 1.749938 0.637409 1.034271 -1.047487 -0.698137 -0.460355 -0.576371 -0.385404 -0.370379 -0.287116 -0.290335 -0.183037
-0.952483 -0.377708 -0.643148 -0.643070 -0.427050 0.185531 0.410570 0.215802 0.919625 0.887348 0.151230 -0.162401 -0.441012 -0.640385 -0.543082 -0.421663 0.803586 -0.149311 -0.443037 -0.296812 -0.042285 0.828616 0.854941 0.483984 -0.172201 -0.445457 -0.704476 -0.438036 -0.720173 -0.544800 -0.406056 -0.354680 -0.024813 -0.600043 -0.592964 -0.049163 1.364681 1.429171 0.355673 -0.460491 -0.580129 -0.426628 -0.536500 -0.369138 -0.349939 -0.285246 -0.290335 -0.183037
-0.116646 -0.194385 -0.089638 1.276753 1.663866 0.657029 -0.004289 -0.537389 -0.613902 -0.525233 -0.482699 -0.642800 -0.565129 -0.664857 -0.590878 -0.512022 0.497720 0.273928 0.062806 1.245832 2.387357 0.890499 -0.454825 -0.902437 -0.711301 -0.532223 -0.633165 -0.444205 -0.776507 -0.641019 -0.494544 -0.387191 1.247396 0.607709 2.218507 0.098503 -0.735156 -0.837629 -0.550674 -0.468958 -0.314300 -0.171697 -0.440448 -0.397603 -0.370379 -0.287116 -0.290335 -0.183037
-0.279608 -0.454384 0.143115 -0.223134 -0.235856 -0.063331 0.311507 0.152371 0.197433 0.071929 -0.016800 0.126093 0.149298 0.227000 -0.105365 -0.240947 0.254826 -0.404464 -0.169978 0.128315 -0.020543 0.418206 0.313544 -0.057394 -0.231655 -0.035179 0.146500 -0.057892 0.091039 -0.050878 -0.200534 -0.329137 -0.227859 -0.094057 -0.085140 0.119365 0.413937 0.417442 0.252644 0.253498 0.006185 -0.180624 -0.262842 -0.292893 -0.339310 -0.280258 -0.290335 -0.183037
0.671879 -0.481569 -0.563370 -0.509166 -0.341532 -0.420596 -0.302572 2.290074 0.389646 -0.784869 -0.484609 0.281143 1.013574 -0.338568 -0.558175 -0.374107 0.506716 -0.344001 -0.426122 -0.531769 -0.426994 -0.576003 -0.769249 -1.028648 0.782351 2.417810 -0.357430 -0.029362 2.276803 1.921606 -0.323276 -0.317526 -1.054319 -0.546529 -0.890282 -0.748228 -0.765672 -0.866398 -0.766803 -0.636872 0.275740 7.567516 1.594773 -0.068225 0.055603 0.237225 0.931866 -0.183037
0.009518 -0.551970 -0.606137 0.636548 2.136658 0.179703 -0.381931 -0.342598 -0.071387 0.106007 -0.169554 -0.454707 -0.512152 -0.662138 -0.573269 -0.464465 1.478292 -0.387534 -0.439009 0.485157 3.021491 0.453817 -0.094399 -0.477306 -0.581086 -0.633862 -0.728246 -0.424928 -0.720173 -0.567252 -0.480272 -0.387191 -0.062884 -0.328995 2.735409 0.284620 -0.137246 -0.373121 -0.420532 -0.590308 -0.566465 -0.414725 -0.549186 -0.388453 -0.369562 -0.287116 -0.290335 -0.183037
0.098884 -0.427199 -0.779674 -0.963965 -0.578539 0.777671 3.068840 0.983977 -0.803329 -1.089129 -0.730288 -0.806746 -0.598428 -0.569689 -0.384598 -0.269481 -0.356907 -0.155357 -0.701597 -1.013433 -0.861225 -0.054671 2.244071 1.824854 -0.505582 -0.809253 -0.784107 -0.395626 -0.565254 -0.345948 -0.209097 -0.231606 0.024362 -0.618751 0.208206 2.256235 0.878343 -0.928133 -1.047228 -0.999511 -0.598762 -0.386950 -0.424137 -0.334574 -0.357297 -0.286493 -0.290335 -0.183037
-0.106133 -0.494812 -0.925248 -1.273768 -1.001242 -0.213114 1.446075 2.366992 1.382050 -0.940650 -0.676824 -0.811830 -0.621133 -0.624071 -0.467613 -0.334476 -0.078029 -0.345210 -0.793422 -1.252796 -1.177084 -0.806020 0.312027 2.358641 1.270387 -0.646877 -0.752017 -0.407193 -0.568070 -0.406887 -0.249060 -0.315204 -0.456285 -0.894150 -1.006599 0.478509 2.792704 0.751289 -0.658351 -0.909204 -0.601246 -0.390918 -0.451322 -0.317291 -0.327045 -0.282128 -0.290335 -0.183037
0.524687 -0.735991 -0.683448 -0.957627 -0.987193 -0.953872 -0.052452 2.336524 2.771417 -0.143082 -0.433691 -0.472500 -0.430417 -0.610475 -0.628613 -0.515192 0.065908 -0.600363 -0.626687 -0.873927 -0.983824 -1.125942 -0.923934 1.276834 2.335093 0.155705 -0.427552 -0.316976 -0.613138 -0.580081 -0.471708 -0.387191 -0.316691 -0.697933 -1.226183 -0.841491 2.357384 2.540394 -0.002218 -0.566320 -0.455910 -0.400838 -0.558248 -0.392520 -0.370379 -0.287116 -0.290335 -0.183037
-1.341489 -0.498995 -0.949099 -1.351416 -1.090426 -0.661299 1.498616 2.314548 0.578377 -0.358092 -0.336947 -0.276782 -0.076231 -0.077537 -0.087755 -0.237777 -0.024053 -0.485484 -0.835307 -1.136051 -0.892026 0.076683 2.655047 0.950869 -0.512148 -0.486361 -0.308701 -0.162759 -0.106131 0.022890 -0.237642 -0.345392 -0.384902 -0.735784 0.190049 2.075436 0.248964 -0.619460 -0.532082 -0.418160 -0.146605 -0.187568 -0.215722 -0.305092 -0.345033 -0.283375 -0.290335 -0.183037
-0.526679 -0.485054 -0.569127 -0.457664 -0.534558 -0.670624 -0.417506 0.159363 1.144570 2.003782 0.829712 0.206160 -0.484907 -0.634947 -0.540566 -0.435931 0.317798 -0.374232 -0.542111 -0.277721 -0.290504 -0.694514 -0.694435 0.564170 1.312333 0.699230 -0.364561 -0.398711 -0.708906 -0.519142 -0.437455 -0.359325 -0.424559 -0.556971 -0.586155 -0.675008 0.205575 2.186769 1.627657 0.887058 -0.344113 -0.398854 -0.511128 -0.361005 -0.351574 -0.283375 -0.290335 -0.183037
-1.189040 -0.411167 -0.766515 -1.326062 -1.288950 -1.124636 -0.412580 0.826646 2.929505 2.057332 -0.003434 -0.030227 -0.061094 -0.107446 -0.130521 -0.033282 0.668645 -0.191635 -0.772479 -1.132380 -1.036367 -0.737716 0.597133 2.526605 0.189267 -0.276884 -0.270668 -0.291530 -0.280766 -0.236901 -0.237642 -0.350036 0.095745 -0.629628 -0.534521 1.159167 1.682232 -0.446843 -0.439124 -0.286933 -0.299394 -0.345288 -0.467632 -0.387437 -0.368744 -0.287116 -0.290335 -0.183037
0.650851 -0.696259 -0.641503 -0.960004 -0.995745 -0.410105 -0.710315 -0.981911 -0.790097 0.210672 5.740117 1.421139 -0.188238 -0.401107 -0.522957 -0.504096 1.046480 -0.678964 -0.600911 -0.903296 -1.050861 -0.764570 -0.395175 -0.836959 -0.597499 -0.275644 1.247064 6.603494 2.837328 -0.576873 -0.497399 -0.387191 -1.355715 -0.854993 -1.378246 -1.190000 -0.509152 -0.243658 -0.166445 0.003743 -0.072073 -0.113171 -0.050802 0.087315 1.790601 5.032985 -0.206358 -0.183037
-0.411029 -0.591702 -0.679335 -0.561460 -0.282891 -0.104710 0.617452 0.622865 0.572109 0.795664 0.316077 -0.308554 -0.678650 -0.819844 -0.658800 -0.499340 1.172425 -0.397208 -0.623465 -0.234401 0.282029 1.180063 1.149651 0.424200 -0.326125 -0.814211 -0.870868 -0.466566 -0.830024 -0.608946 -0.483126 -0.384869 -0.335727 -0.517380 0.287642 0.926418 1.290300 0.360503 -0.762930 -0.967057 -0.670808 -0.463331 -0.587245 -0.393536 -0.370379 -0.286493 -0.290335 -0.183037
-0.805292 -0.315671 -0.729505 -0.784898 -0.251127 0.601078 1.398459 0.671813 0.478092 0.062193 -0.424780 -0.857582 -0.775522 -0.912293 -0.696534 -0.527874 0.974512 -0.081593 -0.737843 -0.744700 0.292900 2.166682 1.574781 -0.144223 -0.523090 -0.873088 -0.907712 -0.502807 -0.877908 -0.663470 -0.497399 -0.387191 -0.378557 -0.373372 0.992921 1.607893 0.371502 -0.252648 -0.793916 -1.116628 -0.736645 -0.502017 -0.616241 -0.401669 -0.370379 -0.287116 -0.290335 -0.183037
-0.069335 -0.677439 -0.782964 -0.877601 -0.671998 1.497448 3.204025 0.097929 -0.927293 -0.900894 -0.528526 -0.572901 -0.345654 -0.354882 -0.372020 -0.388374 0.560692 -0.642687 -0.766035 -0.839417 -0.713864 1.096580 3.349106 0.038925 -0.799206 -0.718149 -0.564231 -0.320060 -0.486386 -0.374814 -0.417473 -0.382546 -0.234204 -0.444288 1.648836 2.467304 -0.652193 -1.161286 -0.916311 -0.776566 -0.503113 -0.377031 -0.491192 -0.391503 -0.368744 -0.287116 -0.290335 -0.183037
-2.371828 -0.508056 -0.842181 -0.864924 -0.459425 -0.340168 -0.186542 -0.009456 0.593698 1.391204 0.705600 0.881007 0.435372 0.452683 0.297134 0.079270 0.416755 -0.477019 -0.496199 -0.358488 -0.138311 -0.056423 0.481372 0.888712 0.129813 -0.204372 -0.277800 -0.267627 -0.494836 -0.378021 -0.240496 -0.266438 -0.606983 -0.622231 -0.494803 -0.285184 0.804438 1.523271 0.678704 0.280308 -0.088222 -0.217326 -0.311774 -0.320341 -0.298428 -0.253449 -0.284661 -0.183037
0.182993 -0.532453 -0.557613 -0.674764 -0.678717 0.592919 4.191915 0.210808 -0.902221 -0.999880 -0.690190 -0.880458 -0.736168 -0.895978 -0.691503 -0.527874 -0.141002 -0.391162 -0.575136 -0.801237 -0.760971 -0.222805 3.720653 0.771991 -0.648929 -0.771448 -0.841155 -0.480446 -0.849741 -0.653848 -0.497399 -0.387191 0.370175 -0.509113 0.110046 2.974116 0.071593 -0.950310 -0.960467 -1.063008 -0.726707 -0.488129 -0.608992 -0.401669 -0.370379 -0.287116 -0.290335 -0.183037
-0.321663 -0.630737 -0.805993 -0.699326 -0.107579 0.237985 0.927775 0.725755 0.699555 0.325074 -0.188648 -0.594506 -0.639296 -0.705643 -0.583332 -0.442272 -0.284939 -0.530226 -0.636353 -0.644109 -0.004841 0.467245 0.864545 0.494897 0.122882 -0.133720 -0.453700 -0.366325 -0.646938 -0.509520 -0.394638 -0.338425 -0.716438 -0.735784 -0.520904 0.144726 1.160610 1.484912 0.603563 -0.365951 -0.524230 -0.409765 -0.507503 -0.371171 -0.342580 -0.279011 -0.290335 -0.183037
-0.195499 -0.648163 -0.852050 -0.905333 -0.403227 1.002638 2.013632 0.860610 -0.146601 -0.766207 -0.564168 -0.630091 -0.421335 -0.488117 -0.372020 -0.275822 -0.284939 -0.522971 -0.754759 -1.039131 -0.690310 0.477169 2.327985 1.192377 -0.487710 -0.726826 -0.588002 -0.343193 -0.477936 -0.342741 -0.317567 -0.322170 -0.110473 -0.308111 1.365704 1.744924 0.088758 -1.006650 -0.900043 -0.800554 -0.515535 -0.368103 -0.440448 -0.359989 -0.368744 -0.287116 -0.290335 -0.183037
0.729704 -0.619584 -0.535407 -0.585230 -0.684826 -0.551729 -0.211719 5.061098 -0.611116 -1.073714 -0.722014 -0.941461 -0.790658 -0.898697 -0.696534 -0.527874 0.920535 -0.526598 -0.577552 -0.614005 -0.666757 -0.581841 -0.397703 -0.524279 3.394328 -0.729305 -0.893450 -0.495096 -0.869458 -0.663470 -0.497399 -0.387191 -0.914725 -0.596997 -1.121781 -1.013700 -0.761381 -0.249052 -0.225319 -0.034355 7.829494 4.416083 -0.610805 -0.401669 -0.370379 -0.287116 -0.290335 -0.183037
-0.195499 -0.675348 -0.914556 -1.381525 -1.480754 -1.385155 -0.470048 0.901066 2.712221 1.852869 0.423005 0.351042 0.317310 0.740905 0.367571 -0.047549 -0.123009 -0.577387 -0.775701 -1.219755 -1.442817 -1.369969 -0.803624 1.117410 2.043293 0.905608 0.311703 -0.039386 0.200890 0.077414 -0.354675 -0.370936 -0.454699 -0.958105 -1.459384 -0.409535 2.022668 1.920051 0.341729 0.105338 -0.075800 -0.138962 -0.190349 -0.319325 -0.361386 -0.286493 -0.290335 -0.183037
-0.962997 -0.569397 -0.805170 -0.795198 -0.345808 -0.111121 -0.177786 -0.394542 -0.362493 -0.161743 0.015661 0.550573 1.024169 2.347879 2.759922 3.929800 -0.482852 -0.425021 -0.669377 -0.622081 -0.279029 -0.066347 -0.212688 -0.388579 -0.346916 -0.027122 0.606455 0.391649 2.358488 3.239802 3.501711 1.860667 -0.733887 -0.762324 -0.827867 -0.451667 -0.284578 0.025457 0.397504 1.028163 1.001179 0.766690 1.589336 0.917877 0.647563 0.117518 -0.147347 -0.178527
-2.214123 -0.436957 -0.732795 -0.723096 -0.391010 -0.407191 -0.514379 -0.572351 -0.482974 -0.150384 0.107950 0.800940 1.349597 3.315870 3.974964 4.223068 -1.553385 -0.241214 -0.566276 -0.406214 -0.184815 -0.230395 -0.511442 -0.675163 -0.409653 0.000147 0.789486 0.585191 3.552771 4.673461 4.061186 0.748349 -0.587948 -0.519555 -0.446574 -0.551884 -0.615956 -0.387505 0.191446 1.165034 1.228499 0.995831 2.334194 1.179143 0.450515 -0.065160 -0.225650 -0.183037
-0.526679 -0.666286 -0.919491 -1.316554 -1.411729 -1.316383 -0.771614 0.094932 3.450431 2.157941 0.115587 0.642078 0.644251 1.151486 0.694601 0.315470 0.965516 -0.625757 -0.742676 -1.154407 -1.221776 -1.003928 -0.653489 -0.513841 -0.347645 0.363943 4.716337 3.641764 2.811977 -0.060500 -0.368947 -0.354680 -1.243088 -0.682271 -1.292569 -0.913892 -0.516781 -0.451638 -0.196656 -0.227669 -0.243495 -0.111187 -0.170414 -0.155652 -0.049053 0.438607 4.991116 6.961514
0.614053 -0.461354 0.565032 1.768000 1.099447 -0.002135 -0.606874 -0.748662 -0.682848 -0.399472 -0.221108 0.250641 0.302174 0.436369 -0.052537 -0.440686 -0.581809 -0.392371 -0.226362 0.805286 1.258597 0.314290 -0.506386 -0.866377 -0.628138 -0.335760 0.227319 0.160324 1.552910 1.838216 1.061141 0.341970 -0.889344 -0.574809 0.018694 0.196675 -0.175867 -0.316780 -0.151726 0.261965 0.416107 0.422483 1.087327 0.403478 0.409634 0.080110 0.008123 -0.178527
0.030545 3.653321 1.944281 -0.556706 -1.142958 -1.198654 -0.780371 -0.454977 0.294236 0.499517 -0.161916 -0.485209 -0.481880 -0.626790 -0.540566 -0.447027 1.370339 6.687812 2.522751 -0.506805 -1.108235 -0.857394 -0.269810 -0.002355 -0.559565 -0.646257 -0.599887 -0.391000 -0.652572 -0.544800 -0.411764 -0.343070 1.120492 3.373879 -1.307888 -1.127416 -0.379939 0.352711 -0.218347 -0.476013 -0.423613 -0.372071 -0.489380 -0.355922 -0.348304 -0.272776 -0.284661 -0.183037
0.298643 -0.641890 -0.791189 -0.950496 -0.900453 -0.449154 0.967728 2.648689 1.369515 -0.709412 -0.588991 -0.814372 -0.687732 -0.803530 -0.648738 -0.505681 1.064472 -0.478228 -0.426927 -0.569950 -0.529663 -1.153964 -1.368274 -1.169567 0.286655 4.208281 4.002040 -0.388687 -0.810307 -0.650641 -0.494544 -0.387191 -0.960727 -0.409918 -0.755240 -1.315578 -1.562885 -1.336301 -0.952720 -0.969879 -0.414917 -0.147890 1.319302 1.824684 2.622942 4.856542 0.676532 -0.171009
0.309157 -0.455081 0.203154 1.714121 1.749384 0.661691 0.008299 -0.638780 -0.929382 -0.901705 -0.587718 -0.660593 -0.433444 -0.344006 -0.175802 -0.285333 1.469296 -0.527808 -0.097485 1.156254 3.042629 1.368046 -0.665621 -1.085110 -0.842612 -0.723107 -0.624846 -0.329313 -0.384984 -0.333119 -0.366093 -0.370936 -0.237377 0.276186 1.959772 0.867924 -0.486742 -0.973685 -0.726521 -0.570553 -0.347839 -0.234190 -0.326272 -0.281710 -0.275535 -0.247214 -0.277852 -0.183037
-0.106133 1.205985 0.994351 1.631719 0.203951 -0.841971 -1.060045 -0.995397 -0.994846 -0.580406 0.038574 0.818733 0.739609 1.765997 0.508446 0.255231 1.001500 0.692330 1.702769 1.450686 0.829197 -0.694514 -1.201457 -1.283916 -0.890759 -0.732403 -0.448946 -0.137314 0.975485 2.816440 2.625389 5.018813 -0.162821 0.813932 0.925968 -0.239371 -1.152359 -1.211633 -0.894621 -0.721535 -0.322995 -0.161777 -0.063488 -0.163785 -0.259183 -0.189231 0.266862 6.456344
-0.458341 -0.496904 -0.112667 0.394094 -0.078259 -0.378633 -0.458007 -0.157297 0.281004 0.591201 0.298256 0.455256 0.217411 0.240595 0.183931 0.166458 1.172425 -0.518134 -0.086208 0.573266 0.367789 -0.172599 -0.324404 -0.195941 -0.008063 0.350928 0.222565 -0.148109 -0.055430 0.077414 -0.160571 -0.282693 -0.446768 -0.294624 0.454458 -0.244280 -0.650762 -0.052460 1.134201 2.378535 0.889382 0.054469 -0.226596 -0.319325 -0.356480 -0.287116 -0.290335 -0.183037
-0.137674 -0.651648 -0.771450 -1.116886 -1.199766 -1.097827 -0.422432 0.594895 2.001172 1.729542 0.512748 0.925488 0.486835 0.273224 -0.095302 -0.294845 0.551696 -0.571341 -0.689514 -1.105213 -1.151719 -0.925699 -0.245040 1.136389 0.681680 0.831238 0.795429 0.361577 0.699447 -0.169547 -0.197679 -0.278049 -0.657745 -0.922864 -1.492294 -1.070149 -0.182543 1.448351 2.360481 1.876202 1.422281 0.835135 0.991274 0.004971 -0.290252 -0.272153 -0.288065 -0.183037
-0.132417 -0.422319 -0.338841 0.182541 0.463559 0.980491 0.266081 -0.323618 -0.262904 -0.238822 -0.185465 -0.190361 -0.079258 -0.134637 -0.085240 -0.345572 -1.382460 -0.145683 -0.275496 -0.061854 0.138896 0.543722 0.750301 0.293718 -0.305334 -0.279982 -0.244521 -0.283819 -0.565254 -0.541593 -0.480272 -0.380224 0.776266 0.044730 0.608791 0.581590 0.057289 -0.136371 -0.119191 -0.183926 -0.375167 -0.412741 -0.547374 -0.394553 -0.367927 -0.286493 -0.290335 -0.183037
-0.095619 -0.087736 -0.050983 0.022490 -0.429493 -0.091888 0.086017 -0.222227 -0.001745 0.160368 0.025844 0.185825 0.335473 0.708276 0.830444 0.209259 -0.518837 0.365831 0.165103 0.236248 -0.322512 -0.281185 0.311016 0.068342 -0.157246 0.068940 0.178590 -0.031675 0.122023 -0.285010 -0.300440 -0.357003 0.987244 0.158283 -0.280326 -0.138336 -0.150597 0.162712 0.763142 1.280740 0.111771 -0.276843 -0.411451 -0.345756 -0.340945 -0.281505 -0.290335 -0.183037
-0.931456 -0.366556 0.361064 0.618324 0.302297 -0.478878 -0.827439 -0.880520 -0.693990 -0.270465 0.068488 0.832713 1.425278 2.559967 2.357423 1.318922 1.109453 -0.502413 0.107108 0.330966 0.670965 0.032899 -0.493243 -0.450735 -0.300228 0.225118 0.630225 0.226638 0.738881 0.176840 -0.209097 -0.329137 -0.213582 -0.641809 -0.028400 0.210992 0.308564 0.724917 0.880889 0.655647 -0.098159 -0.322473 -0.489380 -0.362022 -0.365474 -0.286493 -0.290335 -0.183037
-1.856658 -0.577761 -0.898930 -0.649409 0.200897 0.996227 0.489929 -0.215734 -0.572813 -0.590953 -0.328036 0.143886 0.978761 3.234298 1.763738 0.014275 0.353782 -0.625757 -0.395513 1.054929 1.862535 0.648222 -0.641862 -0.984996 -0.664249 -0.238459 0.846535 0.358493 0.324826 -0.236901 -0.468854 -0.382546 -0.979763 -0.853253 -0.242877 0.827019 0.432056 -0.075236 0.004754 1.057795 1.276945 0.203261 -0.251968 -0.367105 -0.367927 -0.284622 -0.290335 -0.183037
1.108196 0.556336 0.691689 0.053391 -0.008623 0.981657 0.954046 0.136388 -0.875757 -0.995011 -0.730288 -0.922398 -0.730113 -0.724677 -0.568238 -0.431175 -0.788719 0.654843 0.938366 -0.019268 -0.411291 -0.583009 -0.443198 -0.058343 0.261852 1.138636 -0.164891 -0.425699 -0.782140 -0.615361 -0.431746 -0.363969 -0.559395 0.238335 -0.537926 -0.944162 -1.064150 -0.812456 -0.350038 0.192823 0.621069 0.616906 1.931862 1.243189 1.018764 0.947362 0.898956 -0.007130
-1.888199 -0.493418 -0.872611 -1.328439 -1.334152 -1.402056 -1.061139 -0.451980 0.882714 2.146582 2.021194 4.623803 1.696215 -0.240681 -0.515410 -0.500925 1.181421 -0.596735 -0.829668 -1.103010 -1.074415 -1.040707 0.014285 1.153945 1.397685 1.241516 -0.525010 -0.443434 -0.796224 -0.637812 -0.497399 -0.387191 -0.043849 -0.764499 -0.867018 -0.003759 1.778069 2.272478 -0.339968 -0.969879 -0.700621 -0.480194 -0.612617 -0.401669 -0.370379 -0.287116 -0.290335 -0.183037
-0.379488 -0.141409 -0.096218 0.665864 1.155644 0.880247 0.096963 -0.305138 -0.556098 -0.716714 -0.448966 -0.444540 -0.339600 -0.344006 -0.299067 -0.332890 0.740614 0.011520 0.200544 1.109263 1.745371 0.799426 -0.263744 -0.735896 -0.713855 -0.580563 -0.464396 -0.263000 -0.303300 -0.240108 -0.257623 -0.324492 0.566875 0.394525 1.491666 0.302619 -0.324153 -0.509177 -0.508068 -0.439326 -0.252191 -0.248077 -0.290026 -0.307125 -0.317234 -0.283999 -0.290335 -0.183037
0.298643 -0.331006 1.171178 0.971705 -0.130180 -0.196795 -0.045885 -0.085374 0.046309 0.230956 -0.153642 -0.453436 -0.536370 -0.765463 -0.616035 -0.473976 -0.446868 -0.237587 1.027775 0.941856 -0.165489 -0.269509 -0.431066 -0.530922 -0.357494 0.048488 0.652807 0.399360 0.958584 0.398143 -0.237642 -0.352358 -0.289724 0.467182 -0.141313 -0.753545 -0.741355 -0.498987 -0.128487 0.561106 0.635975 0.580203 1.145321 0.513271 0.278814 0.187347 0.441624 0.137205
0.903179 2.958364 1.635862 0.933673 -0.780728 -1.407884 -1.108755 -0.710702 -0.439099 -0.143082 -0.037167 0.230307 0.267361 0.458121 0.005323 -0.164856 0.713625 1.918514 2.575913 1.731901 -0.244000 -1.382813 -1.179720 -0.714544 -0.392145 -0.032080 0.335474 0.071650 0.474111 0.192876 0.013551 -0.213028 -0.196133 0.938797 1.105267 -0.510570 -1.287770 -0.535549 0.297574 1.054973 0.680694 0.275674 0.201109 -0.114988 -0.252642 -0.255319 -0.289200 -0.183037
0.871638 2.133756 2.430350 0.023282 -0.846699 -0.941633 -0.295457 -0.126830 -0.024030 -0.186895 -0.300667 -0.513169 -0.621133 -0.784496 -0.641191 -0.508851 0.083900 0.578660 2.800642 1.628372 -0.510941 -1.074567 -0.612543 -0.159881 -0.175483 -0.122565 -0.160137 -0.306952 -0.663838 -0.573666 -0.451727 -0.377902 0.309895 2.525929 -0.657647 -1.337258 -1.208621 -0.328168 0.758494 1.760496 0.868264 0.190366 -0.097922 -0.317291 -0.345851 -0.278388 -0.284661 -0.183037
0.072600 -0.658619 -0.755001 -0.504412 0.583284 0.184366 0.110645 0.769707 1.025481 0.269090 -0.345857 -0.650426 -0.621133 -0.792653 -0.646222 -0.505681 0.902543 -0.666872 -0.658906 -0.799768 0.042870 1.226183 0.664365 0.709360 -0.059493 -0.398975 -0.579682 -0.424928 -0.782140 -0.576873 -0.468854 -0.359325 -0.665676 -0.821493 -0.784745 0.342296 1.701304 1.131286 0.368067 -0.308098 -0.539136 -0.460355 -0.556435 -0.385404 -0.359750 -0.284622 -0.290335 -0.183037
0.340698 -0.682318 -0.743486 -0.834815 -0.577317 0.269457 1.676491 1.359074 0.425860 -0.375131 -0.502430 -0.730492 -0.637783 -0.673014 -0.585847 -0.496169 -2.830828 -0.288375 -0.763619 -1.129443 -1.126958 -1.036037 -0.469990 0.721222 1.293001 1.533420 0.889321 -0.118808 -0.345551 -0.381229 -0.408910 -0.322170 -0.748164 -0.767980 -0.611120 0.292801 1.720376 1.212800 0.009402 -0.430859 -0.516777 -0.388934 -0.531063 -0.368121 -0.358933 -0.287116 -0.290335 -0.183037
0.046315 -0.570791 -0.433423 -0.446572 -0.009233 0.469362 0.606506 0.173847 0.086701 -0.035982 -0.119272 -0.147150 -0.095908 -0.069379 -0.012287 -0.045963 -0.887676 -0.301677 -0.465590 -0.517085 -0.440280 0.160750 0.883249 0.482560 -0.021923 -0.042616 -0.075752 -0.175868 -0.086414 -0.108609 -0.206243 -0.285015 0.308309 -0.340742 -0.059040 0.343932 0.477352 0.248421 0.186798 0.147670 -0.039776 -0.181616 -0.293651 -0.307125 -0.327045 -0.282128 -0.290335 -0.183037
1.139737 -0.286395 0.392317 2.331349 1.868498 0.187863 -0.281227 -0.586835 -0.843722 -0.904950 -0.616359 -0.748285 -0.571183 -0.632228 -0.477676 -0.370936 1.046480 -0.158985 0.152215 1.648931 2.281064 0.397189 -0.389615 -0.756773 -0.714219 -0.688401 -0.652182 -0.356301 -0.489203 -0.307461 -0.237642 -0.182840 -0.362694 -0.261994 0.902137 0.756663 -0.104347 -0.136371 -0.112994 -0.128895 -0.283245 -0.255021 -0.299088 -0.255279 -0.283711 -0.233497 -0.205223 -0.183037
-0.237554 -0.590308 -0.973773 -1.350624 -0.604805 2.138544 1.111670 0.218300 0.071380 -0.019755 -0.419052 -0.485209 -0.319923 -0.183581 -0.168255 -0.093520 1.073469 -0.617292 -0.847389 -1.162484 -0.320097 4.108397 1.231037 -0.438873 -0.792276 -0.757193 -0.687837 -0.341651 -0.480752 -0.349156 -0.386074 -0.373258 -0.411869 -0.809311 0.414173 3.066561 0.332404 -1.170876 -0.975185 -0.979757 -0.603730 -0.431588 -0.538312 -0.396586 -0.368744 -0.287116 -0.290335 -0.183037
-2.124757 -0.532453 -0.801058 -1.069346 -1.108140 -1.020895 -0.698822 -0.317625 0.590216 1.810678 1.671132 2.768291 1.513068 0.830635 0.103432 -0.410567 0.695633 -0.463717 -0.593662 -0.700645 -0.715676 -0.289942 0.792763 1.249314 0.420154 -0.022164 -0.364561 -0.416446 -0.759606 -0.596117 -0.483126 -0.387191 0.585911 -0.414268 0.030610 1.226250 1.119128 -0.165740 -0.622717 -0.992456 -0.686957 -0.470274 -0.589057 -0.397603 -0.368744 -0.287116 -0.290335 -0.183037
-1.210068 -0.493418 -0.455629 -0.349115 0.212503 0.820800 0.732386 0.184336 0.118040 -0.116307 -0.233201 -0.341597 -0.394090 -0.537060 -0.485223 -0.429590 -0.860688 -0.400836 -0.502642 -0.442192 -0.275405 0.704267 1.131958 0.560849 -0.173660 -0.357452 -0.407348 -0.357072 -0.610321 -0.432545 -0.420328 -0.373258 0.262306 -0.275481 0.411903 0.654400 0.476875 0.050031 -0.141656 -0.298221 -0.383863 -0.363143 -0.474882 -0.351856 -0.351574 -0.284622 -0.290335 -0.183037
-0.437313 -0.291274 0.994351 1.169788 -0.307325 -0.153667 -0.250030 -0.394542 -0.134065 -0.310222 -0.137093 0.301477 0.329419 0.980184 -0.135552 -0.225095 1.028488 -0.588270 -0.157090 1.905182 0.276594 0.403611 -0.049915 -0.158458 -0.293298 -0.135580 -0.511937 -0.444976 -0.770873 -0.519142 -0.371802 -0.343070 -0.746577 -0.811486 1.040583 0.748073 0.801578 0.723119 -0.529758 -0.916259 -0.598762 -0.431588 -0.556435 -0.381337 -0.367109 -0.284622 -0.289200 -0.183037
0.182993 -0.538029 -0.333906 -0.418048 -0.504016 -0.534828 -0.089122 0.386619 0.735072 2.636644 -0.012344 -0.499189 -0.528802 -0.700205 -0.555660 -0.416908 -0.302931 -0.452834 -0.252943 -0.365831 -0.439072 -0.447568 -0.542783 -0.678484 -0.278708 0.901890 2.265621 2.160514 0.558612 -0.281803 -0.400347 -0.352358 -1.538139 -0.384249 -0.805739 -0.828810 -0.938751 -0.872991 -0.424405 0.072884 0.604920 0.651624 1.563963 1.050035 1.270592 1.237277 2.780487 0.289056
1.549770 2.427213 1.292901 1.531885 1.161753 0.614483 -0.640807 -1.113270 -1.329826 -1.215702 -0.771023 -0.969421 -0.783090 -0.904136 -0.691503 -0.526289 -0.149998 0.630658 1.072076 1.704734 1.551507 0.968728 -0.097938 -1.014888 -0.905713 -0.879905 -0.864926 -0.459626 -0.810307 -0.647434 -0.491690 -0.382546 -0.264344 0.888764 0.386937 0.305891 0.346708 0.063817 -0.551449 -0.790676 -0.598762 -0.425636 -0.527438 -0.387437 -0.367927 -0.285869 -0.288065 -0.183037
0.871638 0.169474 0.955696 1.317955 1.403036 0.358627 -0.358397 -0.671245 -0.870186 -0.866816 -0.558440 -0.715242 -0.460689 -0.401107 -0.024865 0.114145 1.019492 0.107051 0.890037 1.226007 1.496548 0.551896 -0.469990 -0.847872 -0.718596 -0.645018 -0.530953 -0.333940 -0.249783 -0.070121 0.224782 0.555609 -0.256412 0.081275 0.342113 0.410198 -0.022814 -0.118390 -0.103698 -0.137362 -0.182628 -0.200463 -0.190349 -0.193266 -0.210125 -0.106309 0.044437 -0.183037
-0.474111 -0.554759 -0.744309 -0.292859 0.100108 -0.329677 -0.224307 -0.212238 0.030987 0.488969 0.490471 1.522811 1.111959 0.882297 -0.072662 -0.394715 1.289374 -0.536272 -0.497810 0.267821 0.893818 0.407697 -0.071146 -0.233899 -0.114205 0.137732 0.075189 -0.239097 -0.523003 -0.506313 -0.451727 -0.352358 -0.702161 -0.895455 -1.080928 0.460511 0.941757 0.795042 0.938214 1.167856 0.070779 -0.275852 -0.458571 -0.343723 -0.350756 -0.277141 -0.286930 -0.183037
-0.137674 -0.526180 -0.080591 -0.038520 -0.352527 -0.516178 -0.329390 -0.238210 0.335325 0.579031 0.307166 0.893716 0.709337 0.727310 0.515992 0.233038 0.479728 -0.619711 -0.542917 -0.278456 -0.416727 -0.503029 -0.342097 -0.010895 0.318024 0.685596 0.965386 0.252083 1.068436 0.276266 -0.054956 0.465044 -0.862377 -0.909812 -1.052558 -0.671326 -0.015662 1.789989 1.922026 1.982030 0.501818 -0.062582 0.009004 -0.078391 -0.224842 -0.216040 -0.271043 -0.175520
0.603540 0.720840 0.047711 -0.124092 1.264374 0.461786 -0.257692 -0.425509 -0.429349 -0.371886 -0.364315 -0.548754 -0.410740 -0.118323 -0.019834 -0.298015 -1.067597 0.201373 0.751494 -0.019268 -0.533891 0.783664 1.370557 -0.318831 -0.517984 -0.386580 -0.372881 -0.320060 -0.497653 -0.531971 -0.488835 -0.384869 -0.018468 0.367551 0.989517 0.423697 -0.314140 -0.331165 0.006303 0.144848 -0.243495 -0.356200 -0.527438 -0.386420 -0.366291 -0.287116 -0.290335 -0.183037
-0.216526 -0.533150 -0.077302 1.486722 0.334060 -0.274309 -0.532441 -0.657260 -0.570723 -0.443285 -0.235747 -0.074709 0.271901 1.110699 2.541063 2.271646 -0.230962 -0.405673 -0.131315 1.502817 0.481933 -0.320300 -0.798063 -0.889626 -0.598958 -0.340718 0.033591 0.063168 0.998018 1.411647 2.271435 5.046679 -0.476907 0.076490 0.697306 -0.596880 -0.939228 -0.679396 -0.314404 0.181535 0.337849 0.207229 0.619752 0.252004 0.143089 0.298326 1.730779 0.731081
-0.274351 -0.129559 0.346260 0.392509 -0.434380 -0.822155 -0.742607 -0.549875 -0.074173 0.523858 0.899088 2.042608 0.338501 0.205247 -0.070146 0.112560 -0.923660 -0.099732 0.285925 0.627600 -0.085165 -0.536305 -0.404780 0.334049 0.346839 -0.201893 -0.141120 -0.203627 -0.066697 0.038926 -0.020702 -0.213028 1.109388 0.689067 0.154303 0.101367 0.550780 -0.462426 -0.501096 -0.459080 -0.351566 -0.251053 -0.311774 -0.271544 -0.337674 -0.280881 -0.288065 -0.183037
0.603540 1.121642 1.883420 1.372626 0.413470 -0.232347 -0.627125 -0.760149 -0.845115 -0.745112 -0.508158 -0.580526 -0.398631 -0.240681 0.095885 0.545328 -1.148562 1.267935 1.627860 1.244364 0.470458 -0.162674 -0.672698 -0.842653 -0.617561 -0.418188 -0.278988 -0.177410 0.189624 0.394936 0.618698 0.917867 2.338767 1.439126 0.654751 -0.477846 -0.759950 -0.693182 -0.447645 -0.336319 -0.182628 -0.125075 -0.067113 -0.075341 -0.186414 -0.189854 -0.188201 -0.178527
-0.111390 -0.613311 -0.837246 -0.469549 -0.332369 -1.026724 -0.654490 0.461538 0.587430 1.045564 0.871720 1.322009 0.786531 0.341201 -0.052537 -0.122055 -0.428876 -0.411719 -0.778118 -0.797565 -0.484368 -0.575420 -1.093784 -0.854040 -0.250257 0.807687 4.109006 2.913091 0.865633 0.282680 0.059223 -0.178196 -1.098735 -0.702719 -0.665023 -0.817357 -1.082269 -0.463625 0.587295 2.179577 1.767610 0.508783 0.550884 0.171693 0.095666 0.333240 3.345628 0.316119
0.125168 -0.596582 -0.835601 0.595347 4.688150 -0.688108 -1.320016 -1.218657 -1.260880 -0.948764 -0.474425 -0.100127 0.753232 2.247273 2.480688 1.502809 -0.869684 -0.318607 -0.646824 -1.096402 -1.405373 -1.399743 0.063824 3.558117 -0.738658 -0.370467 0.587439 0.325336 1.662761 1.642572 1.078268 -0.041188 -1.257365 -0.895455 -1.546764 -1.578596 -1.617241 -1.213431 -0.470110 0.990065 1.383773 1.644568 4.744561 6.991044 2.533821 -0.188607 -0.215437 -0.174016
2.369836 2.002711 0.521442 0.394886 0.719502 0.846444 -0.181617 -0.548377 -1.022006 -1.023409 -0.682553 -0.869020 -0.671082 -0.664857 -0.550629 -0.420078 -0.536829 1.513413 0.722497 0.414669 0.864225 1.243113 -0.154049 -0.376242 -0.751059 -0.748517 -0.749640 -0.424928 -0.601871 -0.474240 -0.426037 -0.363969 0.557357 1.287722 1.412798 0.376656 -0.453366 -0.810058 -0.776873 -0.858407 -0.561496 -0.404805 -0.523814 -0.382354 -0.364656 -0.286493 -0.290335 -0.183037
0.235561 -0.601461 -0.740197 -1.071723 -0.828985 3.013349 1.480555 -0.607313 -0.779651 -0.096834 0.190691 -0.092501 -0.509125 -0.825282 -0.636159 -0.518363 0.101892 -0.400836 -0.576747 -0.955427 -1.268279 -1.366467 -1.352603 -0.330218 3.485151 1.233459 -0.112596 -0.394084 -0.756790 -0.615361 -0.471708 -0.380224 -1.428685 -0.704459 -1.427043 -1.529920 -1.541906 -1.142706 -0.306658 1.239820 0.756467 0.387765 1.821311 3.422779 6.688986 0.146198 -0.265369 -0.181534
-1.125958 -0.531059 -0.769805 -0.815007 -1.290171 -1.382823 -1.014618 0.106919 2.003957 2.873562 1.585845 1.308029 -0.197320 -0.653981 -0.580816 -0.432760 0.911539 -0.548365 -0.735427 -0.762322 -1.021872 -1.316260 -0.655005 1.040545 1.386377 1.528462 0.347359 -0.392542 -0.714539 -0.522349 -0.397492 -0.329137 -0.451526 -0.854558 -1.301080 -1.300443 -0.556356 1.611977 3.020487 4.682774 1.360171 -0.257004 -0.518377 -0.365072 -0.339310 -0.267789 -0.276717 -0.183037
0.561485 0.768239 0.986127 0.931296 -0.405671 -0.710255 -0.751363 -0.668248 -0.641062 0.140895 0.661046 1.360136 0.389964 -0.406545 -0.507863 -0.408982 -0.087025 0.595590 1.194510 1.733369 0.035019 -0.368755 -0.550365 0.001915 0.095161 -0.553914 -0.844721 -0.451916 -0.711722 -0.580081 -0.434600 -0.354680 1.858120 1.931625 0.163949 -0.083932 0.297597 -0.734538 -1.029411 -1.102518 -0.673293 -0.468290 -0.567309 -0.382354 -0.361386 -0.287116 -0.290335 -0.183037
0.088370 0.524969 2.354684 1.679259 0.207616 -0.434584 -0.689518 -0.862539 -1.000417 -0.791360 -0.432418 -0.270427 -0.073203 0.341201 0.614102 0.987608 0.308802 0.587125 2.629880 1.988886 0.435430 -0.399112 -0.667643 -0.975506 -0.764190 -0.616509 -0.364561 -0.167386 0.155823 0.417387 0.478829 0.246761 1.448856 1.922488 0.663262 -0.636557 -0.776638 -0.558325 -0.423630 -0.327853 -0.175175 -0.111187 -0.268279 -0.247146 -0.262453 -0.199830 -0.224515 -0.183037
0.198764 -0.000605 0.264838 0.886925 0.334060 -0.394952 -0.467858 -0.500428 -0.518492 -0.470060 -0.310215 -0.213237 0.064536 1.045442 2.415282 1.745349 -1.913228 -0.197681 -0.061238 -0.113251 0.227071 0.069678 -0.262227 -0.462123 -0.479685 -0.299195 0.006255 0.080903 0.764232 1.078088 1.954589 4.642622 -0.700575 -0.091012 0.227498 -0.188240 -0.289346 -0.271229 -0.159473 0.160369 0.226052 0.067364 0.329783 0.052751 0.090761 0.205428 0.570993 0.652899
-2.172068 -0.189505 -0.612717 -0.153408 0.609551 -0.412437 -0.995462 -0.916981 -0.961417 -0.641258 -0.266934 0.143886 0.898539 2.965109 5.044101 5.985846 -0.015057 0.056262 -0.453508 0.305267 0.922204 -0.619204 -1.106422 -1.164823 -0.734281 -0.360550 0.380637 0.521962 3.093648 4.830618 5.830956 2.856876 1.031660 1.082805 -0.191811 -1.226405 -1.407925 -1.031823 -0.401165 0.477855 1.048382 1.319208 3.753230 1.671178 -0.076852 -0.238485 -0.272178 -0.183037
-2.193096 -0.509451 -0.781319 -0.800745 -1.239471 -1.406719 -1.104377 -0.658758 0.395217 2.272343 2.396714 3.515579 1.685620 0.471717 -0.278942 -0.298015 0.668645 -0.480647 -0.592051 -0.735889 -1.055089 -1.281232 -0.753579 0.349232 1.254338 2.032323 1.028378 -0.219820 -0.458219 -0.410094 -0.348966 -0.298948 0.097332 -0.763194 -1.315832 -1.139278 -0.318908 1.683901 3.144432 3.012094 0.468279 -0.145906 -0.391515 -0.342706 -0.327863 -0.271529 -0.290335 -0.183037
0.798043 2.083569 3.029093 1.548524 0.297410 -0.323849 -0.988347 -1.112271 -1.194720 -1.019352 -0.641818 -0.736847 -0.445553 -0.354882 0.105947 0.421680 -0.114013 2.245012 3.643177 1.925741 0.159430 -0.474422 -0.838504 -1.125441 -0.840788 -0.729924 -0.633165 -0.353217 -0.435685 -0.175962 0.259035 0.423245 1.821635 2.920972 0.470913 -0.653737 -0.935413 -0.947313 -0.830325 -0.770922 -0.479511 -0.333385 -0.315399 -0.273578 -0.201131 -0.144964 -0.190471 -0.183037
1.313212 -0.719262 -0.840536 -1.054291 2.386493 5.205316 -0.993273 -1.147733 -1.297790 -1.083450 -0.720105 -0.810559 -0.599942 -0.577847 -0.231145 0.123656 -0.500845 -0.414138 -0.745093 -1.110353 -1.325049 -1.423679 -1.455726 -0.902911 4.719101 0.385634 -0.731812 -0.411819 -0.565254 -0.349156 -0.003576 0.351258 -1.763393 -0.781902 -1.475839 -1.566734 -1.617241 -1.342894 -0.905466 -0.755400 -0.368956 -0.251053 0.150364 0.248955 1.363801 6.024932 6.259845 0.077065
-0.374231 -0.136530 0.314185 0.400433 0.258316 -0.125692 -0.333221 -0.290654 -0.256636 -0.130100 -0.128183 0.151511 0.270388 0.819758 0.553727 0.434362 -1.103582 -0.232750 0.102275 0.190725 0.230695 0.015968 -0.266271 -0.350146 -0.343998 -0.074844 0.293876 0.152614 0.983935 1.363537 1.106812 0.557931 0.289274 -0.103629 0.148062 -0.112566 0.061580 0.280787 0.395955 0.403069 0.206177 -0.037783 -0.036303 -0.212582 -0.322957 -0.280881 -0.290335 -0.183037
-0.032537 -0.022214 0.679353 1.331424 1.057909 0.562613 -0.578962 -0.676239 -0.628527 -0.478985 -0.365588 -0.288220 -0.212456 -0.259715 -0.231145 -0.209242 -0.167990 -0.169868 -0.084597 0.499107 1.406562 1.112342 -0.433594 -0.772430 -0.536951 -0.283081 -0.069810 -0.136543 -0.044163 0.077414 0.002133 -0.020288 0.717573 -0.031842 1.287402 0.759526 -0.300790 -0.480407 -0.418983 -0.396994 -0.289456 -0.287755 -0.357082 -0.283744 -0.340127 -0.285246 -0.290335 -0.183037
2.869235 2.692092 2.345637 1.680843 0.368878 -0.522006 -0.911724 -0.966428 -1.145970 -1.022598 -0.674278 -0.805475 -0.595401 -0.575127 -0.324223 -0.247288 -1.193542 1.758892 2.316547 1.856722 0.937302 -0.013805 -0.780371 -0.983572 -0.803219 -0.729924 -0.608206 -0.365554 -0.486386 -0.246522 -0.100627 0.028477 1.275949 1.925099 1.301020 -0.296638 -0.850543 -0.872392 -0.686239 -0.635461 -0.437277 -0.310570 -0.369768 -0.288827 -0.285346 -0.236615 -0.257425 -0.169506
0.503660 1.722498 0.729522 0.671411 -0.292665 -0.965528 -1.095072 -0.976417 -0.912668 -0.549574 -0.088085 1.074183 1.997425 3.386566 0.825413 0.282180 0.389767 1.723824 1.016498 0.764169 0.234318 -0.834042 -1.066487 -0.873494 -0.225089 1.111987 0.189287 -0.187434 0.034705 0.093450 0.104894 0.112075 2.863831 1.826773 -0.330824 -0.845990 -0.006602 -0.173532 -0.464687 -0.507056 -0.340386 -0.245101 -0.300900 -0.228847 -0.286982 -0.280881 -0.289200 -0.183037
0.009518 -0.651648 -0.797768 -0.020296 1.910646 1.073741 -0.669815 -0.572351 0.107594 0.669903 0.201511 -0.689824 -0.734654 -0.904136 -0.696534 -0.524704 0.011932 -0.493949 -0.787783 -1.208007 -1.328069 -1.326185 -0.295591 2.283673 1.814959 0.191651 -0.640296 -0.477361 -0.869458 -0.663470 -0.494544 -0.384869 -1.625385 -0.846727 -1.563786 -1.586368 -1.452744 -0.350944 0.948284 1.464176 0.894350 1.079155 4.117503 3.481742 2.642565 0.371896 -0.267638 -0.183037
0.382753 -0.676045 -0.395590 0.051806 0.657807 0.506080 0.350366 0.113912 0.288664 -0.134157 -0.356677 -0.556379 -0.460689 -0.507151 -0.354411 -0.190220 -1.364468 -0.346420 -0.699180 -0.638969 -0.039265 0.346982 0.118419 0.127652 0.031330 0.271599 0.625471 0.008421 0.175540 -0.025219 -0.089210 0.137619 -0.075574 -0.318553 0.291614 0.147998 0.282340 0.469587 0.250320 0.197056 -0.151573 -0.253037 -0.329897 -0.264428 -0.246918 -0.274023 -0.285795 -0.183037
-0.432056 -0.459960 0.801075 0.761737 0.036580 -0.164740 0.211350 0.177344 0.129879 -0.114684 -0.223654 -0.468687 -0.428903 -0.542499 -0.598425 -0.500925 -0.114013 -0.294422 0.708804 0.365475 0.044682 0.135063 0.075956 0.094913 -0.177307 -0.133100 -0.281365 -0.275338 -0.362451 -0.368400 -0.320422 -0.294304 -0.318278 0.513299 0.394881 -0.220964 0.011039 0.386875 0.233277 0.158958 -0.209956 -0.277835 -0.424137 -0.330507 -0.331951 -0.268412 -0.284661 -0.183037
-0.069335 -0.424411 -0.143920 0.389340 0.404918 0.328904 0.410022 -0.008956 -0.220422 -0.419756 -0.361769 -0.241196 -0.154939 -0.031312 0.000291 0.084026 -0.788719 -0.370605 -0.507475 -0.608865 0.460191 0.941873 0.485416 -0.084914 -0.260835 -0.201274 -0.081695 -0.097988 0.068505 0.019683 -0.060665 -0.178196 -0.167580 -0.409918 0.385803 0.399563 0.160278 0.196876 0.350250 0.305707 -0.093190 -0.172688 -0.257405 -0.296959 -0.347486 -0.284622 -0.290335 -0.183037
1.507715 0.504058 1.139102 1.428089 0.745769 0.066637 -0.456365 -0.686229 -0.764329 -0.625842 -0.387228 -0.486480 -0.242728 -0.218929 -0.243723 -0.201316 -0.554821 -0.114243 0.019310 0.313344 0.728339 0.341144 0.022373 -0.179335 -0.328314 -0.257051 -0.157760 -0.135000 0.074139 -0.082951 -0.106336 -0.213028 1.239465 0.678190 1.202292 0.213855 -0.355145 -0.480407 -0.478631 -0.505645 -0.342870 -0.314538 -0.454946 -0.355922 -0.358933 -0.282752 -0.286930 -0.180030
2.128021 1.668825 2.001030 1.650735 0.125152 -0.318021 -0.702653 -0.820085 -0.946096 -0.821380 -0.555894 -0.588152 -0.391063 -0.240681 -0.107880 0.076100 -1.841260 0.120353 0.775659 1.385338 0.818326 -0.131149 -0.460891 -0.614430 -0.460353 -0.259530 0.025272 -0.092591 0.214974 0.224949 0.030678 -0.106209 1.501203 1.472627 1.215910 -0.297456 -0.603559 -0.638640 -0.583209 -0.518344 -0.357777 -0.245101 -0.329897 -0.330507 -0.341763 -0.285246 -0.290335 -0.183037
1.166021 2.637722 1.191739 0.760944 0.505707 -0.047595 -0.694443 -0.761148 -0.895954 -0.836796 -0.548893 -0.622466 -0.406199 -0.447331 -0.289005 -0.239362 -0.293935 1.959628 1.483678 1.373590 0.905897 0.117549 -0.588784 -0.862106 -0.701453 -0.610931 -0.460831 -0.310807 -0.365268 -0.172755 -0.117754 -0.222317 1.893018 2.082594 1.228960 -0.254915 -0.979756 -0.962297 -0.734267 -0.665093 -0.429824 -0.312554 -0.404202 -0.304076 -0.347486 -0.285246 -0.290335 -0.183037
0.298643 -0.420228 0.049356 0.634171 0.853277 0.881412 0.329568 -0.197753 -0.427260 -0.514685 -0.426053 -0.523336 -0.448580 -0.667576 -0.605972 -0.504096 -4.216224 -0.155357 -0.676627 -0.942945 -0.805059 -0.392107 0.038043 0.298938 0.212976 0.614324 1.165057 0.333818 1.254339 0.799054 0.427449 0.437178 -0.332554 -0.416009 -0.078331 0.156588 0.398203 0.436622 0.410673 0.504665 0.131646 -0.063574 -0.125106 -0.269511 -0.333586 -0.282128 -0.290335 -0.183037
0.424807 1.741318 1.037941 0.871871 0.321233 -0.155415 -0.393425 -0.598823 -0.682151 -0.572292 -0.436237 -0.454707 -0.315382 -0.365759 -0.278942 -0.160100 0.011932 3.242647 1.322582 1.104857 0.446301 -0.153917 -0.510936 -0.749181 -0.625220 -0.525405 -0.434683 -0.316205 -0.427235 -0.304254 -0.171989 -0.164263 2.367321 2.073892 0.564534 -0.437760 -0.739448 -0.682393 -0.581660 -0.545154 -0.426097 -0.341320 -0.402389 -0.309159 -0.326228 -0.248461 -0.255155 -0.183037
2.017628 2.154668 2.229672 0.954274 -0.072761 -0.574459 -0.681308 -0.857545 -0.902918 -0.763773 -0.474425 -0.448353 -0.210942 -0.061222 0.113494 0.204503 -1.256515 0.899112 2.252914 1.681238 0.161846 -0.351825 -0.705556 -0.870173 -0.589475 -0.402694 -0.123293 -0.075627 0.445944 0.398143 0.244763 -0.062087 2.716306 1.962079 1.005972 -0.525296 -0.988339 -0.907155 -0.632787 -0.430859 -0.204987 -0.178640 -0.219346 -0.289843 -0.341763 -0.283999 -0.290335 -0.183037
1.891464 0.369527 1.805287 2.156243 0.933297 -0.114035 -0.580056 -0.823082 -0.969078 -0.847344 -0.513250 -0.607215 -0.348682 -0.433736 -0.374535 -0.272652 -2.210099 -0.155357 -0.226362 0.667983 1.174046 1.088990 0.179585 -0.435078 -0.539869 -0.510531 -0.454888 -0.286133 -0.387801 -0.323497 -0.297586 -0.236250 1.812117 0.932706 1.671532 0.067416 -0.623585 -0.762708 -0.680041 -0.621351 -0.413675 -0.348264 -0.445885 -0.323391 -0.336857 -0.287116 -0.290335 -0.183037
1.691704 1.447861 1.625171 0.801353 0.671246 0.455375 -0.959340 -1.034854 -0.982310 -0.749980 -0.414597 -0.340327 -0.227592 -0.042189 0.035510 -0.057060 -0.167990 0.026031 1.155847 1.657742 1.248934 1.230853 -0.833449 -1.071825 -0.725162 -0.564450 -0.388331 -0.285362 -0.308933 -0.169547 -0.231933 -0.289660 2.437118 1.580089 1.802602 -0.220146 -1.054614 -0.956903 -0.744338 -0.697547 -0.450941 -0.292715 -0.442260 -0.363038 -0.364656 -0.287116 -0.290335 -0.183037
